PADEREWSKIEGO - CHOINY - ZWIĄZKOWA - AL. SPÓŁDZIELCZOŚCI PRACY - LUBARTOWSKA - 3 MAJA - AL. RACŁAWICKIE - AL. WARSZAWSKA - ZBOŻOWA - SŁAWINKOWSKA - SŁAWINKOWSKA

DZIEŃ POWSZEDNI, ROK SZKOLNY

5	15 29 40. 50 59
6	13 23. 35 49
7	04 16 24. 32 40 51.
8	05 22. 33 48 54
9	11 17. 28 40 54.
10	01 11. 21 34 47 59
11	08. 17 28 38. 50 58.
12	11 26 40 47 54.
13	04 14 23. 35 47. 59
14	12 24 36 44. 53
15	02 13. 26 38. 55
16	06 14 26 34. 43 53
17	05. 17 36. 51
18	14 30 39. 49 59.
19	11 30. 42 59
20	24 42.
21	04 23 51
22	29

SOBOTA, ROK SZKOLNY

5	20 43 56.
6	13 30 47
7	14 29. 56
8	12 31 53
9	15. 43
10	03 25 47
11	09. 31 56
12	21 37 59.
13	23 43
14	05 25 47.
15	09 29 48
16	09 29.
17	00 16 34
18	00 14. 36
19	01 26 51.
20	08 31
21	05 40
22	26

DZIEŃ ŚWIĄTECZNY, ROK SZKOLNY

5	42
6	14 42
7	16
8	00 27
9	06 34
10	16 49
11	26
12	00 26
13	09 44
14	15 54
15	37
16	04 33
17	15 54
18	32
19	01 33
20	11 46
21	46
22	23

WIELKANOC,BOŻE NARODZENIE,NOWY ROK

5	00
6	14 58
7	50
8	44
9	39
10	29
11	24
12	16
13	09 59
14	54
15	44
16	39
17	34
18	23
19	08 56
20	41
21	
22	19

