PADEREWSKIEGO - CHOINY - ZWIĄZKOWA - AL. SPÓŁDZIELCZOŚCI PRACY - LUBARTOWSKA - 3 MAJA - AL. RACŁAWICKIE - AL. WARSZAWSKA - ZBOŻOWA - SŁAWINKOWSKA - SŁAWINKOWSKA

DZIEŃ POWSZEDNI, ROK SZKOLNY

5	01 15 26. 36 45 59
6	09. 20 30 45 57
7	05. 13 21 32. 46
8	03. 14 29 35 52 58.
9	09 21 35. 42 52.
10	02 15 28 40 49. 58
11	09 19. 31 39. 52
12	07 21 28 35. 45 55
13	04. 16 28. 40 52
14	04 16 24. 33 42 53.
15	06 18. 35 46 54
16	06 14. 23 33 45. 57
17	16. 31 57
18	14 23. 33 43. 55
19	14. 26 43
20	08 26. 48
21	07 35
22	15

SOBOTA, ROK SZKOLNY

5	06 29 42. 59
6	16 33 56
7	10. 37 53
8	12 34 56.
9	24 44
10	06 28 50.
11	12 37
12	02 18 40.
13	04 24 46
14	06 28. 50
15	10 29 50
16	10. 41 57
17	15 41 57.
18	20 45
19	10 35. 52
20	15 49
21	24
22	12

DZIEŃ ŚWIĄTECZNY, ROK SZKOLNY

5	28
6	00 28 58
7	41
8	08 47
9	15 57
10	30
11	07 41
12	07 50
13	25 56
14	35
15	18 45
16	14 56
17	35
18	16 45
19	17 55
20	30
21	30
22	09

WIELKANOC,BOŻE NARODZENIE,NOWY ROK

5	
6	00 44
7	31
8	25
9	20
10	10
11	05 57
12	50
13	40
14	35
15	25
16	20
17	15
18	07 52
19	40
20	25
21	
22	05

