PADEREWSKIEGO - CHOINY - ZWIĄZKOWA - AL. SPÓŁDZIELCZOŚCI PRACY - LUBARTOWSKA - 3 MAJA - AL. RACŁAWICKIE - AL. WARSZAWSKA - ZBOŻOWA - SŁAWINKOWSKA - SŁAWINKOWSKA

DZIEŃ POWSZEDNI, ROK SZKOLNY

5	11 25 36. 46 55
6	09 19. 30 44 59
7	11 19. 27 35 46.
8	00 17. 28 43 49
9	06 12. 23 35 49. 56
10	06. 16 29 42 54
11	03. 12 23 33. 45 53.
12	06 21 35 42 49. 59
13	09 18. 30 42. 54
14	06 18 30 38. 47 56
15	07. 20 32. 49
16	00 08 20 28. 37 47 59.
17	11 30. 45
18	10 26 35. 45 55.
19	07 26. 38 55
20	20 38.
21	00 19 47
22	25

SOBOTA, ROK SZKOLNY

5	16 39 52.
6	09 26 43
7	09 24. 51
8	07 26 48
9	10. 38 58
10	20 42
11	04. 26 51
12	16 32 54.
13	18 38
14	00 20 42.
15	04 24 43
16	04 24. 55
17	11 29 55
18	10. 32 57
19	22 47.
20	04 27
21	01 36
22	22

DZIEŃ ŚWIĄTECZNY, ROK SZKOLNY

5	38
6	10 38
7	11 55
8	22
9	01 29
10	11 44
11	21 55
12	21
13	04 39
14	10 49
15	32 59
16	28
17	10 49
18	28 57
19	29
20	07 42
21	42
22	19

WIELKANOC,BOŻE NARODZENIE,NOWY ROK

5	
6	10 54
7	45
8	39
9	34
10	24
11	19
12	11
13	04 54
14	49
15	39
16	34
17	29
18	19
19	04 52
20	37
21	
22	15

