PADEREWSKIEGO - CHOINY - ZWIĄZKOWA - AL. SPÓŁDZIELCZOŚCI PRACY - LUBARTOWSKA - 3 MAJA - AL. RACŁAWICKIE - AL. WARSZAWSKA - ZBOŻOWA - SŁAWINKOWSKA - SŁAWINKOWSKA

DZIEŃ POWSZEDNI, ROK SZKOLNY

5	30 44 55.
6	05 14 28 39. 54
7	08 23 35 43. 51 59
8	10. 24 41. 52
9	07 13 30 36. 47 59
10	13. 20 30. 40 53
11	06 18 27. 36 47 57.
12	09 17. 30 45 59
13	06 13. 23 33 42. 54
14	06. 18 32 44 56
15	04. 13 22 33. 46 58.
16	15 26 34 46 54.
17	03 13 25. 37 56.
18	10 31 47 56.
19	06 16. 28 47. 59
20	16 41 59.
21	21 40
22	08 44

SOBOTA, ROK SZKOLNY

5	35 58
6	11. 28 45
7	02 33 48.
8	15 31 50
9	12 34.
10	02 22 44
11	06 28. 50
12	15 40 56
13	18. 42
14	02 24 44
15	06. 28 48
16	07 28 48.
17	19 35 53
18	16 30. 52
19	17 42
20	07. 24 47
21	21 56
22	41

DZIEŃ ŚWIĄTECZNY, ROK SZKOLNY

5	57
6	29 57
7	35
8	19 46
9	25 53
10	35
11	08 45
12	19 45
13	28
14	03 34
15	13 56
16	23 52
17	34
18	12 48
19	17 49
20	27
21	02
22	02 38

WIELKANOC,BOŻE NARODZENIE,NOWY ROK

5	15
6	29
7	16
8	09
9	03 58
10	48
11	43
12	35
13	28
14	18
15	13
16	03 58
17	53
18	39
19	24
20	12 57
21	
22	34

