PADEREWSKIEGO - CHOINY - ZWIĄZKOWA - AL. SPÓŁDZIELCZOŚCI PRACY - LUBARTOWSKA - 3 MAJA - AL. RACŁAWICKIE - AL. WARSZAWSKA - ZBOŻOWA - SŁAWINKOWSKA - SŁAWINKOWSKA

DZIEŃ POWSZEDNI, ROK SZKOLNY

5	26 40 51.
6	01 10 24 35. 50
7	04 19 31 39. 47 55
8	06. 20 37. 48
9	03 09 26 32. 43 55
10	09. 16 26. 36 49
11	02 14 23. 32 43 53.
12	05 13. 26 41 55
13	02 09. 19 29 38. 50
14	02. 14 28 40 52
15	00. 09 18 29. 42 54.
16	11 22 30 42 50. 59
17	09 21. 33 52.
18	06 27 43 52.
19	02 12. 24 43. 55
20	12 37 55.
21	17 36
22	04 40

SOBOTA, ROK SZKOLNY

5	31 54
6	07. 24 41 58
7	29 44.
8	11 27 46
9	08 30. 58
10	18 40
11	02 24. 46
12	11 36 52
13	14. 38 58
14	20 40
15	02. 24 44
16	03 24 44.
17	15 31 49
18	12 26. 48
19	13 38
20	03. 20 43
21	17 52
22	37

DZIEŃ ŚWIĄTECZNY, ROK SZKOLNY

5	53
6	25 53
7	31
8	15 42
9	21 49
10	31
11	04 41
12	15 41
13	24 59
14	30
15	09 52
16	19 48
17	30
18	08 44
19	13 45
20	23 58
21	58
22	34

WIELKANOC,BOŻE NARODZENIE,NOWY ROK

5	11
6	25
7	12
8	05 59
9	54
10	44
11	39
12	31
13	24
14	14
15	09 59
16	54
17	49
18	35
19	20
20	08 53
21	
22	30

