PADEREWSKIEGO - CHOINY - ZWIĄZKOWA - AL. SPÓŁDZIELCZOŚCI PRACY - LUBARTOWSKA - 3 MAJA - AL. RACŁAWICKIE - AL. WARSZAWSKA - ZBOŻOWA - SŁAWINKOWSKA - SŁAWINKOWSKA

DZIEŃ POWSZEDNI, ROK SZKOLNY

5	29 43 54.
6	04 13 27 38. 53
7	07 22 34 42. 50 58
8	09. 23 40. 51
9	06 12 29 35. 46 58
10	12. 19 29. 39 52
11	05 17 26. 35 46 56.
12	08 16. 29 44 58
13	05 12. 22 32 41. 53
14	05. 17 31 43 55
15	03. 12 21 32. 45 57.
16	14 25 33 45 53.
17	02 12 24. 36 55.
18	09 30 46 55.
19	05 15. 27 46. 58
20	15 40 58.
21	20 39
22	07 43

SOBOTA, ROK SZKOLNY

5	34 57
6	10. 27 44
7	01 32 47.
8	14 30 49
9	11 33.
10	01 21 43
11	05 27. 49
12	14 39 55
13	17. 41
14	01 23 43
15	05. 27 47
16	06 27 47.
17	18 34 52
18	15 29. 51
19	16 41
20	06. 23 46
21	20 55
22	40

DZIEŃ ŚWIĄTECZNY, ROK SZKOLNY

5	56
6	28 56
7	34
8	18 45
9	24 52
10	34
11	07 44
12	18 44
13	27
14	02 33
15	12 55
16	22 51
17	33
18	11 47
19	16 48
20	26
21	01
22	01 37

WIELKANOC,BOŻE NARODZENIE,NOWY ROK

5	14
6	28
7	15
8	08
9	02 57
10	47
11	42
12	34
13	27
14	17
15	12
16	02 57
17	52
18	38
19	23
20	11 56
21	
22	33

