PADEREWSKIEGO - CHOINY - ZWIĄZKOWA - AL. SPÓŁDZIELCZOŚCI PRACY - LUBARTOWSKA - 3 MAJA - AL. RACŁAWICKIE - AL. WARSZAWSKA - ZBOŻOWA - SŁAWINKOWSKA - SŁAWINKOWSKA

DZIEŃ POWSZEDNI, ROK SZKOLNY

5	03 17 28. 38 47
6	01 11. 22 33 48
7	00 08. 16 24 35. 49
8	06. 17 32 38 55
9	01. 12 24 38. 45 55.
10	05 18 31 43 52.
11	01 12 22. 34 42. 55
12	10 24 31 38. 48 58
13	07. 19 31. 43 55
14	07 19 27. 36 45 56.
15	09 21. 38 49 57
16	09 17. 26 36 48.
17	00 19. 34
18	00 16 25. 35 45. 57
19	16. 28 45
20	10 28. 50
21	09 37
22	17

SOBOTA, ROK SZKOLNY

5	08 31 44.
6	01 18 35 58
7	13. 40 56
8	15 37 59.
9	27 47
10	09 31 53.
11	15 40
12	05 21 43.
13	07 27 49
14	09 31. 53
15	13 32 53
16	13. 44
17	00 18 44
18	00. 22 47
19	12 37. 54
20	17 51
21	26
22	14

DZIEŃ ŚWIĄTECZNY, ROK SZKOLNY

5	30
6	02 30
7	00 44
8	11 50
9	18
10	00 33
11	10 44
12	10 53
13	28 59
14	38
15	21 48
16	17 59
17	38
18	18 47
19	19 57
20	32
21	32
22	11

WIELKANOC,BOŻE NARODZENIE,NOWY ROK

5	
6	02 46
7	34
8	28
9	23
10	13
11	08
12	00 53
13	43
14	38
15	28
16	23
17	18
18	09 54
19	42
20	27
21	
22	07

