PADEREWSKIEGO - CHOINY - ZWIĄZKOWA - AL. SPÓŁDZIELCZOŚCI PRACY - LUBARTOWSKA - 3 MAJA - AL. RACŁAWICKIE - AL. WARSZAWSKA - ZBOŻOWA - SŁAWINKOWSKA - SŁAWINKOWSKA

DZIEŃ POWSZEDNI, ROK SZKOLNY

5	05 19 30. 40 49
6	03 13. 24 35 50
7	02 10. 18 26 37. 51
8	08. 19 34 40 57
9	03. 14 26 40. 47 57.
10	07 20 33 45 54.
11	03 14 24. 36 44. 57
12	12 26 33 40. 50
13	00 09. 21 33. 45 57
14	09 21 29. 38 47 58.
15	11 23. 40 51 59
16	11 19. 28 38 50.
17	02 21. 36
18	02 18 27. 37 47. 59
19	18. 30 47
20	12 30. 52
21	11 39
22	19

SOBOTA, ROK SZKOLNY

5	10 33 46.
6	03 20 37
7	00 15. 42 58
8	17 39
9	01. 29 49
10	11 33 55.
11	17 42
12	07 23 45.
13	09 29 51
14	11 33. 55
15	15 34 55
16	15. 46
17	02 20 46
18	02. 24 49
19	14 39. 56
20	19 53
21	28
22	16

DZIEŃ ŚWIĄTECZNY, ROK SZKOLNY

5	32
6	04 32
7	02 46
8	13 52
9	20
10	02 35
11	12 46
12	12 55
13	30
14	01 40
15	23 50
16	19
17	01 40
18	20 49
19	21 59
20	34
21	34
22	13

WIELKANOC,BOŻE NARODZENIE,NOWY ROK

5	
6	04 48
7	36
8	30
9	25
10	15
11	10
12	02 55
13	45
14	40
15	30
16	25
17	20
18	11 56
19	44
20	29
21	
22	09

