NIEPODLEGŁOŚCI - AL. NIEPODLEGŁOŚCI - KORYZNOWEJ - LWOWSKA - AL. TYSIĄCLECIA - WODOPOJNA - KRÓLEWSKA - ZAMOJSKA - LUBELSKIEGO LIPCA 80 - KUNICKIEGO - NOWY ŚWIAT - WROTKOWSKA - DIAMENTOWA - ROMERA - ROMERA

DZIEŃ POWSZEDNI, ROK SZKOLNY

5	18 27 42 55
6	07 18 30 46
7	02 14 26 35 49
8	01 13 24 36 48
9	11 22 34 46 57
10	09 21 35 49
11	03 17 31 45 59
12	12 25 38 51
13	04 17 30 43 56
14	10 23 36 49
15	02 15 28 40 54
16	07 20 34 47
17	00 13 26 39 52
18	05 17 27 41 55
19	09 24 39 58
20	16 32 54
21	16 36 53
22	27 47

SOBOTA, ROK SZKOLNY

5	32 54
6	16 37 57
7	23 44
8	06 26 56
9	16 41
10	01 21 41
11	01 21 41
12	01 21 41
13	01 21 41
14	01 21 41
15	00 20 40
16	00 21 41
17	01 21 56
18	12 30 51
19	08 34
20	01 25 51
21	18
22	11 32

DZIEŃ ŚWIĄTECZNY, ROK SZKOLNY

5	40
6	05 32 57
7	32
8	03 37
9	04 36
10	03 30 54
11	21 49
12	16 42
13	09 36
14	02 29 56
15	22 49
16	16 43
17	19 43
18	15 37
19	03 30 58
20	23 50
21	18 43
22	09 32

WIGILIA I SYLWESTER

5	18 27 42 55
6	07 18 30 46
7	02 14 26 35 49
8	01 13 24 36 48
9	11 22 34 46 57
10	09 21 35 49
11	03 17 31 45 59
12	12 25 38 51
13	04 17 30 43 56
14	10 23 36 49
15	02 15 28 40 54
16	07 20 34 47
17	00 13 26 39 52
18	05 17 27 41 55
19	09 24 58
20	
21	
22	

WIELKANOC,BOŻE NARODZENIE,NOWY ROK

5	
6	48
7	32
8	12
9	09 49
10	29
11	09 53
12	30
13	07 49
14	29
15	09 49
16	29
17	24
18	03 37
19	17 58
20	38
21	18 58
22	

