NIEPODLEGŁOŚCI - AL. NIEPODLEGŁOŚCI - KORYZNOWEJ - LWOWSKA - AL. TYSIĄCLECIA - WODOPOJNA - KRÓLEWSKA - ZAMOJSKA - LUBELSKIEGO LIPCA 80 - KUNICKIEGO - NOWY ŚWIAT - WROTKOWSKA - DIAMENTOWA - ROMERA - ROMERA

DZIEŃ POWSZEDNI, ROK SZKOLNY

5	07 22 35 47 58
6	10 22 33 45 57
7	06 20 32 44 55
8	07 19 42 53
9	05 17 28 40 52
10	06 20 34 48
11	02 16 30 43 56
12	09 22 35 48
13	01 14 27 40 53
14	06 19 32 45 58
15	10 24 37 50
16	04 17 30 43 56
17	09 22 35 49
18	03 17 31 45
19	00 15 34 52
20	08 30 52
21	12 29
22	07 27

SOBOTA, ROK SZKOLNY

5	12 34 56
6	17 37 57
7	17 39 59
8	29 49
9	14 34 54
10	14 34 54
11	14 34 54
12	14 34 54
13	14 34 54
14	14 33 53
15	13 33 54
16	14 34 54
17	29 49
18	09 30 47
19	13 40
20	04 30 57
21	50
22	12

DZIEŃ ŚWIĄTECZNY, ROK SZKOLNY

5	20 45
6	12 37
7	05 36
8	10 37
9	09 36
10	03 27 54
11	22 49
12	15 42
13	09 35
14	02 29 55
15	22 49
16	16 52
17	16 52
18	16 42
19	09 37
20	02 29 57
21	22 48
22	12

WIGILIA I SYLWESTER

5	07 22 35 47 58
6	10 22 33 45 57
7	06 20 32 44 55
8	07 19 42 53
9	05 17 28 40 52
10	06 20 34 48
11	02 16 30 43 56
12	09 22 35 48
13	01 14 27 40 53
14	06 19 32 45 58
15	10 24 37 50
16	04 17 30 43 56
17	09 22 35 49
18	03 17 31 45
19	00 34
20	
21	
22	

WIELKANOC,BOŻE NARODZENIE,NOWY ROK

5	
6	28
7	05 45
8	42
9	22
10	02 42
11	26
12	03 40
13	22
14	02 42
15	22
16	02 57
17	37
18	16 56
19	37
20	17 57
21	37
22	

