NIEPODLEGŁOŚCI - AL. NIEPODLEGŁOŚCI - KORYZNOWEJ - LWOWSKA - AL. TYSIĄCLECIA - WODOPOJNA - KRÓLEWSKA - ZAMOJSKA - LUBELSKIEGO LIPCA 80 - KUNICKIEGO - NOWY ŚWIAT - WROTKOWSKA - DIAMENTOWA - ROMERA - ROMERA

DZIEŃ POWSZEDNI, ROK SZKOLNY

5	11 20 35 48
6	00 11 23 38 54
7	06 18 27 41 53
8	05 16 28 40
9	03 14 26 38 49
10	01 13 27 41 55
11	09 23 37 51
12	04 17 30 43 56
13	09 22 35 48
14	01 14 27 40 53
15	06 19 31 45 58
16	11 25 38 51
17	04 17 30 43 56
18	09 19 33 47
19	01 16 31 50
20	08 24 46
21	08 28 45
22	20 40

SOBOTA, ROK SZKOLNY

5	25 47
6	09 30 50
7	15 36 58
8	18 48
9	08 33 53
10	13 33 53
11	13 33 53
12	13 33 53
13	13 33 53
14	13 33 52
15	12 32 52
16	13 33 53
17	13 48
18	05 23 44
19	01 27 54
20	18 44
21	11
22	04 25

DZIEŃ ŚWIĄTECZNY, ROK SZKOLNY

5	33 58
6	25 50
7	24 55
8	29 56
9	28 55
10	22 46
11	13 41
12	08 34
13	01 28 54
14	21 48
15	14 41
16	08 35
17	11 35
18	08 30 56
19	23 51
20	16 43
21	11 36
22	02 25

WIGILIA I SYLWESTER

5	11 20 35 48
6	00 11 23 38 54
7	06 18 27 41 53
8	05 16 28 40
9	03 14 26 38 49
10	01 13 27 41 55
11	09 23 37 51
12	04 17 30 43 56
13	09 22 35 48
14	01 14 27 40 53
15	06 19 31 45 58
16	11 25 38 51
17	04 17 30 43 56
18	09 19 33 47
19	01 16 50
20	
21	
22	

WIELKANOC,BOŻE NARODZENIE,NOWY ROK

5	
6	41
7	24
8	04
9	01 41
10	21
11	01 45
12	22 59
13	41
14	21
15	01 41
16	21
17	16 56
18	30
19	10 51
20	31
21	11 51
22	

