NIEPODLEGŁOŚCI - AL. NIEPODLEGŁOŚCI - KORYZNOWEJ - LWOWSKA - AL. TYSIĄCLECIA - WODOPOJNA - KRÓLEWSKA - ZAMOJSKA - LUBELSKIEGO LIPCA 80 - KUNICKIEGO - NOWY ŚWIAT - WROTKOWSKA - DIAMENTOWA - ROMERA - ROMERA

DZIEŃ POWSZEDNI, ROK SZKOLNY

5	10 25 38 50
6	01 13 25 37 49
7	01 10 24 36 48 59
8	11 23 46 57
9	09 21 32 44 56
10	10 24 38 52
11	06 20 34 47
12	00 13 26 39 52
13	05 18 31 44 57
14	10 23 36 49
15	02 14 28 41 54
16	08 21 34 47
17	00 13 26 39 53
18	06 20 34 48
19	03 18 37 55
20	11 33 55
21	15 32
22	10 30

SOBOTA, ROK SZKOLNY

5	15 37 59
6	20 40
7	00 21 43
8	03 33 53
9	18 38 58
10	18 38 58
11	18 38 58
12	18 38 58
13	18 38 58
14	18 37 57
15	17 37 58
16	18 38 58
17	33 53
18	12 33 50
19	16 43
20	07 33
21	00 53
22	15

DZIEŃ ŚWIĄTECZNY, ROK SZKOLNY

5	23 48
6	15 40
7	09 40
8	14 41
9	13 40
10	07 31 58
11	26 53
12	19 46
13	13 39
14	06 33 59
15	26 53
16	20 56
17	20 56
18	19 45
19	12 40
20	05 32
21	00 25 51
22	15

WIGILIA I SYLWESTER

5	10 25 38 50
6	01 13 25 37 49
7	01 10 24 36 48 59
8	11 23 46 57
9	09 21 32 44 56
10	10 24 38 52
11	06 20 34 47
12	00 13 26 39 52
13	05 18 31 44 57
14	10 23 36 49
15	02 14 28 41 54
16	08 21 34 47
17	00 13 26 39 53
18	06 20 34 48
19	03 37
20	
21	
22	

WIELKANOC,BOŻE NARODZENIE,NOWY ROK

5	
6	31
7	09 49
8	46
9	26
10	06 46
11	30
12	07 44
13	26
14	06 46
15	26
16	06
17	01 41
18	19 59
19	40
20	20
21	00 40
22	

