NIEPODLEGŁOŚCI - AL. NIEPODLEGŁOŚCI - KORYZNOWEJ - LWOWSKA - AL. TYSIĄCLECIA - WODOPOJNA - KRÓLEWSKA - ZAMOJSKA - LUBELSKIEGO LIPCA 80 - KUNICKIEGO - NOWY ŚWIAT - WROTKOWSKA - DIAMENTOWA - ROMERA - ROMERA

DZIEŃ POWSZEDNI, ROK SZKOLNY

5	08 23 36 48 59
6	11 23 35 47 59
7	08 22 34 46 57
8	09 21 44 55
9	07 19 30 42 54
10	08 22 36 50
11	04 18 32 45 58
12	11 24 37 50
13	03 16 29 42 55
14	08 21 34 47
15	00 12 26 39 52
16	06 19 32 45 58
17	11 24 37 51
18	04 18 32 46
19	01 16 35 53
20	09 31 53
21	13 30
22	08 28

SOBOTA, ROK SZKOLNY

5	13 35 57
6	18 38 58
7	19 41
8	01 31 51
9	16 36 56
10	16 36 56
11	16 36 56
12	16 36 56
13	16 36 56
14	16 35 55
15	15 35 56
16	16 36 56
17	31 51
18	10 31 48
19	14 41
20	05 31 58
21	51
22	13

DZIEŃ ŚWIĄTECZNY, ROK SZKOLNY

5	21 46
6	13 38
7	07 38
8	12 39
9	11 38
10	05 29 56
11	24 51
12	17 44
13	11 37
14	04 31 57
15	24 51
16	18 54
17	18 54
18	17 43
19	10 38
20	03 30 58
21	23 49
22	13

WIGILIA I SYLWESTER

5	08 23 36 48 59
6	11 23 35 47 59
7	08 22 34 46 57
8	09 21 44 55
9	07 19 30 42 54
10	08 22 36 50
11	04 18 32 45 58
12	11 24 37 50
13	03 16 29 42 55
14	08 21 34 47
15	00 12 26 39 52
16	06 19 32 45 58
17	11 24 37 51
18	04 18 32 46
19	01 35
20	
21	
22	

WIELKANOC,BOŻE NARODZENIE,NOWY ROK

5	
6	29
7	07 47
8	44
9	24
10	04 44
11	28
12	05 42
13	24
14	04 44
15	24
16	04 59
17	39
18	17 57
19	38
20	18 58
21	38
22	

