NIEPODLEGŁOŚCI - AL. NIEPODLEGŁOŚCI - KORYZNOWEJ - LWOWSKA - AL. TYSIĄCLECIA - WODOPOJNA - KRÓLEWSKA - ZAMOJSKA - LUBELSKIEGO LIPCA 80 - KUNICKIEGO - NOWY ŚWIAT - WROTKOWSKA - DIAMENTOWA - ROMERA - ROMERA

DZIEŃ POWSZEDNI, ROK SZKOLNY

5	15 24 39 52
6	04 15 27 42 58
7	10 22 31 45 57
8	09 20 32 44
9	07 18 30 42 53
10	05 17 31 45 59
11	13 27 41 55
12	08 21 34 47
13	00 13 26 39 52
14	06 19 32 45 58
15	11 24 36 50
16	03 16 30 43 56
17	09 22 35 48
18	01 13 23 37 51
19	05 20 35 54
20	12 28 50
21	12 32 49
22	24 44

SOBOTA, ROK SZKOLNY

5	29 51
6	13 34 54
7	19 40
8	02 22 52
9	12 37 57
10	17 37 57
11	17 37 57
12	17 37 57
13	17 37 57
14	17 37 56
15	16 36 56
16	17 37 57
17	17 52
18	09 27 48
19	05 31 58
20	22 48
21	15
22	08 29

DZIEŃ ŚWIĄTECZNY, ROK SZKOLNY

5	37
6	02 29 54
7	28 59
8	33
9	00 32 59
10	26 50
11	17 45
12	12 38
13	05 32 58
14	25 52
15	18 45
16	12 39
17	15 39
18	12 34
19	00 27 55
20	20 47
21	15 40
22	06 29

WIGILIA I SYLWESTER

5	15 24 39 52
6	04 15 27 42 58
7	10 22 31 45 57
8	09 20 32 44
9	07 18 30 42 53
10	05 17 31 45 59
11	13 27 41 55
12	08 21 34 47
13	00 13 26 39 52
14	06 19 32 45 58
15	11 24 36 50
16	03 16 30 43 56
17	09 22 35 48
18	01 13 23 37 51
19	05 20 54
20	
21	
22	

WIELKANOC,BOŻE NARODZENIE,NOWY ROK

5	
6	45
7	28
8	08
9	05 45
10	25
11	05 49
12	26
13	03 45
14	25
15	05 45
16	25
17	20
18	00 34
19	14 55
20	35
21	15 55
22	

