NIEPODLEGŁOŚCI - AL. NIEPODLEGŁOŚCI - KORYZNOWEJ - LWOWSKA - AL. TYSIĄCLECIA - WODOPOJNA - KRÓLEWSKA - ZAMOJSKA - LUBELSKIEGO LIPCA 80 - KUNICKIEGO - NOWY ŚWIAT - WROTKOWSKA - DIAMENTOWA - ROMERA - ROMERA

DZIEŃ POWSZEDNI, ROK SZKOLNY

5	04 13 28 41 53
6	04 16 28 43 55
7	07 16 30 42 54
8	05 17 29 52
9	03 15 27 38 50
10	02 16 30 44 58
11	12 26 40 53
12	06 19 32 45 58
13	11 24 37 50
14	03 16 29 42 55
15	08 20 34 47
16	00 14 27 40 53
17	06 19 32 45 59
18	10 24 38 52
19	07 22 41 59
20	15 37 59
21	19 36
22	13 33

SOBOTA, ROK SZKOLNY

5	18 40
6	02 23 43
7	05 26 48
8	08 38 58
9	23 43
10	03 23 43
11	03 23 43
12	03 23 43
13	03 23 43
14	03 23 42
15	02 22 42
16	03 23 43
17	03 38 58
18	16 37 54
19	20 47
20	11 37
21	04 57
22	18

DZIEŃ ŚWIĄTECZNY, ROK SZKOLNY

5	26 51
6	18 43
7	14 45
8	19 46
9	18 45
10	12 36
11	03 31 58
12	24 51
13	18 44
14	11 38
15	04 31 58
16	25
17	01 25
18	01 23 49
19	16 44
20	09 36
21	04 29 55
22	18

WIGILIA I SYLWESTER

5	04 13 28 41 53
6	04 16 28 43 55
7	07 16 30 42 54
8	05 17 29 52
9	03 15 27 38 50
10	02 16 30 44 58
11	12 26 40 53
12	06 19 32 45 58
13	11 24 37 50
14	03 16 29 42 55
15	08 20 34 47
16	00 14 27 40 53
17	06 19 32 45 59
18	10 24 38 52
19	07 41
20	
21	
22	

WIELKANOC,BOŻE NARODZENIE,NOWY ROK

5	
6	34
7	14 54
8	51
9	31
10	11 51
11	35
12	12 49
13	31
14	11 51
15	31
16	11
17	06 46
18	23
19	03 44
20	24
21	04 44
22	

