NIEPODLEGŁOŚCI - AL. NIEPODLEGŁOŚCI - KORYZNOWEJ - LWOWSKA - AL. TYSIĄCLECIA - WODOPOJNA - KRÓLEWSKA - ZAMOJSKA - LUBELSKIEGO LIPCA 80 - KUNICKIEGO - NOWY ŚWIAT - WROTKOWSKA - DIAMENTOWA - ROMERA - ROMERA

DZIEŃ POWSZEDNI, ROK SZKOLNY

5	16 25 40 53
6	05 16 28 43 59
7	11 23 32 46 58
8	10 21 33 45
9	08 19 31 43 54
10	06 18 32 46
11	00 14 28 42 56
12	09 22 35 48
13	01 14 27 40 53
14	07 20 33 46 59
15	12 25 37 51
16	04 17 31 44 57
17	10 23 36 49
18	02 14 24 38 52
19	06 21 36 55
20	13 29 51
21	13 33 50
22	25 45

SOBOTA, ROK SZKOLNY

5	30 52
6	14 35 55
7	20 41
8	03 23 53
9	13 38 58
10	18 38 58
11	18 38 58
12	18 38 58
13	18 38 58
14	18 38 57
15	17 37 57
16	18 38 58
17	18 53
18	10 28 49
19	06 32 59
20	23 49
21	16
22	09 30

DZIEŃ ŚWIĄTECZNY, ROK SZKOLNY

5	38
6	03 30 55
7	29
8	00 34
9	01 33
10	00 27 51
11	18 46
12	13 39
13	06 33 59
14	26 53
15	19 46
16	13 40
17	16 40
18	13 35
19	01 28 56
20	21 48
21	16 41
22	07 30

WIGILIA I SYLWESTER

5	16 25 40 53
6	05 16 28 43 59
7	11 23 32 46 58
8	10 21 33 45
9	08 19 31 43 54
10	06 18 32 46
11	00 14 28 42 56
12	09 22 35 48
13	01 14 27 40 53
14	07 20 33 46 59
15	12 25 37 51
16	04 17 31 44 57
17	10 23 36 49
18	02 14 24 38 52
19	06 21 55
20	
21	
22	

WIELKANOC,BOŻE NARODZENIE,NOWY ROK

5	
6	46
7	29
8	09
9	06 46
10	26
11	06 50
12	27
13	04 46
14	26
15	06 46
16	26
17	21
18	01 35
19	15 56
20	36
21	16 56
22	

