ROMERA - ROMERA - DIAMENTOWA - WROTKOWSKA - NOWYŚWIAT - KUNICKIEGO - LUBELSKIEGO LIPCA 80 - ZAMOJSKA - LUBARTOWSKA - AL. TYSIĄCLECIA - LWOWSKA - KORYZNOWEJ - AL. NIEPODLEGŁOŚCI - NIEPODLEGŁOŚCI

DZIEŃ POWSZEDNI, ROK SZKOLNY

5	08 19 31 43 54
6	06 18 30 41 56
7	05 16 28 40 52
8	03 27 38 50
9	02 13 27 41 55
10	09 23 37 51
11	04 17 30 43 56
12	09 22 35 48
13	01 14 27 40 53
14	06 19 32 45 58
15	11 24 37 50
16	04 17 30 44 56
17	11 24 37 50
18	03 16 29 43
19	01 17 35 53
20	10 22 34 53
21	11 34 59
22	14 39

SOBOTA, ROK SZKOLNY

5	04 20 39 58
6	14 37
7	01 21 41
8	01 36 56
9	16 36 56
10	16 36 56
11	16 36 56
12	16 36 56
13	16 36 56
14	13 36 56
15	14 34 54
16	14 36 56
17	26 46
18	11 31 51
19	11 27 53
20	19 46
21	12 41
22	26

DZIEŃ ŚWIĄTECZNY, ROK SZKOLNY

5	38
6	01 31 57
7	20 51
8	27 57
9	24 51
10	19 46
11	10 37
12	04 31 57
13	23 51
14	17 44
15	11 37
16	04 32
17	07 40
18	07 30 56
19	28 50
20	20 44
21	13 39
22	14 26 44

WIGILIA I SYLWESTER

5	08 19 31 43 54
6	06 18 30 41 56
7	05 16 28 40 52
8	03 27 38 50
9	02 13 27 41 55
10	09 23 37 51
11	04 17 30 43 56
12	09 22 35 48
13	01 14 27 40 53
14	06 19 32 45 58
15	11 24 37 50
16	04 17 30 44 56
17	11 24 37 50
18	03 16 29 43
19	01 17 35
20	22
21	
22	

WIELKANOC,BOŻE NARODZENIE,NOWY ROK

5	
6	
7	11 51
8	44
9	24
10	04 41
11	24
12	05 46
13	22
14	04 44
15	24
16	04 58
17	39
18	19
19	00 40
20	19 59
21	39
22	14

