ROMERA - ROMERA - DIAMENTOWA - WROTKOWSKA - NOWYŚWIAT - KUNICKIEGO - LUBELSKIEGO LIPCA 80 - ZAMOJSKA - LUBARTOWSKA - AL. TYSIĄCLECIA - LWOWSKA - KORYZNOWEJ - AL. NIEPODLEGŁOŚCI - NIEPODLEGŁOŚCI

DZIEŃ POWSZEDNI, ROK SZKOLNY

5	17 28 40 52
6	03 15 27 43 54
7	09 18 29 41 53
8	05 16 40 51
9	03 15 26 40 54
10	08 22 36 50
11	04 17 30 43 56
12	09 22 35 48
13	01 14 27 40 53
14	07 20 33 46 59
15	12 25 38 51
16	04 18 31 44 58
17	10 25 38 51
18	04 14 27 40 54
19	12 28 46
20	04 21 33 45
21	04 22 45
22	09 23 48

SOBOTA, ROK SZKOLNY

5	13 29 48
6	07 23 46
7	14 34 54
8	14 49
9	09 29 49
10	09 29 49
11	09 29 49
12	09 29 49
13	09 29 49
14	09 26 49
15	09 27 47
16	07 27 49
17	09 39 59
18	22 42
19	02 22 38
20	04 30 57
21	23 52
22	35

DZIEŃ ŚWIĄTECZNY, ROK SZKOLNY

5	47
6	10 40
7	08 33
8	04 40
9	10 37
10	04 32 59
11	23 50
12	17 44
13	10 36
14	04 30 57
15	24 50
16	17 45
17	20 53
18	18 41
19	07 39
20	01 31 55
21	24 50
22	23 35 53

WIGILIA I SYLWESTER

5	17 28 40 52
6	03 15 27 43 54
7	09 18 29 41 53
8	05 16 40 51
9	03 15 26 40 54
10	08 22 36 50
11	04 17 30 43 56
12	09 22 35 48
13	01 14 27 40 53
14	07 20 33 46 59
15	12 25 38 51
16	04 18 31 44 58
17	10 25 38 51
18	04 14 27 40 54
19	12 28 46
20	33
21	
22	

WIELKANOC,BOŻE NARODZENIE,NOWY ROK

5	
6	
7	24
8	04 57
9	37
10	17 54
11	37
12	18 59
13	35
14	17 57
15	37
16	17
17	11 52
18	30
19	11 51
20	30
21	10 50
22	23

