ROMERA - ROMERA - DIAMENTOWA - WROTKOWSKA - NOWYŚWIAT - KUNICKIEGO - LUBELSKIEGO LIPCA 80 - ZAMOJSKA - LUBARTOWSKA - AL. TYSIĄCLECIA - LWOWSKA - KORYZNOWEJ - AL. NIEPODLEGŁOŚCI - NIEPODLEGŁOŚCI

DZIEŃ POWSZEDNI, ROK SZKOLNY

5	21 32 44 56
6	07 19 31 48 59
7	14 23 34 46 58
8	10 21 45 56
9	08 20 31 45 59
10	13 27 41 55
11	09 22 35 48
12	01 14 27 40 53
13	06 19 32 45 58
14	12 25 38 51
15	04 17 30 43 56
16	09 23 36 49
17	03 15 30 43 56
18	08 18 31 44 58
19	16 32 50
20	08 25 37 49
21	08 26 49
22	13 27 52

SOBOTA, ROK SZKOLNY

5	17 33 52
6	11 27 50
7	19 39 59
8	19 54
9	14 34 54
10	14 34 54
11	14 34 54
12	14 34 54
13	14 34 54
14	14 31 54
15	14 32 52
16	12 32 54
17	14 44
18	04 26 46
19	06 26 42
20	08 34
21	01 27 56
22	39

DZIEŃ ŚWIĄTECZNY, ROK SZKOLNY

5	51
6	14 44
7	13 38
8	09 45
9	15 42
10	09 37
11	04 28 55
12	22 49
13	15 41
14	09 35
15	02 29 55
16	22 50
17	25 58
18	22 45
19	11 43
20	05 35 59
21	28 54
22	27 39 57

WIGILIA I SYLWESTER

5	21 32 44 56
6	07 19 31 48 59
7	14 23 34 46 58
8	10 21 45 56
9	08 20 31 45 59
10	13 27 41 55
11	09 22 35 48
12	01 14 27 40 53
13	06 19 32 45 58
14	12 25 38 51
15	04 17 30 43 56
16	09 23 36 49
17	03 15 30 43 56
18	08 18 31 44 58
19	16 32 50
20	37
21	
22	

WIELKANOC,BOŻE NARODZENIE,NOWY ROK

5	
6	
7	29
8	09
9	02 42
10	22 59
11	42
12	23
13	04 40
14	22
15	02 42
16	22
17	16 57
18	34
19	15 55
20	34
21	14 54
22	27

