ROMERA - ROMERA - DIAMENTOWA - WROTKOWSKA - NOWYŚWIAT - KUNICKIEGO - LUBELSKIEGO LIPCA 80 - ZAMOJSKA - LUBARTOWSKA - AL. TYSIĄCLECIA - LWOWSKA - KORYZNOWEJ - AL. NIEPODLEGŁOŚCI - NIEPODLEGŁOŚCI

DZIEŃ POWSZEDNI, ROK SZKOLNY

5	24 35 47 59
6	10 22 36 53
7	04 19 28 39 51
8	03 15 26 50
9	01 13 25 36 50
10	04 18 32 46
11	00 14 27 40 53
12	06 19 32 45 58
13	11 24 37 50
14	04 18 31 44 57
15	10 23 36 49
16	02 15 29 42 55
17	09 21 36 49
18	02 13 23 36 49
19	03 21 37 55
20	13 30 42 54
21	13 31 54
22	16 30 55
23	

SOBOTA, ROK SZKOLNY

5	20 36 55
6	14 30 53
7	24 44
8	04 24 59
9	19 39 59
10	19 39 59
11	19 39 59
12	19 39 59
13	19 39 59
14	19 36 59
15	19 37 57
16	17 37 59
17	19 49
18	08 30 50
19	10 30 46
20	12 38
21	05 31
22	00 42
23	

DZIEŃ ŚWIĄTECZNY, ROK SZKOLNY

5	54
6	17 47
7	18 43
8	14 50
9	20 47
10	14 42
11	09 33
12	00 27 54
13	20 46
14	14 40
15	07 34
16	00 27 55
17	30
18	03 26 49
19	15 47
20	09 39
21	03 32 58
22	30 42
23	00

WIGILIA I SYLWESTER

5	24 35 47 59
6	10 22 36 53
7	04 19 28 39 51
8	03 15 26 50
9	01 13 25 36 50
10	04 18 32 46
11	00 14 27 40 53
12	06 19 32 45 58
13	11 24 37 50
14	04 18 31 44 57
15	10 23 36 49
16	02 15 29 42 55
17	09 21 36 49
18	02 13 23 36 49
19	03 21 37 55
20	42
21	
22	
23	

WIELKANOC,BOŻE NARODZENIE,NOWY ROK

5	
6	
7	34
8	14
9	07 47
10	27
11	04 47
12	28
13	09 45
14	27
15	07 47
16	27
17	21
18	02 38
19	19 59
20	38
21	18 58
22	30
23	

