ROMERA - ROMERA - DIAMENTOWA - WROTKOWSKA - NOWYŚWIAT - KUNICKIEGO - LUBELSKIEGO LIPCA 80 - ZAMOJSKA - LUBARTOWSKA - AL. TYSIĄCLECIA - LWOWSKA - KORYZNOWEJ - AL. NIEPODLEGŁOŚCI - NIEPODLEGŁOŚCI

DZIEŃ POWSZEDNI, ROK SZKOLNY

5	11 22 34 46 57
6	09 21 35 46
7	01 10 21 33 45 57
8	08 32 43 55
9	07 18 32 46
10	00 14 28 42 56
11	09 22 35 48
12	01 14 27 40 53
13	06 19 32 45 58
14	11 24 37 50
15	03 16 29 42 55
16	09 22 35 49
17	01 16 29 42 55
18	07 20 33 47
19	05 21 39 57
20	14 26 38 57
21	15 38
22	03 17 42

SOBOTA, ROK SZKOLNY

5	07 23 42
6	01 17 40
7	06 26 46
8	06 41
9	01 21 41
10	01 21 41
11	01 21 41
12	01 21 41
13	01 21 41
14	01 18 41
15	01 19 39 59
16	19 41
17	01 31 51
18	15 35 55
19	15 31 57
20	23 50
21	16 45
22	29

DZIEŃ ŚWIĄTECZNY, ROK SZKOLNY

5	41
6	04 34
7	00 25 56
8	32
9	02 29 56
10	24 51
11	15 42
12	09 36
13	02 28 56
14	22 49
15	16 42
16	09 37
17	12 45
18	11 34
19	00 32 54
20	24 48
21	17 43
22	17 29 47

WIGILIA I SYLWESTER

5	11 22 34 46 57
6	09 21 35 46
7	01 10 21 33 45 57
8	08 32 43 55
9	07 18 32 46
10	00 14 28 42 56
11	09 22 35 48
12	01 14 27 40 53
13	06 19 32 45 58
14	11 24 37 50
15	03 16 29 42 55
16	09 22 35 49
17	01 16 29 42 55
18	07 20 33 47
19	05 21 39
20	26
21	
22	

WIELKANOC,BOŻE NARODZENIE,NOWY ROK

5	
6	
7	16 56
8	49
9	29
10	09 46
11	29
12	10 51
13	27
14	09 49
15	29
16	09
17	03 44
18	23
19	04 44
20	23
21	03 43
22	17

