ROMERA - ROMERA - DIAMENTOWA - WROTKOWSKA - NOWYŚWIAT - KUNICKIEGO - LUBELSKIEGO LIPCA 80 - ZAMOJSKA - LUBARTOWSKA - AL. TYSIĄCLECIA - LWOWSKA - KORYZNOWEJ - AL. NIEPODLEGŁOŚCI - NIEPODLEGŁOŚCI

DZIEŃ POWSZEDNI, ROK SZKOLNY

5	12 23 35 47 58
6	10 22 36 47
7	02 11 22 34 46 58
8	09 33 44 56
9	08 19 33 47
10	01 15 29 43 57
11	10 23 36 49
12	02 15 28 41 54
13	07 20 33 46 59
14	12 25 38 51
15	04 17 30 43 56
16	10 23 36 50
17	02 17 30 43 56
18	08 21 34 48
19	06 22 40 58
20	15 27 39 58
21	16 39
22	04 18 43

SOBOTA, ROK SZKOLNY

5	08 24 43
6	02 18 41
7	07 27 47
8	07 42
9	02 22 42
10	02 22 42
11	02 22 42
12	02 22 42
13	02 22 42
14	02 19 42
15	02 20 40
16	00 20 42
17	02 32 52
18	16 36 56
19	16 32 58
20	24 51
21	17 46
22	30

DZIEŃ ŚWIĄTECZNY, ROK SZKOLNY

5	42
6	05 35
7	01 26 57
8	33
9	03 30 57
10	25 52
11	16 43
12	10 37
13	03 29 57
14	23 50
15	17 43
16	10 38
17	13 46
18	12 35
19	01 33 55
20	25 49
21	18 44
22	18 30 48

WIGILIA I SYLWESTER

5	12 23 35 47 58
6	10 22 36 47
7	02 11 22 34 46 58
8	09 33 44 56
9	08 19 33 47
10	01 15 29 43 57
11	10 23 36 49
12	02 15 28 41 54
13	07 20 33 46 59
14	12 25 38 51
15	04 17 30 43 56
16	10 23 36 50
17	02 17 30 43 56
18	08 21 34 48
19	06 22 40
20	27
21	
22	

WIELKANOC,BOŻE NARODZENIE,NOWY ROK

5	
6	
7	17 57
8	50
9	30
10	10 47
11	30
12	11 52
13	28
14	10 50
15	30
16	10
17	04 45
18	24
19	05 45
20	24
21	04 44
22	18

