OS. SZYMANOWSKIEGO - KONCERTOWA - AL. KOMPOZYTORÓW  - AL. SOLIDARNOŚCI - AL. TYSIĄCLECIA - LWOWSKA - AL. ANDERSA - MEŁGIEWSKA - GOSPODARCZA - ŁĘCZYŃSKA - WOLSKA - PLAC DWORCOWY - DWORZEC GŁ. PKP

DZIEŃ POWSZEDNI, ROK SZKOLNY

5	06 24 36 45 57
6	03 09 21 40 50
7	05 17 29 37 43 55
8	07 19 31 51
9	01 08 15 29 41 53
10	06 15 32 39 45 58
11	11 24 37 48
12	03 10 16 27 42 56
13	11 22 35 42 48
14	01 15 28 44 58
15	12 19 25 39 53
16	07 19 36 46 55
17	01 14 27 54
18	05 18 31 38 44 58
19	12 24 37 48 57
20	06 12 24 36 49
21	00 11 28 49
22	08 19

SOBOTA, ROK SZKOLNY

5	29 34 54
6	22 43 48
7	07 31 54
8	10 15 38
9	00 22 44 50
10	06 32 50
11	16 21 39
12	02 25 48 53
13	13 33 57
14	20 25 43
15	04 33 52
16	00 15 38
17	01 24 29 47
18	10 32 55
19	00 19 42
20	13 43
21	08 38
22	06 24

DZIEŃ ŚWIĄTECZNY, ROK SZKOLNY

5	29 54
6	22 43
7	07 30 53
8	10 38
9	00 23 44
10	06 26 50
11	16 39
12	02 22 48
13	15 36 57
14	20 43
15	04 29 54
16	15 38
17	00 24 47
18	10 32 55
19	23 42 54
20	43
21	08 38
22	06 24

WIGILIA I SYLWESTER

5	06 24 36 45 57
6	03 09 21 40 50
7	05 17 29 37 43 55
8	07 19 31 51
9	01 08 15 29 41 53
10	06 15 32 39 45 58
11	11 24 37 48
12	03 10 16 27 42 56
13	11 22 35 42 48
14	01 15 28 44 58
15	12 19 25 39 53
16	07 19 36 46 55
17	01 14 27 54
18	05 18 31 38 44 58
19	12 37 57
20	36
21	
22	08

WIELKANOC,BOŻE NARODZENIE,NOWY ROK

5	47
6	29
7	06 51
8	43
9	34
10	20
11	06 52
12	38
13	24
14	10 56
15	42
16	28
17	14
18	11 54
19	37
20	19
21	02 45
22	19

