OS. SZYMANOWSKIEGO - KONCERTOWA - AL. KOMPOZYTORÓW  - AL. SOLIDARNOŚCI - AL. TYSIĄCLECIA - LWOWSKA - AL. ANDERSA - MEŁGIEWSKA - GOSPODARCZA - ŁĘCZYŃSKA - WOLSKA - PLAC DWORCOWY - DWORZEC GŁ. PKP

DZIEŃ POWSZEDNI, ROK SZKOLNY

5	17 35 47 56
6	08 14 20 33 54
7	04 19 31 43 51 57
8	09 21 33 45
9	05 15 22 29 43 55
10	07 20 29 46 53 59
11	12 25 38 51
12	02 17 24 30 41 56
13	10 25 36 49 56
14	03 16 30 43 59
15	13 27 34 40 54
16	08 22 34 51
17	01 10 16 29 42
18	07 17 30 43 50 56
19	10 24 36 49
20	00 09 18 24 36 48
21	01 12 23 40
22	01 19 30

SOBOTA, ROK SZKOLNY

5	40 45
6	05 33 54 59
7	20 44
8	07 23 28 51
9	13 35 57
10	03 19 45
11	03 29 34 52
12	15 38
13	01 06 26 46
14	10 33 38 56
15	17 46
16	05 13 28 51
17	14 37 42
18	00 22 44
19	07 12 31 54
20	25 55
21	20 50
22	17 35

DZIEŃ ŚWIĄTECZNY, ROK SZKOLNY

5	40
6	05 33 54
7	20 43
8	06 23 51
9	13 36 57
10	19 39
11	03 29 52
12	15 35
13	01 28 49
14	10 33 56
15	17 42
16	07 28 51
17	13 37
18	00 22 44
19	07 35 54
20	06 55
21	20 50
22	17 35

WIGILIA I SYLWESTER

5	17 35 47 56
6	08 14 20 33 54
7	04 19 31 43 51 57
8	09 21 33 45
9	05 15 22 29 43 55
10	07 20 29 46 53 59
11	12 25 38 51
12	02 17 24 30 41 56
13	10 25 36 49 56
14	03 16 30 43 59
15	13 27 34 40 54
16	08 22 34 51
17	01 10 16 29 42
18	07 17 30 43 50 56
19	10 24 49
20	09 48
21	
22	19

WIELKANOC,BOŻE NARODZENIE,NOWY ROK

5	58
6	40
7	19
8	04 56
9	47
10	33
11	19
12	05 51
13	37
14	23
15	09 55
16	41
17	27
18	23
19	06 49
20	31
21	14 57
22	30

