OS. SZYMANOWSKIEGO - KONCERTOWA - AL. KOMPOZYTORÓW  - AL. SOLIDARNOŚCI - AL. TYSIĄCLECIA - LWOWSKA - AL. ANDERSA - MEŁGIEWSKA - GOSPODARCZA - ŁĘCZYŃSKA - WOLSKA - PLAC DWORCOWY - DWORZEC GŁ. PKP

DZIEŃ POWSZEDNI, ROK SZKOLNY

5	16 34 46 55
6	07 13 19 31 52
7	02 17 29 41 49 55
8	07 19 31 43
9	03 13 20 27 41 53
10	05 18 27 44 51 57
11	10 23 36 49
12	00 15 22 28 39 54
13	08 23 34 47 54
14	00 13 27 40 56
15	10 24 31 37 51
16	05 19 31 48 58
17	07 13 26 39
18	06 16 29 42 49 55
19	09 23 35 48 59
20	08 17 23 35 47
21	00 11 22 39
22	00 18 29

SOBOTA, ROK SZKOLNY

5	39 44
6	04 32 53 58
7	18 42
8	05 21 26 49
9	11 33 55
10	01 17 43
11	01 27 32 50
12	13 36 59
13	04 24 44
14	08 31 36 54
15	15 44
16	03 11 26 49
17	12 35 40 58
18	21 43
19	06 11 30 53
20	24 54
21	19 49
22	16 34

DZIEŃ ŚWIĄTECZNY, ROK SZKOLNY

5	39
6	04 32 53
7	18 41
8	04 21 49
9	11 34 55
10	17 37
11	01 27 50
12	13 33 59
13	26 47
14	08 31 54
15	15 40
16	05 26 49
17	11 35 58
18	21 43
19	06 34 53
20	05 54
21	19 49
22	16 34

WIGILIA I SYLWESTER

5	16 34 46 55
6	07 13 19 31 52
7	02 17 29 41 49 55
8	07 19 31 43
9	03 13 20 27 41 53
10	05 18 27 44 51 57
11	10 23 36 49
12	00 15 22 28 39 54
13	08 23 34 47 54
14	00 13 27 40 56
15	10 24 31 37 51
16	05 19 31 48 58
17	07 13 26 39
18	06 16 29 42 49 55
19	09 23 48
20	08 47
21	
22	18

WIELKANOC,BOŻE NARODZENIE,NOWY ROK

5	57
6	39
7	17
8	02 54
9	45
10	31
11	17
12	03 49
13	35
14	21
15	07 53
16	39
17	25
18	22
19	05 48
20	30
21	13 56
22	29

