OS. SZYMANOWSKIEGO - KONCERTOWA - AL. KOMPOZYTORÓW  - AL. SOLIDARNOŚCI - AL. TYSIĄCLECIA - LWOWSKA - AL. ANDERSA - MEŁGIEWSKA - GOSPODARCZA - ŁĘCZYŃSKA - WOLSKA - PLAC DWORCOWY - DWORZEC GŁ. PKP

DZIEŃ POWSZEDNI, ROK SZKOLNY

5	13 31 43 52
6	04 10 16 28 49 59
7	14 26 38 46 52
8	04 16 28 40
9	00 10 17 24 38 50
10	02 15 24 41 48 54
11	07 20 33 46 57
12	12 19 25 36 51
13	05 20 31 44 51 57
14	10 24 37 53
15	07 21 28 34 48
16	02 16 28 45 55
17	04 10 23 36
18	03 13 26 39 46 52
19	06 20 32 45 56
20	05 14 20 32 44 57
21	08 19 36 57
22	15 26

SOBOTA, ROK SZKOLNY

5	36 41
6	01 29 50 55
7	15 39
8	02 18 23 46
9	08 30 52 58
10	14 40 58
11	24 29 47
12	10 33 56
13	01 21 41
14	05 28 33 51
15	12 41
16	00 08 23 46
17	09 32 37 55
18	18 40
19	03 08 27 50
20	21 51
21	16 46
22	13 31

DZIEŃ ŚWIĄTECZNY, ROK SZKOLNY

5	36
6	01 29 50
7	15 38
8	01 18 46
9	08 31 52
10	14 34 58
11	24 47
12	10 30 56
13	23 44
14	05 28 51
15	12 37
16	02 23 46
17	08 32 55
18	18 40
19	03 31 50
20	02 51
21	16 46
22	13 31

WIGILIA I SYLWESTER

5	13 31 43 52
6	04 10 16 28 49 59
7	14 26 38 46 52
8	04 16 28 40
9	00 10 17 24 38 50
10	02 15 24 41 48 54
11	07 20 33 46 57
12	12 19 25 36 51
13	05 20 31 44 51 57
14	10 24 37 53
15	07 21 28 34 48
16	02 16 28 45 55
17	04 10 23 36
18	03 13 26 39 46 52
19	06 20 45
20	05 44
21	
22	15

WIELKANOC,BOŻE NARODZENIE,NOWY ROK

5	54
6	36
7	14 59
8	51
9	42
10	28
11	14
12	00 46
13	32
14	18
15	04 50
16	36
17	22
18	19
19	02 45
20	27
21	10 53
22	26

