MĘTÓW - MĘTÓW - ĆMIŁÓW - ABRAMOWICKA - KUNICKIEGO - WOLSKA - FABRYCZNA - PARK BRONOWICE

DZIEŃ POWSZEDNI, ROK SZKOLNY

5	11 37
6	07 29
7	03 31
8	12 39
9	22 39
10	20 36
11	34
12	32 59
13	28
14	03 31
15	16 46
16	23 54
17	26 57
18	50
19	43
20	37
21	36
22	32
23	18

SOBOTA, ROK SZKOLNY

5	16
6	06
7	06 56
8	56
9	51
10	46
11	41
12	36
13	31
14	26
15	21
16	16
17	11
18	11
19	01 58
20	45
21	36
22	27
23	14

DZIEŃ ŚWIĄTECZNY, ROK SZKOLNY

5	16
6	06
7	06 56
8	56
9	51
10	46
11	41
12	36
13	31
14	26
15	21
16	16
17	11
18	11
19	01 58
20	46
21	36
22	27
23	11

WIGILIA I SYLWESTER

5	11 37
6	07 29
7	03 31
8	12 39
9	22 39
10	20 36
11	34
12	32 59
13	28
14	03 31
15	16 46
16	23 54
17	26 57
18	50
19	43
20	37
21	
22	
23	

WIELKANOC,BOŻE NARODZENIE,NOWY ROK

5	
6	
7	06 56
8	56
9	51
10	46
11	38
12	38
13	31
14	26
15	21
16	16
17	11
18	11
19	01 51
20	38
21	36
22	27
23	

