MĘTÓW - MĘTÓW - ĆMIŁÓW - ABRAMOWICKA - KUNICKIEGO - WOLSKA - FABRYCZNA - PARK BRONOWICE

DZIEŃ POWSZEDNI, ROK SZKOLNY

5	05 31
6	01 23 57
7	25
8	06 33
9	16 33
10	14 30
11	28
12	26 53
13	22 57
14	25
15	10 40
16	17 48
17	20 51
18	44
19	37
20	31
21	30
22	26
23	12

SOBOTA, ROK SZKOLNY

5	10
6	00
7	00 50
8	50
9	45
10	40
11	35
12	30
13	25
14	20
15	15
16	10
17	05
18	05 55
19	52
20	39
21	30
22	21
23	08

DZIEŃ ŚWIĄTECZNY, ROK SZKOLNY

5	10
6	00
7	00 50
8	50
9	45
10	40
11	35
12	30
13	25
14	20
15	15
16	10
17	05
18	05 55
19	52
20	40
21	30
22	21
23	05

WIGILIA I SYLWESTER

5	05 31
6	01 23 57
7	25
8	06 33
9	16 33
10	14 30
11	28
12	26 53
13	22 57
14	25
15	10 40
16	17 48
17	20 51
18	44
19	37
20	31
21	
22	
23	

WIELKANOC,BOŻE NARODZENIE,NOWY ROK

5	
6	
7	00 50
8	50
9	45
10	40
11	32
12	32
13	25
14	20
15	15
16	10
17	05
18	05 55
19	45
20	32
21	30
22	21
23	

