MĘTÓW - MĘTÓW - ĆMIŁÓW - ABRAMOWICKA - KUNICKIEGO - WOLSKA - FABRYCZNA - PARK BRONOWICE

DZIEŃ POWSZEDNI, ROK SZKOLNY

5	07 33
6	03 25 59
7	27
8	08 35
9	18 35
10	16 32
11	30
12	28 55
13	24 59
14	27
15	12 42
16	19 50
17	22 53
18	46
19	39
20	33
21	32
22	28
23	14

SOBOTA, ROK SZKOLNY

5	12
6	02
7	02 52
8	52
9	47
10	42
11	37
12	32
13	27
14	22
15	17
16	12
17	07
18	07 57
19	54
20	41
21	32
22	23
23	10

DZIEŃ ŚWIĄTECZNY, ROK SZKOLNY

5	12
6	02
7	02 52
8	52
9	47
10	42
11	37
12	32
13	27
14	22
15	17
16	12
17	07
18	07 57
19	54
20	42
21	32
22	23
23	07

WIGILIA I SYLWESTER

5	07 33
6	03 25 59
7	27
8	08 35
9	18 35
10	16 32
11	30
12	28 55
13	24 59
14	27
15	12 42
16	19 50
17	22 53
18	46
19	39
20	33
21	
22	
23	

WIELKANOC,BOŻE NARODZENIE,NOWY ROK

5	
6	
7	02 52
8	52
9	47
10	42
11	34
12	34
13	27
14	22
15	17
16	12
17	07
18	07 57
19	47
20	34
21	32
22	23
23	

