MĘTÓW - MĘTÓW - ĆMIŁÓW - ABRAMOWICKA - KUNICKIEGO - WOLSKA - FABRYCZNA - PARK BRONOWICE

DZIEŃ POWSZEDNI, ROK SZKOLNY

5	18 44
6	14 36
7	10 38
8	19 46
9	29 46
10	27 43
11	41
12	39
13	06 35
14	10 38
15	23 53
16	30
17	01 33
18	04 57
19	50
20	44
21	43
22	39
23	25

SOBOTA, ROK SZKOLNY

5	23
6	13
7	13
8	03
9	03 58
10	53
11	48
12	43
13	38
14	33
15	28
16	23
17	18
18	18
19	08
20	05 52
21	43
22	34
23	21

DZIEŃ ŚWIĄTECZNY, ROK SZKOLNY

5	23
6	13
7	13
8	03
9	03 58
10	53
11	48
12	43
13	38
14	33
15	28
16	23
17	18
18	18
19	08
20	05 53
21	43
22	34
23	18

WIGILIA I SYLWESTER

5	18 44
6	14 36
7	10 38
8	19 46
9	29 46
10	27 43
11	41
12	39
13	06 35
14	10 38
15	23 53
16	30
17	01 33
18	04 57
19	50
20	44
21	
22	
23	

WIELKANOC,BOŻE NARODZENIE,NOWY ROK

5	
6	
7	13
8	03
9	03 58
10	53
11	45
12	45
13	38
14	33
15	28
16	23
17	18
18	18
19	08 58
20	45
21	43
22	34
23	

