MĘTÓW - MĘTÓW - ĆMIŁÓW - ABRAMOWICKA - KUNICKIEGO - WOLSKA - FABRYCZNA - PARK BRONOWICE

DZIEŃ POWSZEDNI, ROK SZKOLNY

5	16 42
6	12 34
7	08 36
8	17 44
9	27 44
10	25 41
11	39
12	37
13	04 33
14	08 36
15	21 51
16	28 59
17	31
18	02 55
19	48
20	42
21	41
22	37
23	23

SOBOTA, ROK SZKOLNY

5	21
6	11
7	11
8	01
9	01 56
10	51
11	46
12	41
13	36
14	31
15	26
16	21
17	16
18	16
19	06
20	03 50
21	41
22	32
23	19

DZIEŃ ŚWIĄTECZNY, ROK SZKOLNY

5	21
6	11
7	11
8	01
9	01 56
10	51
11	46
12	41
13	36
14	31
15	26
16	21
17	16
18	16
19	06
20	03 51
21	41
22	32
23	16

WIGILIA I SYLWESTER

5	16 42
6	12 34
7	08 36
8	17 44
9	27 44
10	25 41
11	39
12	37
13	04 33
14	08 36
15	21 51
16	28 59
17	31
18	02 55
19	48
20	42
21	
22	
23	

WIELKANOC,BOŻE NARODZENIE,NOWY ROK

5	
6	
7	11
8	01
9	01 56
10	51
11	43
12	43
13	36
14	31
15	26
16	21
17	16
18	16
19	06 56
20	43
21	41
22	32
23	

