MĘTÓW - MĘTÓW - ĆMIŁÓW - ABRAMOWICKA - KUNICKIEGO - WOLSKA - FABRYCZNA - PARK BRONOWICE

DZIEŃ POWSZEDNI, ROK SZKOLNY

5	15 41
6	11 33
7	07 35
8	16 43
9	26 43
10	24 40
11	38
12	36
13	03 32
14	07 35
15	20 50
16	27 58
17	30
18	01 54
19	47
20	41
21	40
22	36
23	22

SOBOTA, ROK SZKOLNY

5	20
6	10
7	10
8	00
9	00 55
10	50
11	45
12	40
13	35
14	30
15	25
16	20
17	15
18	15
19	05
20	02 49
21	40
22	31
23	18

DZIEŃ ŚWIĄTECZNY, ROK SZKOLNY

5	20
6	10
7	10
8	00
9	00 55
10	50
11	45
12	40
13	35
14	30
15	25
16	20
17	15
18	15
19	05
20	02 50
21	40
22	31
23	15

WIGILIA I SYLWESTER

5	15 41
6	11 33
7	07 35
8	16 43
9	26 43
10	24 40
11	38
12	36
13	03 32
14	07 35
15	20 50
16	27 58
17	30
18	01 54
19	47
20	41
21	
22	
23	

WIELKANOC,BOŻE NARODZENIE,NOWY ROK

5	
6	
7	10
8	00
9	00 55
10	50
11	42
12	42
13	35
14	30
15	25
16	20
17	15
18	15
19	05 55
20	42
21	40
22	31
23	

