MĘTÓW - MĘTÓW - ĆMIŁÓW - ABRAMOWICKA - KUNICKIEGO - WOLSKA - FABRYCZNA - PARK BRONOWICE

DZIEŃ POWSZEDNI, ROK SZKOLNY

5	17 43
6	13 35
7	09 37
8	18 45
9	28 45
10	26 42
11	40
12	38
13	05 34
14	09 37
15	22 52
16	29
17	00 32
18	03 56
19	49
20	43
21	42
22	38
23	24

SOBOTA, ROK SZKOLNY

5	22
6	12
7	12
8	02
9	02 57
10	52
11	47
12	42
13	37
14	32
15	27
16	22
17	17
18	17
19	07
20	04 51
21	42
22	33
23	20

DZIEŃ ŚWIĄTECZNY, ROK SZKOLNY

5	22
6	12
7	12
8	02
9	02 57
10	52
11	47
12	42
13	37
14	32
15	27
16	22
17	17
18	17
19	07
20	04 52
21	42
22	33
23	17

WIGILIA I SYLWESTER

5	17 43
6	13 35
7	09 37
8	18 45
9	28 45
10	26 42
11	40
12	38
13	05 34
14	09 37
15	22 52
16	29
17	00 32
18	03 56
19	49
20	43
21	
22	
23	

WIELKANOC,BOŻE NARODZENIE,NOWY ROK

5	
6	
7	12
8	02
9	02 57
10	52
11	44
12	44
13	37
14	32
15	27
16	22
17	17
18	17
19	07 57
20	44
21	42
22	33
23	

