DWORZEC GŁ. PKP - PLAC DWORCOWY - WOLSKA - ŁĘCZYŃSKA - GOSPODARCZA - MEŁGIEWSKA - AL. ANDERSA - LWOWSKA - AL. TYSIĄCLECIA - AL. KOMPOZYTORÓW  - KONCERTOWA - OS. SZYMANOWSKIEGO

DZIEŃ POWSZEDNI, ROK SZKOLNY

5	10 18 25 32 40 49 59
6	10 27 36 46 57
7	14 25 36 50 59
8	08 14 26 38 50
9	03 23 33 41 47
10	01 11 25 38 48
11	04 11 17 30 42 56
12	09 21 35 42 48
13	01 14 28 42 54
14	07 14 21 37 49
15	05 21 31 44 52 58
16	12 26 41 53
17	08 21 28 34 48
18	02 22 34 48 57
19	05 14 28 42 54
20	06 18 30 36 42 54
21	09 33
22	13 42

SOBOTA, ROK SZKOLNY

5	17 42 57
6	02 19 48
7	10 17 38
8	01 25 42 47
9	09 29 53
10	15 20 37
11	03 24 47 52
12	13 33 56
13	19 24 42
14	03 28 51 56
15	14 37
16	03 23 31 51
17	09 32 55
18	00 17 39
19	01 24 29 48
20	11 43
21	13 47
22	10 52

DZIEŃ ŚWIĄTECZNY, ROK SZKOLNY

5	29 57
6	23 48
7	10 38
8	01 24 42
9	09 28 53
10	15 37 59
11	21 47
12	10 33 57
13	19 46
14	06 28 49
15	14 37
16	00 25 46
17	09 28 55
18	17 39 58
19	24 52
20	11 43
21	13 40
22	10 47

WIGILIA I SYLWESTER

5	10 18 25 32 40 49 59
6	10 27 36 46 57
7	14 25 36 50 59
8	08 14 26 38 50
9	03 23 33 41 47
10	01 11 25 38 48
11	04 11 17 30 42 56
12	09 21 35 42 48
13	01 14 28 42 54
14	07 14 21 37 49
15	05 21 31 44 52 58
16	12 26 41 53
17	08 21 28 34 48
18	02 22 34 57
19	05 14 28 42
20	
21	09
22	42

WIELKANOC,BOŻE NARODZENIE,NOWY ROK

5	40
6	18 55
7	36
8	22
9	13
10	04 50
11	36
12	22
13	08 54
14	40
15	26
16	12 58
17	44
18	39
19	22
20	05 48
21	31
22	12

