DWORZEC GŁ. PKP - PLAC DWORCOWY - WOLSKA - ŁĘCZYŃSKA - GOSPODARCZA - MEŁGIEWSKA - AL. ANDERSA - LWOWSKA - AL. TYSIĄCLECIA - AL. KOMPOZYTORÓW  - KONCERTOWA - OS. SZYMANOWSKIEGO

DZIEŃ POWSZEDNI, ROK SZKOLNY

5	19 27 34 41 49 58
6	08 19 37 46 56
7	07 24 35 46
8	00 09 18 24 36 48
9	00 13 33 43 51 57
10	11 21 35 48 58
11	14 21 27 40 52
12	06 19 31 45 52 58
13	11 24 38 52
14	04 17 24 31 47 59
15	15 31 41 54
16	02 08 22 36 51
17	03 18 31 38 44 58
18	12 32 44 58
19	07 15 24 38 52
20	04 16 28 40 46 52
21	04 19 43
22	22 51
23	

SOBOTA, ROK SZKOLNY

5	26 51
6	06 11 28 57
7	20 27 48
8	11 35 52 57
9	19 39
10	03 25 30 47
11	13 34 57
12	02 23 43
13	06 29 34 52
14	13 38
15	01 06 24 47
16	13 33 41
17	01 19 42
18	05 10 27 49
19	11 34 39 58
20	21 53
21	23 57
22	19
23	01

DZIEŃ ŚWIĄTECZNY, ROK SZKOLNY

5	38
6	06 32 57
7	20 48
8	11 34 52
9	19 38
10	03 25 47
11	09 31 57
12	20 43
13	07 29 56
14	16 38 59
15	24 47
16	10 35 56
17	19 38
18	05 27 49
19	08 34
20	02 21 53
21	23 50
22	19 56
23	

WIGILIA I SYLWESTER

5	19 27 34 41 49 58
6	08 19 37 46 56
7	07 24 35 46
8	00 09 18 24 36 48
9	00 13 33 43 51 57
10	11 21 35 48 58
11	14 21 27 40 52
12	06 19 31 45 52 58
13	11 24 38 52
14	04 17 24 31 47 59
15	15 31 41 54
16	02 08 22 36 51
17	03 18 31 38 44 58
18	12 32 44
19	07 15 24 38 52
20	
21	19
22	51
23	

WIELKANOC,BOŻE NARODZENIE,NOWY ROK

5	49
6	27
7	05 46
8	32
9	23
10	14
11	00 46
12	32
13	18
14	04 50
15	36
16	22
17	08 54
18	49
19	32
20	15 58
21	41
22	21
23	

