DWORZEC GŁ. PKP - PLAC DWORCOWY - WOLSKA - ŁĘCZYŃSKA - GOSPODARCZA - MEŁGIEWSKA - AL. ANDERSA - LWOWSKA - AL. TYSIĄCLECIA - AL. KOMPOZYTORÓW  - KONCERTOWA - OS. SZYMANOWSKIEGO

DZIEŃ POWSZEDNI, ROK SZKOLNY

5	13 21 28 35 43 52
6	02 13 30 39 49
7	00 17 28 39 53
8	02 11 17 29 41 53
9	06 26 36 44 50
10	04 14 28 41 51
11	07 14 20 33 45 59
12	12 24 38 45 51
13	04 17 31 45 57
14	10 17 24 40 52
15	08 24 34 47 55
16	01 15 29 44 56
17	11 24 31 37 51
18	05 25 37 51
19	00 08 17 31 45 57
20	09 21 33 39 45 57
21	12 36
22	16 45

SOBOTA, ROK SZKOLNY

5	20 45
6	00 05 22 51
7	13 20 41
8	04 28 45 50
9	12 32 56
10	18 23 40
11	06 27 50 55
12	16 36 59
13	22 27 45
14	06 31 54 59
15	17 40
16	06 26 34 54
17	12 35 58
18	03 20 42
19	04 27 32 51
20	14 46
21	16 50
22	13 55

DZIEŃ ŚWIĄTECZNY, ROK SZKOLNY

5	32
6	00 26 51
7	13 41
8	04 27 45
9	12 31 56
10	18 40
11	02 24 50
12	13 36
13	00 22 49
14	09 31 52
15	17 40
16	03 28 49
17	12 31 58
18	20 42
19	01 27 55
20	14 46
21	16 43
22	13 50

WIGILIA I SYLWESTER

5	13 21 28 35 43 52
6	02 13 30 39 49
7	00 17 28 39 53
8	02 11 17 29 41 53
9	06 26 36 44 50
10	04 14 28 41 51
11	07 14 20 33 45 59
12	12 24 38 45 51
13	04 17 31 45 57
14	10 17 24 40 52
15	08 24 34 47 55
16	01 15 29 44 56
17	11 24 31 37 51
18	05 25 37
19	00 08 17 31 45
20	
21	12
22	45

WIELKANOC,BOŻE NARODZENIE,NOWY ROK

5	43
6	21 58
7	39
8	25
9	16
10	07 53
11	39
12	25
13	11 57
14	43
15	29
16	15
17	01 47
18	42
19	25
20	08 51
21	34
22	15

