WĘGLIN - AL. KRAŚNICKA - AL. RACŁAWICKIE - LIPOWA - AL. PIŁSUDSKIEGO - KUNICKIEGO - ABRAMOWICE - ŚNIADECKIEGO

DZIEŃ POWSZEDNI, ROK SZKOLNY

4	47 58
5	08 18 38 58
6	08 18 39 54
7	07 27 47
8	07 27 47
9	08 29 49
10	09 29 49
11	09 29 49
12	09 29 49
13	09 29 39 49
14	13 20 36 56
15	16 36 56
16	16 36 56
17	11 29 49
18	09 29 49
19	09 29 49
20	09 25 55
21	25 55
22	22 49

SOBOTA, ROK SZKOLNY

4	46
5	06 20 27 53
6	18 33 44 58
7	21 42
8	02 22 42
9	02 11 22 42 51
10	02 22 42
11	02 22 42
12	02 22 42
13	02 22 42
14	02 22 42
15	02 22 42
16	02 22 42
17	02 22 42
18	02 22 42
19	02 22 42
20	02 27 56
21	26 56
22	23 49

DZIEŃ ŚWIĄTECZNY, ROK SZKOLNY

4	
5	13 23 53
6	23 53
7	23 53
8	27 51 57
9	27 38 57
10	27 57
11	22 34 42
12	02 22 42
13	02 22 42
14	02 22 42
15	02 22 42
16	02 21 41
17	01 21 41
18	01 21 41
19	01 21 41
20	01 27 57
21	27 57
22	23 49

WIGILIA I SYLWESTER

4	47 58
5	08 18 38 58
6	08 18 39 54
7	07 27 47
8	07 27 47
9	08 29 49
10	09 29 49
11	09 29 49
12	09 29 49
13	09 29 39 49
14	13 20 36 56
15	16 36 56
16	16 36 56
17	11 29 49
18	09 29 49
19	09 49
20	09
21	
22	

WIELKANOC,BOŻE NARODZENIE,NOWY ROK

4	
5	37
6	
7	07 52
8	51
9	36
10	23
11	08 52
12	37
13	22
14	07 52
15	37
16	22
17	07
18	02 47
19	34
20	19
21	01 46
22	27

