WĘGLIN - AL. KRAŚNICKA - AL. RACŁAWICKIE - LIPOWA - AL. PIŁSUDSKIEGO - KUNICKIEGO - ABRAMOWICE - ŚNIADECKIEGO

DZIEŃ POWSZEDNI, ROK SZKOLNY

4	45 56
5	06 16 36 56
6	06 16 36 51
7	04 24 44
8	04 24 44
9	05 26 46
10	06 26 46
11	06 26 46
12	06 26 46
13	06 26 36 46
14	08 15 31 51
15	11 31 51
16	11 31 51
17	08 26 46
18	06 26 46
19	06 26 46
20	06 22 52
21	22 52
22	20 47

SOBOTA, ROK SZKOLNY

4	44
5	04 18 25 51
6	16 31 42 56
7	18 39 59
8	19 39 59
9	08 19 39 48 59
10	19 39 59
11	19 39 59
12	19 39 59
13	19 39 59
14	19 39 59
15	19 39 59
16	19 39 59
17	19 39 59
18	19 39 59
19	19 39 59
20	24 53
21	23 53
22	21 47

DZIEŃ ŚWIĄTECZNY, ROK SZKOLNY

4	
5	11 21 51
6	21 51
7	21 51
8	24 48 54
9	24 35 54
10	24 54
11	19 31 39 59
12	19 39 59
13	19 39 59
14	19 39 59
15	19 39 59
16	18 38 58
17	18 38 58
18	18 38 58
19	18 38 58
20	24 54
21	24 54
22	21 47

WIGILIA I SYLWESTER

4	45 56
5	06 16 36 56
6	06 16 36 51
7	04 24 44
8	04 24 44
9	05 26 46
10	06 26 46
11	06 26 46
12	06 26 46
13	06 26 36 46
14	08 15 31 51
15	11 31 51
16	11 31 51
17	08 26 46
18	06 26 46
19	06 46
20	06
21	
22	

WIELKANOC,BOŻE NARODZENIE,NOWY ROK

4	
5	35
6	
7	05 50
8	48
9	33
10	20
11	05 49
12	34
13	19
14	04 49
15	34
16	19
17	04 59
18	44
19	31
20	16 58
21	43
22	25

