WĘGLIN - AL. KRAŚNICKA - AL. RACŁAWICKIE - LIPOWA - AL. PIŁSUDSKIEGO - KUNICKIEGO - ABRAMOWICE - ŚNIADECKIEGO

DZIEŃ POWSZEDNI, ROK SZKOLNY

4	38 49 59
5	09 29 49 59
6	09 29 44 57
7	17 37 57
8	17 37 57
9	18 38 58
10	18 38 58
11	18 38 58
12	18 38 58
13	18 28 38 58
14	03 19 39 59
15	19 39 59
16	19 39 59
17	19 39 59
18	19 39 59
19	19 39 59
20	15 45
21	15 45
22	13 40

SOBOTA, ROK SZKOLNY

4	37 57
5	11 18 44
6	09 24 35 49
7	11 32 52
8	12 32 52
9	01 12 32 41 52
10	12 32 52
11	12 32 52
12	12 32 52
13	12 32 52
14	12 32 52
15	12 32 52
16	12 32 52
17	12 32 52
18	12 32 52
19	12 32 52
20	17 46
21	16 46
22	14 40

DZIEŃ ŚWIĄTECZNY, ROK SZKOLNY

4	
5	04 14 44
6	14 44
7	14 44
8	17 41 47
9	17 28 47
10	17 47
11	12 24 32 52
12	12 32 52
13	12 32 52
14	12 32 52
15	12 32 52
16	11 31 51
17	11 31 51
18	11 31 51
19	11 31 51
20	17 47
21	17 47
22	14 40

WIGILIA I SYLWESTER

4	38 49 59
5	09 29 49 59
6	09 29 44 57
7	17 37 57
8	17 37 57
9	18 38 58
10	18 38 58
11	18 38 58
12	18 38 58
13	18 28 38 58
14	03 19 39 59
15	19 39 59
16	19 39 59
17	19 39 59
18	19 39 59
19	39 59
20	
21	
22	

WIELKANOC,BOŻE NARODZENIE,NOWY ROK

4	
5	28
6	58
7	43
8	41
9	26
10	13 58
11	42
12	27
13	12 57
14	42
15	27
16	12 57
17	52
18	37
19	24
20	09 51
21	36
22	18

