PADEREWSKIEGO - CHOINY - SZELIGOWSKIEGO - SMORAWIŃSKIEGO - CHODŹKI - PRUSA - 3 MAJA - AL. RACŁAWICKIE - FILARETÓW - JANA PAWŁA II - ARMII KRAJOWEJ - B. M. CASSINO - AL. KRAŚNICKA - WĘGLIN

DZIEŃ POWSZEDNI, ROK SZKOLNY

4	58
5	11 25. 31 40 55
6	04. 16 28 42. 59
7	08 20 29 45. 55
8	07 16. 26 37 47 57.
9	09 19 31 45 55.
10	05 14 25. 37 48 59
11	12. 21 31 42 55.
12	08 21 32. 45 54
13	06 17. 29 40 51
14	04. 18 26 37. 50
15	03 17 29. 40 47 56
16	11. 24 38 47. 59
17	11 23 41. 53
18	05 18. 32 47
19	02. 17 39. 59
20	29 59
21	22 42.
22	03 20

SOBOTA, ROK SZKOLNY

4	39
5	22 29 49.
6	10 30 52
7	16 38. 57
8	20 51
9	16 38.
10	03 28 54
11	17 39.
12	03 27 51
13	16 41.
14	05 29 54
15	18 42.
16	06 30 51
17	13 40.
18	05 28 50
19	17 43.
20	05 27 49
21	09 47
22	22

DZIEŃ ŚWIĄTECZNY, ROK SZKOLNY

4	53
5	23 46
6	19
7	01 37
8	13 58
9	42
10	15 54
11	45
12	26
13	06 44
14	30
15	10 47
16	25
17	18
18	02 35
19	10 54
20	36
21	17
22	22

WIELKANOC,BOŻE NARODZENIE,NOWY ROK

4	
5	33
6	25
7	20
8	18
9	22
10	20
11	15
12	18
13	16
14	13
15	13
16	10
17	13
18	20
19	12
20	12
21	12
22	10

