PADEREWSKIEGO - CHOINY - SZELIGOWSKIEGO - SMORAWIŃSKIEGO - CHODŹKI - PRUSA - 3 MAJA - AL. RACŁAWICKIE - FILARETÓW - JANA PAWŁA II - ARMII KRAJOWEJ - B. M. CASSINO - AL. KRAŚNICKA - WĘGLIN

DZIEŃ POWSZEDNI, ROK SZKOLNY

4	
5	15 28 42. 48 57
6	12 21. 34 49
7	04. 21 30 42 51
8	07. 17 29 38. 48 59
9	09 19. 31 41 53
10	07 17. 27 36 47. 59
11	10 21 34. 43 53
12	04 17. 30 43 54.
13	07 16 28 39. 51
14	02 13 27. 41 49
15	00. 13 26 40 52.
16	03 10 19 34. 47
17	01 10. 22 34 46
18	04. 16 25 38. 52
19	07 22. 37 59.
20	19 49
21	19 42
22	02. 20 37

SOBOTA, ROK SZKOLNY

4	56
5	39 46
6	06. 27 47
7	10 38
8	00. 19 42
9	13 38
10	00. 25 50
11	16 39
12	01. 25 49
13	13 38
14	03. 27 51
15	16 40
16	04. 28 52
17	13 35
18	02. 24 47
19	09 36
20	02. 24 46
21	08 28
22	05 39

DZIEŃ ŚWIĄTECZNY, ROK SZKOLNY

4	
5	10 40
6	03 36
7	23 59
8	35
9	20
10	04 37
11	16
12	07 48
13	28
14	06 52
15	32
16	09 47
17	40
18	21 54
19	29
20	13 55
21	36
22	39

WIELKANOC,BOŻE NARODZENIE,NOWY ROK

4	
5	50
6	42
7	42
8	40
9	44
10	42
11	37
12	40
13	38
14	35
15	35
16	32
17	35
18	39
19	31
20	31
21	31
22	27

