PADEREWSKIEGO - CHOINY - SZELIGOWSKIEGO - SMORAWIŃSKIEGO - CHODŹKI - PRUSA - 3 MAJA - AL. RACŁAWICKIE - FILARETÓW - JANA PAWŁA II - ARMII KRAJOWEJ - B. M. CASSINO - AL. KRAŚNICKA - WĘGLIN

DZIEŃ POWSZEDNI, ROK SZKOLNY

4	
5	16 29 43. 49 58
6	13 22. 36 51
7	06. 23 32 44 53
8	09. 19 31 40. 50
9	01 11 21. 33 43 55
10	09 19. 29 38 49.
11	01 12 23 36. 45 55
12	06 19. 32 45 56.
13	09 18 30 41. 53
14	04 15 29. 43 51
15	02. 15 28 42 54.
16	05 12 21 36. 49
17	03 12. 24 36 48
18	05. 17 26 39. 53
19	08 23. 38
20	00. 20 50
21	20 43
22	03. 21 38

SOBOTA, ROK SZKOLNY

4	57
5	40 47
6	07. 28 48
7	12 40
8	02. 21 44
9	15 40
10	02. 27 52
11	18 41
12	03. 27 51
13	15 40
14	05. 29 53
15	18 42
16	06. 30 54
17	15 37
18	03. 25 48
19	10 37
20	03. 25 47
21	09 29
22	06 40

DZIEŃ ŚWIĄTECZNY, ROK SZKOLNY

4	
5	11 41
6	04 37
7	25
8	01 37
9	22
10	06 39
11	18
12	09 50
13	30
14	08 54
15	34
16	11 49
17	42
18	22 55
19	30
20	14 56
21	37
22	40

WIELKANOC,BOŻE NARODZENIE,NOWY ROK

4	
5	51
6	43
7	44
8	42
9	46
10	44
11	39
12	42
13	40
14	37
15	37
16	34
17	37
18	40
19	32
20	32
21	32
22	28

