PADEREWSKIEGO - CHOINY - SZELIGOWSKIEGO - SMORAWIŃSKIEGO - CHODŹKI - PRUSA - 3 MAJA - AL. RACŁAWICKIE - FILARETÓW - JANA PAWŁA II - ARMII KRAJOWEJ - B. M. CASSINO - AL. KRAŚNICKA - WĘGLIN

DZIEŃ POWSZEDNI, ROK SZKOLNY

5	06 20. 35 50 59.
6	11 23 34. 51
7	00 12 21 37. 47 59
8	08. 18 29 39 49.
9	01 11 23 37 47. 57
10	06 17. 29 40 51
11	04. 13 23 34 47.
12	00 13 24. 37 46 58
13	09. 21 32 43 56.
14	09 17 28. 41 54
15	08 20. 31 38 47
16	02. 15 29 38. 50
17	02 14 32. 44 58
18	12. 26 41 56.
19	11 33. 53
20	23 53
21	16 36. 58
22	15

SOBOTA, ROK SZKOLNY

5	24 44.
6	05 25 47
7	09 31. 50
8	13 44
9	09 31. 56
10	21 47
11	10 32. 56
12	20 44
13	09 34. 58
14	22 47
15	11 35. 59
16	23 44
17	06 33. 59
18	22 44
19	11 37. 59
20	21 43
21	03 41
22	17

DZIEŃ ŚWIĄTECZNY, ROK SZKOLNY

5	41
6	14 56
7	30
8	06 51
9	35
10	08 47
11	38
12	19 59
13	37
14	23
15	03 40
16	18
17	11 55
18	29
19	04 48
20	30
21	11
22	17

WIELKANOC,BOŻE NARODZENIE,NOWY ROK

5	28
6	20
7	13
8	11
9	15
10	13
11	08
12	11
13	09
14	06
15	06
16	03
17	06
18	14
19	06
20	06
21	06
22	05

