PADEREWSKIEGO - CHOINY - SZELIGOWSKIEGO - SMORAWIŃSKIEGO - CHODŹKI - PRUSA - 3 MAJA - AL. RACŁAWICKIE - FILARETÓW - JANA PAWŁA II - ARMII KRAJOWEJ - B. M. CASSINO - AL. KRAŚNICKA - WĘGLIN

DZIEŃ POWSZEDNI, ROK SZKOLNY

4	
5	05 18 32. 38 47
6	02 11. 23 38 53.
7	10 19 31 40 56.
8	06 18 27. 37 48 58
9	08. 20 30 42 56
10	06. 16 25 36. 48 59
11	10 23. 32 42 53
12	06. 19 32 43. 56
13	05 17 28. 40 51
14	02 16. 30 38 49.
15	02 15 29 41. 52 59
16	08 23. 36 50 59.
17	11 23 35 53.
18	05 14 27. 41 56
19	11. 26 48.
20	08 38
21	08 31 51.
22	10 27

SOBOTA, ROK SZKOLNY

4	46
5	29 36 56.
6	17 37 59
7	27 49.
8	08 31
9	02 27 49.
10	14 39
11	05 28 50.
12	14 38
13	02 27 52.
14	16 40
15	05 29 53.
16	17 41
17	02 24 51.
18	13 36 58
19	25 51.
20	13 35 57
21	17 55
22	29

DZIEŃ ŚWIĄTECZNY, ROK SZKOLNY

4	
5	00 30 53
6	26
7	12 48
8	24
9	09 53
10	26
11	05 56
12	37
13	17 55
14	41
15	21 58
16	36
17	29
18	10 43
19	18
20	02 44
21	25
22	29

WIELKANOC,BOŻE NARODZENIE,NOWY ROK

4	
5	40
6	32
7	31
8	29
9	33
10	31
11	26
12	29
13	27
14	24
15	24
16	21
17	24
18	28
19	20
20	20
21	20
22	17

