PADEREWSKIEGO - CHOINY - SZELIGOWSKIEGO - SMORAWIŃSKIEGO - CHODŹKI - PRUSA - 3 MAJA - AL. RACŁAWICKIE - FILARETÓW - JANA PAWŁA II - ARMII KRAJOWEJ - B. M. CASSINO - AL. KRAŚNICKA - WĘGLIN

DZIEŃ POWSZEDNI, ROK SZKOLNY

5	08 22. 37 52
6	01. 13 25 37. 54
7	03 15 24 40. 50
8	02 11. 21 32 42 52.
9	04 14 26 40 50.
10	00 09 20. 32 43 54
11	07. 16 26 37 50.
12	03 16 27. 40 49
13	01 12. 24 35 46 59.
14	12 20 31. 44 57
15	11 23. 34 41 50
16	05. 18 32 41. 53
17	05 17 35. 47
18	01 14. 28 43 58.
19	13 35. 55
20	25 55
21	18 38.
22	00 17

SOBOTA, ROK SZKOLNY

5	26 46.
6	07 27 49
7	12 34. 53
8	16 47
9	12 34. 59
10	24 50
11	13 35. 59
12	23 47
13	12 37.
14	01 25 50
15	14 38.
16	02 26 47
17	09 36.
18	01 24 46
19	13 39.
20	01 23 45
21	05 43
22	19

DZIEŃ ŚWIĄTECZNY, ROK SZKOLNY

5	43
6	16 58
7	33
8	09 54
9	38
10	11 50
11	41
12	22
13	02 40
14	26
15	06 43
16	21
17	14 58
18	31
19	06 50
20	32
21	13
22	19

WIELKANOC,BOŻE NARODZENIE,NOWY ROK

5	30
6	22
7	16
8	14
9	18
10	16
11	11
12	14
13	12
14	09
15	09
16	06
17	09
18	16
19	08
20	08
21	08
22	07

