ZANA LECLERC - ZANA - FILARETÓW - JANA PAWŁA II - NADBYSTRZYCKA - NARUTOWICZA - HEMPLA - 3 MAJA - AL. TYSIĄCLECIA - LWOWSKA - AL. ANDERSA - TURYSTYCZNA - TURYSTYCZNA

DZIEŃ POWSZEDNI, ROK SZKOLNY

5	37 45
6	03 20 30 43 58
7	16 31 47
8	01 17 33 46 59
9	15 30 46
10	01 17 32 40 48
11	04 19 35 50
12	06 21 29 37 53
13	08 24 39 55
14	11 22 31 48
15	03 20 37 54
16	11 20 30 46
17	01 18 34
18	01 13 18 26 38 52
19	06 20 35 56
20	03 14 30 44 58
21	12 40 53
22	05

SOBOTA, ROK SZKOLNY

5	37 55
6	17 36 52
7	17 40
8	03 21 40
9	10 36 57
10	18 39
11	00 22 43
12	04 25 46
13	08 29 51
14	12 34 55
15	16 37 58
16	22 42
17	04 24 45
18	15 28 51
19	10 30 47
20	06 28 45
21	04 23 40
22	00 17 43

DZIEŃ ŚWIĄTECZNY, ROK SZKOLNY

5	55
6	17 36 54
7	17 40
8	03 21 40
9	10 36 57
10	18 39
11	00 22 43
12	04 25 46
13	08 29 49
14	10 31 51
15	12 34 55
16	17 38 59
17	20 41
18	11 30 45
19	04 26 45
20	04 20 41
21	00 19 38 58
22	15 43

WIGILIA I SYLWESTER

5	37 45
6	03 20 30 43 58
7	16 31 47
8	01 17 33 46 59
9	15 30 46
10	01 17 32 40 48
11	04 19 35 50
12	06 21 29 37 53
13	08 24 39 55
14	11 22 31 48
15	03 20 37 54
16	11 20 30 46
17	01 18 34
18	01 13 18 26 38
19	06 20 35 56
20	03 14
21	12
22	

WIELKANOC,BOŻE NARODZENIE,NOWY ROK

5	
6	35
7	22
8	13
9	17
10	06
11	04 55
12	49
13	41
14	35
15	27
16	21
17	13
18	15 59
19	51
20	36
21	19
22	38

