ZANA LECLERC - ZANA - FILARETÓW - JANA PAWŁA II - NADBYSTRZYCKA - NARUTOWICZA - HEMPLA - 3 MAJA - AL. TYSIĄCLECIA - LWOWSKA - AL. ANDERSA - TURYSTYCZNA - TURYSTYCZNA

DZIEŃ POWSZEDNI, ROK SZKOLNY

5	36 44
6	02 19 29 42 57
7	15 30 46
8	00 16 32 45 58
9	14 29 45
10	00 16 31 39 47
11	03 18 34 49
12	05 20 28 36 52
13	07 23 38 54
14	10 21 30 47
15	02 19 36 53
16	10 19 29 45
17	00 17 33
18	00 12 17 25 37 51
19	05 19 34 55
20	02 13 29 43 57
21	11 39 52
22	04 18 40
23	12

SOBOTA, ROK SZKOLNY

5	36 54
6	16 35 51
7	16 39
8	02 20 39
9	09 35 56
10	17 38 59
11	21 42
12	03 24 45
13	07 28 50
14	11 33 54
15	15 36 57
16	21 41
17	03 23 44
18	14 27 50
19	09 29 46
20	05 27 44
21	03 22 39 59
22	16 42
23	08

DZIEŃ ŚWIĄTECZNY, ROK SZKOLNY

5	54
6	16 35 53
7	16 39
8	02 20 39
9	09 35 56
10	17 38 59
11	21 42
12	03 24 45
13	07 28 48
14	09 30 50
15	11 33 54
16	16 37 58
17	19 40
18	10 29 44
19	03 25 44
20	03 19 40 59
21	18 37 57
22	14 42
23	07

WIGILIA I SYLWESTER

5	36 44
6	02 19 29 42 57
7	15 30 46
8	00 16 32 45 58
9	14 29 45
10	00 16 31 39 47
11	03 18 34 49
12	05 20 28 36 52
13	07 23 38 54
14	10 21 30 47
15	02 19 36 53
16	10 19 29 45
17	00 17 33
18	00 12 17 25 37
19	05 19 34 55
20	02 13
21	11
22	
23	

WIELKANOC,BOŻE NARODZENIE,NOWY ROK

5	
6	34
7	21
8	12
9	16
10	05
11	03 54
12	48
13	40
14	34
15	26
16	20
17	12
18	14 58
19	50
20	35
21	18
22	37
23	

