ZANA LECLERC - ZANA - FILARETÓW - JANA PAWŁA II - NADBYSTRZYCKA - NARUTOWICZA - HEMPLA - 3 MAJA - AL. TYSIĄCLECIA - LWOWSKA - AL. ANDERSA - TURYSTYCZNA - TURYSTYCZNA

DZIEŃ POWSZEDNI, ROK SZKOLNY

5	14 22 40 57
6	07 16 26 43 58
7	14 28 44
8	00 13 26 42 57
9	13 28 44 59
10	07 15 31 46
11	02 17 33 48 56
12	04 20 35 51
13	06 22 37 45 53
14	10 25 42 59
15	16 33 42 52
16	08 23 40 56
17	23 39 48 57
18	10 24 38 52
19	07 28 35 46
20	02 16 30 44
21	12 25 39 54
22	17 50

SOBOTA, ROK SZKOLNY

5	14 32 54
6	13 29 49
7	08 31 49
8	08 38
9	04 25 46
10	07 28 50
11	11 32 53
12	14 36 57
13	19 40
14	02 23 44
15	05 26 50
16	10 32 52
17	13 44
18	00 23 42
19	02 19 38
20	00 17 36 55
21	12 32 52
22	20 46

DZIEŃ ŚWIĄTECZNY, ROK SZKOLNY

5	32 54
6	13 31 49
7	08 31 49
8	08 38
9	04 25 46
10	07 28 50
11	11 32 53
12	14 36 57
13	17 38 59
14	19 40
15	02 23 45
16	06 27 48
17	09 40
18	02 17 36 58
19	17 36 52
20	13 32 51
21	10 30 50
22	20 45

WIGILIA I SYLWESTER

5	14 22 40 57
6	07 16 26 43 58
7	14 28 44
8	00 13 26 42 57
9	13 28 44 59
10	07 15 31 46
11	02 17 33 48 56
12	04 20 35 51
13	06 22 37 45 53
14	10 25 42 59
15	16 33 42 52
16	08 23 40 56
17	23 39 48 57
18	10 38 52
19	07 28 35 46
20	44
21	
22	

WIELKANOC,BOŻE NARODZENIE,NOWY ROK

5	
6	12 53
7	41
8	45
9	34
10	32
11	23
12	17
13	09
14	03 55
15	49
16	41
17	45
18	31
19	23
20	08 51
21	
22	15

