ZANA LECLERC - ZANA - FILARETÓW - JANA PAWŁA II - NADBYSTRZYCKA - NARUTOWICZA - HEMPLA - 3 MAJA - AL. TYSIĄCLECIA - LWOWSKA - AL. ANDERSA - TURYSTYCZNA - TURYSTYCZNA

DZIEŃ POWSZEDNI, ROK SZKOLNY

5	34 42
6	00 17 27 39 54
7	12 27 43 57
8	13 29 42 55
9	11 26 42 57
10	13 28 36 44
11	00 15 31 46
12	02 17 25 33 49
13	04 20 35 51
14	07 18 27 44 59
15	16 33 50
16	07 16 26 42 57
17	14 30 57
18	09 14 22 34 48
19	02 16 31 52 59
20	10 26 40 54
21	08 36 49
22	02 16 38
23	10

SOBOTA, ROK SZKOLNY

5	34 52
6	14 33 49
7	13 36 59
8	17 36
9	06 32 53
10	14 35 56
11	18 39
12	00 21 42
13	04 25 47
14	08 30 51
15	12 33 54
16	18 38
17	00 20 41
18	11 24 47
19	06 26 43
20	02 24 41
21	00 19 36 56
22	14 40
23	06

DZIEŃ ŚWIĄTECZNY, ROK SZKOLNY

5	52
6	14 33 51
7	13 36 59
8	17 36
9	06 32 53
10	14 35 56
11	18 39
12	00 21 42
13	04 25 45
14	06 27 47
15	08 30 51
16	13 34 55
17	16 37
18	07 26 41
19	00 22 41
20	00 16 37 56
21	15 34 54
22	12 40
23	05

WIGILIA I SYLWESTER

5	34 42
6	00 17 27 39 54
7	12 27 43 57
8	13 29 42 55
9	11 26 42 57
10	13 28 36 44
11	00 15 31 46
12	02 17 25 33 49
13	04 20 35 51
14	07 18 27 44 59
15	16 33 50
16	07 16 26 42 57
17	14 30 57
18	09 14 22 34
19	02 16 31 52 59
20	10
21	08
22	
23	

WIELKANOC,BOŻE NARODZENIE,NOWY ROK

5	
6	32
7	18
8	09
9	13
10	02
11	00 51
12	45
13	37
14	31
15	23
16	17
17	09
18	11 55
19	47
20	32
21	15
22	35
23	

