ZANA LECLERC - ZANA - FILARETÓW - JANA PAWŁA II - NADBYSTRZYCKA - NARUTOWICZA - HEMPLA - 3 MAJA - AL. TYSIĄCLECIA - LWOWSKA - AL. ANDERSA - TURYSTYCZNA - TURYSTYCZNA

DZIEŃ POWSZEDNI, ROK SZKOLNY

5	21 29 47
6	04 14 23 35 53
7	08 24 38 54
8	10 23 36 52
9	07 23 38 54
10	09 17 25 41 56
11	12 27 43 58
12	06 14 30 45
13	01 16 32 47 55
14	03 20 35 52
15	09 26 43 52
16	02 18 33 50
17	06 33 49 58
18	07 19 33 47
19	01 16 37 44 55
20	11 25 39 53
21	21 34 48
22	02 24 57

SOBOTA, ROK SZKOLNY

5	21 39
6	01 20 36 56
7	18 41 59
8	18 48
9	14 35 56
10	17 38
11	00 21 42
12	03 24 46
13	07 29 50
14	12 33 54
15	15 36
16	00 20 42
17	02 23 54
18	09 32 51
19	11 28 47
20	09 26 45
21	04 21 41
22	01 27 53

DZIEŃ ŚWIĄTECZNY, ROK SZKOLNY

5	39
6	01 20 38 56
7	18 41 59
8	18 48
9	14 35 56
10	17 38
11	00 21 42
12	03 24 46
13	07 27 48
14	09 29 50
15	12 33 55
16	16 37 58
17	19 50
18	11 26 45
19	07 26 45
20	01 22 41
21	00 19 39 59
22	27 52

WIGILIA I SYLWESTER

5	21 29 47
6	04 14 23 35 53
7	08 24 38 54
8	10 23 36 52
9	07 23 38 54
10	09 17 25 41 56
11	12 27 43 58
12	06 14 30 45
13	01 16 32 47 55
14	03 20 35 52
15	09 26 43 52
16	02 18 33 50
17	06 33 49 58
18	07 19 47
19	01 16 37 44 55
20	53
21	
22	

WIELKANOC,BOŻE NARODZENIE,NOWY ROK

5	
6	19
7	00 51
8	55
9	44
10	42
11	33
12	27
13	19
14	13
15	05 59
16	51
17	55
18	40
19	32
20	17
21	00
22	22

