MAJDANEK - DROGA M. MAJDANKA - FABRYCZNA - AL. ZYGMUNTOWSKIE - AL. PIŁSUDSKIEGO - GŁĘBOKA - FILARETÓW - ZANA - B. M. CASSINO - ARMII KRAJOWEJ - ORKANA - AL. KRAŚNICKA - WĘGLIN

DZIEŃ POWSZEDNI, ROK SZKOLNY

5	40
6	00 20 40
7	06 26 46
8	06 26 46
9	06 29 49
10	09 29 49
11	09 29 49
12	09 29 49
13	09 29 49
14	09 31 51
15	11 31 51
16	11 31 51
17	11 29 49
18	09 23 44
19	04 26 44
20	04 22 39
21	09 39
22	09 44

SOBOTA, ROK SZKOLNY

5	39
6	09 40
7	00 20 37 57
8	17 37 57
9	17 37 57
10	17 37 57
11	18 39 59
12	19 39 59
13	19 39 59
14	19 39 59
15	18 37 57
16	17 37 57
17	17 37 57
18	17 37 57
19	17 37 57
20	17 39
21	09 39
22	09 39

DZIEŃ ŚWIĄTECZNY, ROK SZKOLNY

5	39
6	09 39
7	09 39
8	09 39
9	09 39
10	09 39
11	09 38 58
12	18 38 58
13	18 38 58
14	18 38 58
15	18 38 58
16	18 37 57
17	17 37 57
18	17 37 57
19	17 37 57
20	17 39
21	09 39
22	09 39

WSZYSTKICH ŚWIĘTYCH

5	39
6	09 39
7	09 39
8	09 39
9	09 20 39 50
10	09 20 39 50
11	09 20 38 49 58
12	09 18 29 38 49 58
13	09 18 29 38 49 58
14	09 18 29 38 49 58
15	09 18 29 38 49 58
16	09 18 28 37 48 57
17	08 17 28 37 57
18	17 37 48 57
19	17 37 57
20	17 39
21	09 39
22	09 39

WIGILIA I SYLWESTER

5	40
6	00 20 40
7	06 26 46
8	06 26 46
9	06 29 49
10	09 29 49
11	09 29 49
12	09 29 49
13	09 29 49
14	09 31 51
15	11 31 51
16	11 31 51
17	11 29 49
18	09 23 44
19	04 26
20	
21	
22	

WIELKANOC,BOŻE NARODZENIE,NOWY ROK

5	
6	41
7	26
8	11
9	06 52
10	37
11	21
12	07 52
13	37
14	22
15	07 52
16	36
17	21
18	16
19	02 47
20	31
21	16
22	01 46

