MAJDANEK - DROGA M. MAJDANKA - FABRYCZNA - AL. ZYGMUNTOWSKIE - AL. PIŁSUDSKIEGO - GŁĘBOKA - FILARETÓW - ZANA - B. M. CASSINO - ARMII KRAJOWEJ - ORKANA - AL. KRAŚNICKA - WĘGLIN

DZIEŃ POWSZEDNI, ROK SZKOLNY

5	15 35 55
6	15 36 56
7	16 36 56
8	16 36
9	01 21 41
10	01 21 41
11	01 21 41
12	01 21 41
13	01 21 41 56
14	16 36 56
15	16 36 56
16	16 36
17	00 20 40 54
18	15 35 57
19	15 35 55
20	14 44
21	14 44
22	19

SOBOTA, ROK SZKOLNY

5	14 44
6	15 35 55
7	12 32 52
8	12 32 52
9	12 32 52
10	12 32 52
11	12 32 52
12	12 32 52
13	12 32 52
14	12 32 52
15	12 32 52
16	12 32 52
17	12 32 52
18	12 32 52
19	12 32 52
20	14 44
21	14 44
22	14

DZIEŃ ŚWIĄTECZNY, ROK SZKOLNY

5	14 44
6	14 44
7	14 44
8	14 44
9	14 44
10	14 44
11	12 32 52
12	12 32 52
13	12 32 52
14	12 32 52
15	12 32 52
16	12 32 52
17	12 32 52
18	12 32 52
19	12 32 52
20	14 44
21	14 44
22	14

WSZYSTKICH ŚWIĘTYCH

5	14 44
6	14 44
7	14 44
8	14 44 55
9	14 25 44 55
10	14 25 44 55
11	12 23 32 43 52
12	03 12 23 32 43 52
13	03 12 23 32 43 52
14	03 12 23 32 43 52
15	03 12 23 32 43 52
16	03 12 23 32 43 52
17	03 12 32 52
18	12 23 32 52
19	12 32 52
20	14 44
21	14 44
22	14

WIGILIA I SYLWESTER

5	15 35 55
6	15 36 56
7	16 36 56
8	16 36
9	01 21 41
10	01 21 41
11	01 21 41
12	01 21 41
13	01 21 41 56
14	16 36 56
15	16 36 56
16	16 36
17	00 20 40 54
18	15 35 57
19	
20	
21	
22	

WIELKANOC,BOŻE NARODZENIE,NOWY ROK

5	
6	16
7	01 46
8	41
9	27
10	12 56
11	41
12	26
13	11 56
14	41
15	26
16	11 56
17	51
18	37
19	22
20	06 51
21	36
22	21

