MAJDANEK - DROGA M. MAJDANKA - FABRYCZNA - AL. ZYGMUNTOWSKIE - AL. PIŁSUDSKIEGO - GŁĘBOKA - FILARETÓW - ZANA - B. M. CASSINO - ARMII KRAJOWEJ - ORKANA - AL. KRAŚNICKA - WĘGLIN

DZIEŃ POWSZEDNI, ROK SZKOLNY

5	20 40
6	00 20 43
7	03 23 43
8	03 23 43
9	08 28 48
10	08 28 48
11	08 28 48
12	08 28 48
13	08 28 48
14	04 24 44
15	04 24 44
16	04 24 44
17	07 27 47
18	01 22 42
19	04 22 42
20	02 19 49
21	19 49
22	24

SOBOTA, ROK SZKOLNY

5	19 49
6	20 40
7	00 17 37 57
8	17 37 57
9	17 37 57
10	17 37 57
11	18 38 58
12	18 38 58
13	18 38 58
14	18 38 58
15	17 37 57
16	17 37 57
17	17 37 57
18	17 37 57
19	17 37 57
20	19 49
21	19 49
22	19

DZIEŃ ŚWIĄTECZNY, ROK SZKOLNY

5	19 49
6	19 49
7	19 49
8	19 49
9	19 49
10	19 49
11	18 38 58
12	18 38 58
13	18 38 58
14	18 38 58
15	18 38 58
16	17 37 57
17	17 37 57
18	17 37 57
19	17 37 57
20	19 49
21	19 49
22	19

WSZYSTKICH ŚWIĘTYCH

5	19 49
6	19 49
7	19 49
8	19 49
9	00 19 30 49
10	00 19 30 49
11	00 18 29 38 49 58
12	09 18 29 38 49 58
13	09 18 29 38 49 58
14	09 18 29 38 49 58
15	09 18 29 38 49 58
16	08 17 28 37 48 57
17	08 17 37 57
18	17 28 37 57
19	17 37 57
20	19 49
21	19 49
22	19

WIGILIA I SYLWESTER

5	20 40
6	00 20 43
7	03 23 43
8	03 23 43
9	08 28 48
10	08 28 48
11	08 28 48
12	08 28 48
13	08 28 48
14	04 24 44
15	04 24 44
16	04 24 44
17	07 27 47
18	01 22 42
19	04
20	
21	
22	

WIELKANOC,BOŻE NARODZENIE,NOWY ROK

5	
6	21
7	06 51
8	46
9	32
10	17
11	01 47
12	32
13	17
14	02 47
15	32
16	16
17	01 56
18	42
19	27
20	11 56
21	41
22	26

