MAJDANEK - DROGA M. MAJDANKA - FABRYCZNA - AL. ZYGMUNTOWSKIE - AL. PIŁSUDSKIEGO - GŁĘBOKA - FILARETÓW - ZANA - B. M. CASSINO - ARMII KRAJOWEJ - ORKANA - AL. KRAŚNICKA - WĘGLIN

DZIEŃ POWSZEDNI, ROK SZKOLNY

5	31 51
6	11 31 57
7	17 37 57
8	17 37 57
9	20 40
10	00 20 40
11	00 20 40
12	00 20 40
13	00 20 40
14	00 22 42
15	02 22 42
16	02 22 42
17	02 20 40
18	00 14 35 55
19	17 35 55
20	13 30
21	00 30
22	00 35

SOBOTA, ROK SZKOLNY

5	30
6	00 31 51
7	11 28 48
8	08 28 48
9	08 28 48
10	08 28 48
11	09 30 50
12	10 30 50
13	10 30 50
14	10 30 50
15	09 28 48
16	08 28 48
17	08 28 48
18	08 28 48
19	08 28 48
20	08 30
21	00 30
22	00 30

DZIEŃ ŚWIĄTECZNY, ROK SZKOLNY

5	30
6	00 30
7	00 30
8	00 30
9	00 30
10	00 30
11	00 29 49
12	09 29 49
13	09 29 49
14	09 29 49
15	09 29 49
16	09 28 48
17	08 28 48
18	08 28 48
19	08 28 48
20	08 30
21	00 30
22	00 30

WSZYSTKICH ŚWIĘTYCH

5	30
6	00 30
7	00 30
8	00 30
9	00 11 30 41
10	00 11 30 41
11	00 11 29 40 49
12	00 09 20 29 40 49
13	00 09 20 29 40 49
14	00 09 20 29 40 49
15	00 09 20 29 40 49
16	00 09 19 28 39 48 59
17	08 19 28 48
18	08 28 39 48
19	08 28 48
20	08 30
21	00 30
22	00 30

WIGILIA I SYLWESTER

5	31 51
6	11 31 57
7	17 37 57
8	17 37 57
9	20 40
10	00 20 40
11	00 20 40
12	00 20 40
13	00 20 40
14	00 22 42
15	02 22 42
16	02 22 42
17	02 20 40
18	00 14 35 55
19	17
20	
21	
22	

WIELKANOC,BOŻE NARODZENIE,NOWY ROK

5	
6	32
7	17
8	02 57
9	43
10	28
11	12 58
12	43
13	28
14	13 58
15	43
16	27
17	12
18	07 53
19	38
20	22
21	07 52
22	37

