MAJDANEK - DROGA M. MAJDANKA - FABRYCZNA - AL. ZYGMUNTOWSKIE - AL. PIŁSUDSKIEGO - GŁĘBOKA - FILARETÓW - ZANA - B. M. CASSINO - ARMII KRAJOWEJ - ORKANA - AL. KRAŚNICKA - WĘGLIN

DZIEŃ POWSZEDNI, ROK SZKOLNY

5	42
6	02 22 42
7	08 28 48
8	08 28 48
9	08 31 51
10	11 31 51
11	11 31 51
12	11 31 51
13	11 31 51
14	11 33 53
15	13 33 53
16	13 33 53
17	13 31 51
18	11 25 46
19	06 28 46
20	06 24 41
21	11 41
22	11 46

SOBOTA, ROK SZKOLNY

5	41
6	11 42
7	02 22 39 59
8	19 39 59
9	19 39 59
10	19 39 59
11	20 41
12	01 21 41
13	01 21 41
14	01 21 41
15	01 20 39 59
16	19 39 59
17	19 39 59
18	19 39 59
19	19 39 59
20	19 41
21	11 41
22	11 41

DZIEŃ ŚWIĄTECZNY, ROK SZKOLNY

5	41
6	11 41
7	11 41
8	11 41
9	11 41
10	11 41
11	11 40
12	00 20 40
13	00 20 40
14	00 20 40
15	00 20 40
16	00 20 39 59
17	19 39 59
18	19 39 59
19	19 39 59
20	19 41
21	11 41
22	11 41

WSZYSTKICH ŚWIĘTYCH

5	41
6	11 41
7	11 41
8	11 41
9	11 22 41 52
10	11 22 41 52
11	11 22 40 51
12	00 11 20 31 40 51
13	00 11 20 31 40 51
14	00 11 20 31 40 51
15	00 11 20 31 40 51
16	00 11 20 30 39 50 59
17	10 19 30 39 59
18	19 39 50 59
19	19 39 59
20	19 41
21	11 41
22	11 41

WIGILIA I SYLWESTER

5	42
6	02 22 42
7	08 28 48
8	08 28 48
9	08 31 51
10	11 31 51
11	11 31 51
12	11 31 51
13	11 31 51
14	11 33 53
15	13 33 53
16	13 33 53
17	13 31 51
18	11 25 46
19	06 28
20	
21	
22	

WIELKANOC,BOŻE NARODZENIE,NOWY ROK

5	
6	43
7	28
8	13
9	08 54
10	39
11	23
12	09 54
13	39
14	24
15	09 54
16	38
17	23
18	18
19	04 49
20	33
21	18
22	03 48

