MAJDANEK - DROGA M. MAJDANKA - FABRYCZNA - AL. ZYGMUNTOWSKIE - AL. PIŁSUDSKIEGO - GŁĘBOKA - FILARETÓW - ZANA - B. M. CASSINO - ARMII KRAJOWEJ - ORKANA - AL. KRAŚNICKA - WĘGLIN

DZIEŃ POWSZEDNI, ROK SZKOLNY

5	34 54
6	14 34
7	00 20 40
8	00 20 40
9	00 23 43
10	03 23 43
11	03 23 43
12	03 23 43
13	03 23 43
14	03 25 45
15	05 25 45
16	05 25 45
17	05 23 43
18	03 17 38 58
19	20 38 58
20	16 33
21	03 33
22	03 38

SOBOTA, ROK SZKOLNY

5	33
6	03 34 54
7	14 31 51
8	11 31 51
9	11 31 51
10	11 31 51
11	12 33 53
12	13 33 53
13	13 33 53
14	13 33 53
15	12 31 51
16	11 31 51
17	11 31 51
18	11 31 51
19	11 31 51
20	11 33
21	03 33
22	03 33

DZIEŃ ŚWIĄTECZNY, ROK SZKOLNY

5	33
6	03 33
7	03 33
8	03 33
9	03 33
10	03 33
11	03 32 52
12	12 32 52
13	12 32 52
14	12 32 52
15	12 32 52
16	12 31 51
17	11 31 51
18	11 31 51
19	11 31 51
20	11 33
21	03 33
22	03 33

WSZYSTKICH ŚWIĘTYCH

5	33
6	03 33
7	03 33
8	03 33
9	03 14 33 44
10	03 14 33 44
11	03 14 32 43 52
12	03 12 23 32 43 52
13	03 12 23 32 43 52
14	03 12 23 32 43 52
15	03 12 23 32 43 52
16	03 12 22 31 42 51
17	02 11 22 31 51
18	11 31 42 51
19	11 31 51
20	11 33
21	03 33
22	03 33

WIGILIA I SYLWESTER

5	34 54
6	14 34
7	00 20 40
8	00 20 40
9	00 23 43
10	03 23 43
11	03 23 43
12	03 23 43
13	03 23 43
14	03 25 45
15	05 25 45
16	05 25 45
17	05 23 43
18	03 17 38 58
19	20
20	
21	
22	

WIELKANOC,BOŻE NARODZENIE,NOWY ROK

5	
6	35
7	20
8	05
9	00 46
10	31
11	15
12	01 46
13	31
14	16
15	01 46
16	30
17	15
18	10 56
19	41
20	25
21	10 55
22	40

