ZEMBORZYCE GÓRNE - KRĘŻNICKA - JANOWSKA - NADBYSTRZYCKA - NARUTOWICZA - OKOPOWA - OKOPOWA

DZIEŃ POWSZEDNI, ROK SZKOLNY

5	14 40
6	24 49
7	06 33 50
8	33 56
9	21
10	01 47
11	31
12	16
13	03 38
14	26 46
15	04 50
16	09 29
17	23 39
18	01 56
19	32
20	14 50
21	
22	06

SOBOTA, ROK SZKOLNY

5	15
6	22
7	48
8	
9	14
10	28
11	44
12	
13	03
14	14
15	33
16	49
17	
18	15
19	33
20	45
21	58
22	

DZIEŃ ŚWIĄTECZNY, ROK SZKOLNY

5	
6	22
7	36
8	
9	01
10	17
11	32
12	54
13	
14	16
15	41
16	
17	06
18	21
19	45
20	
21	00
22	10

WIGILIA I SYLWESTER

5	14 40
6	24 49
7	06 33 50
8	33 56
9	21
10	01 47
11	31
12	16
13	03 38
14	26 46
15	04 50
16	09 29
17	23 39
18	01 56
19	32
20	
21	
22	

WIELKANOC,BOŻE NARODZENIE,NOWY ROK

5	
6	
7	48
8	
9	14
10	30
11	46
12	
13	05
14	18
15	34
16	50
17	
18	15
19	35
20	45
21	
22	

DZIEŃ SPECJALNY

5	14 40
6	24 48
7	06 33 50
8	33 56
9	21
10	01 47
11	31
12	16
13	03 38
14	26 46
15	04 50
16	09 29
17	23 39
18	01 56
19	32
20	14 50
21	
22	06

