ZEMBORZYCE GÓRNE - KRĘŻNICKA - JANOWSKA - NADBYSTRZYCKA - NARUTOWICZA - OKOPOWA - OKOPOWA

DZIEŃ POWSZEDNI, ROK SZKOLNY

5	10 36
6	20 44
7	01 28 45
8	28 51
9	16 56
10	42
11	26
12	11 58
13	33
14	21 41 59
15	45
16	04 24
17	18 34 56
18	52
19	28
20	10 46
21	
22	02

SOBOTA, ROK SZKOLNY

5	11
6	18
7	43
8	
9	09
10	23
11	39
12	58
13	
14	09
15	28
16	44
17	
18	11
19	29
20	41
21	54
22	

DZIEŃ ŚWIĄTECZNY, ROK SZKOLNY

5	
6	18
7	31
8	56
9	
10	12
11	27
12	49
13	
14	11
15	36
16	
17	01
18	17
19	41
20	56
21	
22	06

WIGILIA I SYLWESTER

5	10 36
6	20 44
7	01 28 45
8	28 51
9	16 56
10	42
11	26
12	11 58
13	33
14	21 41 59
15	45
16	04 24
17	18 34 56
18	52
19	28
20	
21	
22	

WIELKANOC,BOŻE NARODZENIE,NOWY ROK

5	
6	
7	43
8	
9	09
10	25
11	41
12	
13	00
14	13
15	29
16	45
17	
18	11
19	31
20	41
21	
22	

DZIEŃ SPECJALNY

5	10 36
6	20 44
7	01 28 45
8	28 51
9	16 56
10	42
11	26
12	11 58
13	33
14	21 41 59
15	45
16	04 24
17	18 34 56
18	52
19	28
20	10 46
21	
22	02

