ZEMBORZYCE GÓRNE - KRĘŻNICKA - JANOWSKA - NADBYSTRZYCKA - NARUTOWICZA - OKOPOWA - OKOPOWA

DZIEŃ POWSZEDNI, ROK SZKOLNY

5	02 28
6	12 36 53
7	20 37
8	20 43
9	08 48
10	34
11	18
12	03 50
13	25
14	13 33 51
15	37 56
16	16
17	10 26 48
18	44
19	20
20	02 38
21	54

SOBOTA, ROK SZKOLNY

5	03
6	10
7	35
8	
9	01
10	15
11	31
12	50
13	
14	01
15	20
16	36
17	
18	03
19	21
20	33
21	46

DZIEŃ ŚWIĄTECZNY, ROK SZKOLNY

5	
6	10
7	23
8	48
9	
10	04
11	19
12	41
13	
14	03
15	28
16	53
17	
18	09
19	33
20	48
21	58

WIGILIA I SYLWESTER

5	02 28
6	12 36 53
7	20 37
8	20 43
9	08 48
10	34
11	18
12	03 50
13	25
14	13 33 51
15	37 56
16	16
17	10 26 48
18	44
19	20
20	
21	

WIELKANOC,BOŻE NARODZENIE,NOWY ROK

5	
6	
7	35
8	
9	01
10	17
11	33
12	52
13	
14	05
15	21
16	37
17	
18	03
19	23
20	33
21	

DZIEŃ SPECJALNY

5	02 28
6	12 36 53
7	20 37
8	20 43
9	08 48
10	34
11	18
12	03 50
13	25
14	13 33 51
15	37 56
16	16
17	10 26 48
18	44
19	20
20	02 38
21	54

