ZEMBORZYCE GÓRNE - KRĘŻNICKA - JANOWSKA - NADBYSTRZYCKA - NARUTOWICZA - OKOPOWA - OKOPOWA

DZIEŃ POWSZEDNI, ROK SZKOLNY

5	08 34
6	18 42 59
7	26 43
8	26 49
9	14 54
10	40
11	24
12	09 56
13	31
14	19 39 57
15	43
16	02 22
17	16 32 54
18	50
19	26
20	08 44
21	
22	00

SOBOTA, ROK SZKOLNY

5	09
6	16
7	41
8	
9	07
10	21
11	37
12	56
13	
14	07
15	26
16	42
17	
18	09
19	27
20	39
21	52
22	

DZIEŃ ŚWIĄTECZNY, ROK SZKOLNY

5	
6	16
7	29
8	54
9	
10	10
11	25
12	47
13	
14	09
15	34
16	59
17	
18	15
19	39
20	54
21	
22	04

WIGILIA I SYLWESTER

5	08 34
6	18 42 59
7	26 43
8	26 49
9	14 54
10	40
11	24
12	09 56
13	31
14	19 39 57
15	43
16	02 22
17	16 32 54
18	50
19	26
20	
21	
22	

WIELKANOC,BOŻE NARODZENIE,NOWY ROK

5	
6	
7	41
8	
9	07
10	23
11	39
12	58
13	
14	11
15	27
16	43
17	
18	09
19	29
20	39
21	
22	

DZIEŃ SPECJALNY

5	08 34
6	18 42 59
7	26 43
8	26 49
9	14 54
10	40
11	24
12	09 56
13	31
14	19 39 57
15	43
16	02 22
17	16 32 54
18	50
19	26
20	08 44
21	
22	00

