ZEMBORZYCE GÓRNE - KRĘŻNICKA - JANOWSKA - NADBYSTRZYCKA - NARUTOWICZA - OKOPOWA - OKOPOWA

DZIEŃ POWSZEDNI, ROK SZKOLNY

5	04 30
6	14 38 55
7	22 39
8	22 45
9	10 50
10	36
11	20
12	05 52
13	27
14	15 35 53
15	39 58
16	18
17	12 28 50
18	46
19	22
20	04 40
21	56
22	

SOBOTA, ROK SZKOLNY

5	05
6	12
7	37
8	
9	03
10	17
11	33
12	52
13	
14	03
15	22
16	38
17	
18	05
19	23
20	35
21	48
22	

DZIEŃ ŚWIĄTECZNY, ROK SZKOLNY

5	
6	12
7	25
8	50
9	
10	06
11	21
12	43
13	
14	05
15	30
16	55
17	
18	11
19	35
20	50
21	
22	00

WIGILIA I SYLWESTER

5	04 30
6	14 38 55
7	22 39
8	22 45
9	10 50
10	36
11	20
12	05 52
13	27
14	15 35 53
15	39 58
16	18
17	12 28 50
18	46
19	22
20	
21	
22	

WIELKANOC,BOŻE NARODZENIE,NOWY ROK

5	
6	
7	37
8	
9	03
10	19
11	35
12	54
13	
14	07
15	23
16	39
17	
18	05
19	25
20	35
21	
22	

DZIEŃ SPECJALNY

5	04 30
6	14 38 55
7	22 39
8	22 45
9	10 50
10	36
11	20
12	05 52
13	27
14	15 35 53
15	39 58
16	18
17	12 28 50
18	46
19	22
20	04 40
21	56
22	

