ZEMBORZYCE GÓRNE - KRĘŻNICKA - JANOWSKA - NADBYSTRZYCKA - NARUTOWICZA - OKOPOWA - OKOPOWA

DZIEŃ POWSZEDNI, ROK SZKOLNY

5	05 31
6	15 39 56
7	23 40
8	23 46
9	11 51
10	37
11	21
12	06 53
13	28
14	16 36 54
15	40 59
16	19
17	13 29 51
18	47
19	23
20	05 41
21	57
22	

SOBOTA, ROK SZKOLNY

5	06
6	13
7	38
8	
9	04
10	18
11	34
12	53
13	
14	04
15	23
16	39
17	
18	06
19	24
20	36
21	49
22	

DZIEŃ ŚWIĄTECZNY, ROK SZKOLNY

5	
6	13
7	26
8	51
9	
10	07
11	22
12	44
13	
14	06
15	31
16	56
17	
18	12
19	36
20	51
21	
22	01

WIGILIA I SYLWESTER

5	05 31
6	15 39 56
7	23 40
8	23 46
9	11 51
10	37
11	21
12	06 53
13	28
14	16 36 54
15	40 59
16	19
17	13 29 51
18	47
19	23
20	
21	
22	

WIELKANOC,BOŻE NARODZENIE,NOWY ROK

5	
6	
7	38
8	
9	04
10	20
11	36
12	55
13	
14	08
15	24
16	40
17	
18	06
19	26
20	36
21	
22	

DZIEŃ SPECJALNY

5	05 31
6	15 39 56
7	23 40
8	23 46
9	11 51
10	37
11	21
12	06 53
13	28
14	16 36 54
15	40 59
16	19
17	13 29 51
18	47
19	23
20	05 41
21	57
22	

