FELIN - DOŚWIADCZALNA - DROGA M. MAJDANKA - WOLSKA - PLAC DWORCOWY - KROCHMALNA - NADBYSTRZYCKA - ZANA - B. M. CASSINO - AL. KRAŚNICKA - ROZTOCZE - JANA PAWŁA II - GRANITOWA - OS.PORĘBA

DZIEŃ POWSZEDNI, ROK SZKOLNY

5	09 30 54
6	12 25 54
7	18 44
8	09 39
9	04 29 54
10	19 44
11	12 34 59
12	24 49
13	14 39
14	04 29 57
15	23 44
16	09 34
17	04 35
18	00 30 59
19	27 59
20	29 59
21	29
22	09

SOBOTA, ROK SZKOLNY

5	31
6	11 38
7	12 48
8	28
9	06 46
10	24
11	06 45
12	25
13	04 44
14	25
15	06 39
16	18 59
17	42
18	19
19	02 37
20	09 42
21	19
22	09

DZIEŃ ŚWIĄTECZNY, ROK SZKOLNY

5	31
6	11 38
7	12 48
8	28
9	06 46
10	24
11	06 45
12	25
13	04 44
14	25
15	06 39
16	18 59
17	42
18	19
19	02 33
20	09 42
21	24
22	09

WSZYSTKICH ŚWIĘTYCH

5	13 30 54
6	09 25 54
7	18 44
8	09 39
9	04 29 54
10	19 44
11	09 34 59
12	24 49
13	14 39
14	04 29 57
15	19 44
16	09 34
17	04 35
18	00 30 59
19	29 59
20	29 59
21	29
22	09

WIGILIA I SYLWESTER

5	09 30 54
6	12 25 54
7	18 44
8	09 39
9	04 29 54
10	19 44
11	12 34 59
12	24 49
13	14 39
14	04 29 57
15	23 44
16	09 34
17	04 35
18	00 30
19	59
20	
21	
22	09

WIELKANOC,BOŻE NARODZENIE,NOWY ROK

5	
6	38
7	24
8	17
9	20
10	14
11	09
12	07
13	00 54
14	49
15	44
16	37
17	41
18	34
19	24
20	24
21	14
22	

