FELIN - DOŚWIADCZALNA - DROGA M. MAJDANKA - WOLSKA - PLAC DWORCOWY - KROCHMALNA - NADBYSTRZYCKA - ZANA - B. M. CASSINO - AL. KRAŚNICKA - ROZTOCZE - JANA PAWŁA II - GRANITOWA - OS.PORĘBA

DZIEŃ POWSZEDNI, ROK SZKOLNY

4	38 55
5	12 33 57
6	15 28 58
7	22 48
8	13 43
9	08 33 58
10	23 48
11	16 38
12	03 28 53
13	18 43
14	08 33
15	01 27 48
16	13 38
17	08 39
18	04 34
19	03 31
20	03 33
21	03 33
22	12

SOBOTA, ROK SZKOLNY

4	40
5	34
6	14 41
7	16 52
8	32
9	10 50
10	28
11	10 49
12	29
13	08 48
14	29
15	10 43
16	22
17	03 46
18	23
19	06 41
20	13 46
21	23
22	12

DZIEŃ ŚWIĄTECZNY, ROK SZKOLNY

4	40
5	34
6	14 41
7	16 52
8	32
9	10 50
10	28
11	10 49
12	29
13	08 48
14	29
15	10 43
16	22
17	03 46
18	23
19	06 37
20	13 46
21	28
22	12

WSZYSTKICH ŚWIĘTYCH

4	38
5	00 16 33 57
6	12 28 57
7	22 48
8	13 43
9	08 33 58
10	23 48
11	13 38
12	03 28 53
13	18 43
14	08 33
15	01 23 48
16	13 38
17	08 39
18	04 34
19	03 33
20	03 33
21	03 33
22	12

WIGILIA I SYLWESTER

4	38 55
5	12 33 57
6	15 28 58
7	22 48
8	13 43
9	08 33 58
10	23 48
11	16 38
12	03 28 53
13	18 43
14	08 33
15	01 27 48
16	13 38
17	08 39
18	04 34
19	
20	03
21	
22	12

WIELKANOC,BOŻE NARODZENIE,NOWY ROK

4	
5	
6	41
7	28
8	21
9	24
10	18
11	13
12	11
13	04 58
14	53
15	48
16	41
17	45
18	38
19	28
20	28
21	18
22	

