FELIN - DOŚWIADCZALNA - DROGA M. MAJDANKA - WOLSKA - PLAC DWORCOWY - KROCHMALNA - NADBYSTRZYCKA - ZANA - B. M. CASSINO - AL. KRAŚNICKA - ROZTOCZE - JANA PAWŁA II - GRANITOWA - OS.PORĘBA

DZIEŃ POWSZEDNI, ROK SZKOLNY

5	08 25 42
6	03 27 49
7	11 43
8	07 33 58
9	28 53
10	18 43
11	08 33
12	01 23 48
13	13 38
14	03 29 58
15	23 51
16	17 38
17	03 28 58
18	25 43
19	13 42
20	10 42
21	12 42
22	10 42

SOBOTA, ROK SZKOLNY

5	10
6	04 44
7	13 55
8	31
9	11 49
10	29
11	07 49
12	28
13	08 47
14	27
15	08 49
16	22
17	01 42
18	24 59
19	42
20	17 49
21	22 59
22	42

DZIEŃ ŚWIĄTECZNY, ROK SZKOLNY

5	10
6	04 44
7	13 55
8	31
9	11 49
10	29
11	07 49
12	28
13	08 47
14	27
15	08 49
16	22
17	01 42
18	24 59
19	42
20	13 49
21	22
22	04 42

WSZYSTKICH ŚWIĘTYCH

5	08 30 46
6	03 27 42 58
7	34
8	01 27 52
9	22 47
10	12 37
11	02 27 52
12	17 42
13	07 32 57
14	22 47
15	12 40
16	02 27 52
17	17 47
18	17 40
19	10 39
20	09 39
21	09 39
22	08 42

WIGILIA I SYLWESTER

5	08 25 42
6	03 27 49
7	11 43
8	07 33 58
9	28 53
10	18 43
11	08 33
12	01 23 48
13	13 38
14	03 29 58
15	23 51
16	17 38
17	03 28 58
18	25 43
19	13
20	42
21	
22	42

WIELKANOC,BOŻE NARODZENIE,NOWY ROK

5	
6	
7	13
8	07
9	00
10	03 57
11	52
12	50
13	43
14	37
15	32
16	27
17	20
18	23
19	14
20	04
21	04 54
22	

