FELIN - DOŚWIADCZALNA - DROGA M. MAJDANKA - WOLSKA - PLAC DWORCOWY - KROCHMALNA - NADBYSTRZYCKA - ZANA - B. M. CASSINO - AL. KRAŚNICKA - ROZTOCZE - JANA PAWŁA II - GRANITOWA - OS.PORĘBA

DZIEŃ POWSZEDNI, ROK SZKOLNY

4	47
5	04 21 42
6	06 24 43
7	15 39
8	05 30
9	00 25 50
10	15 40
11	05 33 55
12	20 45
13	10 35
14	00 29 54
15	22 48
16	09 34 59
17	29
18	00 18 48
19	17 45
20	17 47
21	17 47
22	21

SOBOTA, ROK SZKOLNY

4	49
5	43
6	23 50
7	29
8	05 45
9	23
10	03 41
11	23
12	02 42
13	21
14	01 42
15	23 56
16	35
17	16 59
18	35
19	18 53
20	25 58
21	35
22	21

DZIEŃ ŚWIĄTECZNY, ROK SZKOLNY

4	49
5	43
6	23 50
7	29
8	05 45
9	23
10	03 41
11	23
12	02 42
13	21
14	01 42
15	23 56
16	35
17	16 59
18	35
19	18 49
20	25 58
21	40
22	21

WSZYSTKICH ŚWIĘTYCH

4	47
5	09 25 42
6	06 21 37
7	08 35
8	01 26 56
9	21 46
10	11 36
11	01 26 51
12	16 41
13	06 31 56
14	21 46
15	14 36
16	01 26 51
17	21 52
18	16 46
19	15 45
20	15 45
21	15 45
22	21

WIGILIA I SYLWESTER

4	47
5	04 21 42
6	06 24 43
7	15 39
8	05 30
9	00 25 50
10	15 40
11	05 33 55
12	20 45
13	10 35
14	00 29 54
15	22 48
16	09 34 59
17	29
18	00 18 48
19	
20	17
21	
22	21

WIELKANOC,BOŻE NARODZENIE,NOWY ROK

4	
5	
6	50
7	41
8	34
9	37
10	31
11	26
12	24
13	17
14	11
15	06
16	01 54
17	58
18	50
19	40
20	40
21	30
22	

