FELIN - DOŚWIADCZALNA - DROGA M. MAJDANKA - WOLSKA - PLAC DWORCOWY - KROCHMALNA - NADBYSTRZYCKA - ZANA - B. M. CASSINO - AL. KRAŚNICKA - ROZTOCZE - JANA PAWŁA II - GRANITOWA - OS.PORĘBA

DZIEŃ POWSZEDNI, ROK SZKOLNY

4	45
5	02 19 40
6	04 22 39
7	11 35
8	01 26 56
9	21 46
10	11 36
11	01 29 51
12	16 41
13	06 31 56
14	24 49
15	17 43
16	04 29 54
17	24 55
18	15 45
19	14 42
20	14 44
21	14 44
22	19

SOBOTA, ROK SZKOLNY

4	47
5	41
6	21 48
7	26
8	02 42
9	20
10	00 38
11	20 59
12	39
13	18 58
14	39
15	20 53
16	32
17	13 56
18	32
19	15 50
20	22 55
21	32
22	19

DZIEŃ ŚWIĄTECZNY, ROK SZKOLNY

4	47
5	41
6	21 48
7	26
8	02 42
9	20
10	00 38
11	20 59
12	39
13	18 58
14	39
15	20 53
16	32
17	13 56
18	32
19	15 46
20	22 55
21	37
22	19

WSZYSTKICH ŚWIĘTYCH

4	45
5	07 23 40
6	04 19 35
7	05 32 58
8	23 53
9	18 43
10	08 33 58
11	23 48
12	13 38
13	03 28 53
14	18 43
15	11 33 58
16	23 48
17	18 49
18	13 43
19	12 42
20	12 42
21	12 42
22	19

WIGILIA I SYLWESTER

4	45
5	02 19 40
6	04 22 39
7	11 35
8	01 26 56
9	21 46
10	11 36
11	01 29 51
12	16 41
13	06 31 56
14	24 49
15	17 43
16	04 29 54
17	24 55
18	15 45
19	
20	14
21	
22	19

WIELKANOC,BOŻE NARODZENIE,NOWY ROK

4	
5	
6	48
7	38
8	31
9	34
10	28
11	23
12	21
13	14
14	08
15	03 58
16	51
17	55
18	47
19	37
20	37
21	27
22	

