FELIN - DOŚWIADCZALNA - DROGA M. MAJDANKA - WOLSKA - PLAC DWORCOWY - KROCHMALNA - NADBYSTRZYCKA - ZANA - B. M. CASSINO - AL. KRAŚNICKA - ROZTOCZE - JANA PAWŁA II - GRANITOWA - OS.PORĘBA

DZIEŃ POWSZEDNI, ROK SZKOLNY

4	49
5	06 23 44
6	08 26 47
7	19 43
8	09 34
9	04 29 54
10	19 44
11	09 37 59
12	24 49
13	14 39
14	04 33 58
15	26 52
16	13 38
17	03 33
18	04 22 52
19	21 49
20	21 51
21	21 51
22	23

SOBOTA, ROK SZKOLNY

4	51
5	45
6	25 52
7	33
8	09 49
9	27
10	07 45
11	27
12	06 46
13	25
14	05 46
15	27
16	00 39
17	20
18	03 38
19	21 56
20	28
21	01 38
22	23

DZIEŃ ŚWIĄTECZNY, ROK SZKOLNY

4	51
5	45
6	25 52
7	33
8	09 49
9	27
10	07 45
11	27
12	06 46
13	25
14	05 46
15	27
16	00 39
17	20
18	03 38
19	21 52
20	28
21	01 43
22	23

WSZYSTKICH ŚWIĘTYCH

4	49
5	11 27 44
6	08 23 39
7	12 39
8	05 30
9	00 25 50
10	15 40
11	05 30 55
12	20 45
13	10 35
14	00 25 50
15	18 40
16	05 30 55
17	25 56
18	19 49
19	18 48
20	18 48
21	18 48
22	23

WIGILIA I SYLWESTER

4	49
5	06 23 44
6	08 26 47
7	19 43
8	09 34
9	04 29 54
10	19 44
11	09 37 59
12	24 49
13	14 39
14	04 33 58
15	26 52
16	13 38
17	03 33
18	04 22 52
19	
20	21
21	
22	23

WIELKANOC,BOŻE NARODZENIE,NOWY ROK

4	
5	
6	52
7	45
8	38
9	41
10	35
11	30
12	28
13	21
14	15
15	10
16	05 58
17	
18	02 53
19	43
20	43
21	33
22	

