FELIN - DOŚWIADCZALNA - DROGA M. MAJDANKA - WOLSKA - PLAC DWORCOWY - KROCHMALNA - NADBYSTRZYCKA - ZANA - B. M. CASSINO - AL. KRAŚNICKA - ROZTOCZE - JANA PAWŁA II - GRANITOWA - OS.PORĘBA

DZIEŃ POWSZEDNI, ROK SZKOLNY

5	04 21 38 59
6	23 45
7	07 39
8	03 29 54
9	24 49
10	14 39
11	04 29 57
12	19 44
13	09 34 59
14	25 54
15	19 47
16	13 34 59
17	24 54
18	21 39
19	09 38
20	06 38
21	08 38
22	06 38

SOBOTA, ROK SZKOLNY

5	06
6	00 40
7	09 51
8	27
9	07 45
10	25
11	03 45
12	24
13	04 43
14	23
15	04 45
16	18 57
17	38
18	20 55
19	38
20	13 45
21	18 55
22	38

DZIEŃ ŚWIĄTECZNY, ROK SZKOLNY

5	06
6	00 40
7	09 51
8	27
9	07 45
10	25
11	03 45
12	24
13	04 43
14	23
15	04 45
16	18 57
17	38
18	20 55
19	38
20	09 45
21	18
22	00 38

WSZYSTKICH ŚWIĘTYCH

5	04 26 42 59
6	23 38 54
7	30 57
8	23 48
9	18 43
10	08 33 58
11	23 48
12	13 38
13	03 28 53
14	18 43
15	08 36 58
16	23 48
17	13 43
18	13 36
19	06 35
20	05 35
21	05 35
22	04 38

WIGILIA I SYLWESTER

5	04 21 38 59
6	23 45
7	07 39
8	03 29 54
9	24 49
10	14 39
11	04 29 57
12	19 44
13	09 34 59
14	25 54
15	19 47
16	13 34 59
17	24 54
18	21 39
19	09
20	38
21	
22	38

WIELKANOC,BOŻE NARODZENIE,NOWY ROK

5	
6	
7	09
8	03 56
9	59
10	53
11	48
12	46
13	39
14	33
15	28
16	23
17	16
18	19
19	10
20	00
21	00 50
22	

