FELIN - DOŚWIADCZALNA - DROGA M. MAJDANKA - WOLSKA - PLAC DWORCOWY - KROCHMALNA - NADBYSTRZYCKA - ZANA - B. M. CASSINO - AL. KRAŚNICKA - ROZTOCZE - JANA PAWŁA II - GRANITOWA - OS.PORĘBA

DZIEŃ POWSZEDNI, ROK SZKOLNY

4	53
5	10 27 48
6	12 30 52
7	24 48
8	14 39
9	09 34 59
10	24 49
11	14 42
12	04 29 54
13	19 44
14	09 38
15	03 31 57
16	18 43
17	08 38
18	08 26 56
19	25 53
20	25 55
21	25 55
22	27

SOBOTA, ROK SZKOLNY

4	55
5	49
6	29 56
7	37
8	13 53
9	31
10	11 49
11	31
12	10 50
13	29
14	09 50
15	31
16	04 43
17	24
18	07 42
19	25
20	00 32
21	05 42
22	27

DZIEŃ ŚWIĄTECZNY, ROK SZKOLNY

4	55
5	49
6	29 56
7	37
8	13 53
9	31
10	11 49
11	31
12	10 50
13	29
14	09 50
15	31
16	04 43
17	24
18	07 42
19	25 56
20	32
21	05 47
22	27

WSZYSTKICH ŚWIĘTYCH

4	53
5	15 31 48
6	12 27 43
7	16 43
8	09 34
9	04 29 54
10	19 44
11	09 34 59
12	24 49
13	14 39
14	04 29 54
15	22 44
16	09 34 59
17	29
18	00 23 53
19	22 52
20	22 52
21	22 52
22	27

WIGILIA I SYLWESTER

4	53
5	10 27 48
6	12 30 52
7	24 48
8	14 39
9	09 34 59
10	24 49
11	14 42
12	04 29 54
13	19 44
14	09 38
15	03 31 57
16	18 43
17	08 38
18	08 26 56
19	
20	25
21	
22	27

WIELKANOC,BOŻE NARODZENIE,NOWY ROK

4	
5	
6	56
7	49
8	42
9	45
10	39
11	34
12	32
13	25
14	19
15	14
16	09
17	02
18	06 57
19	47
20	47
21	37
22	

