WĘGLIN - AL. KRAŚNICKA - AL. RACŁAWICKIE - LIPOWA - AL. PIŁSUDSKIEGO - PLAC DWORCOWY - DWORZEC GŁ. PKP

DZIEŃ POWSZEDNI, ROK SZKOLNY

4	44
5	18 38 58
6	18 24 48
7	10 30 50
8	10 30 50
9	08 28 48
10	08 28 48
11	08 28 48
12	08 28 48
13	08 28 48
14	07 27 47
15	07 27 47
16	07 27 47
17	09 29 49
18	09 29 49
19	09 29 49
20	09 27 57
21	27 57
22	25

SOBOTA, ROK SZKOLNY

4	48
5	26 56
6	18 38 58
7	21 41
8	01 21 41
9	01 21 41
10	01 21 41
11	01 22 42
12	02 22 42
13	02 22 42
14	02 22 42
15	02 22 42
16	02 22 42
17	02 22 42
18	02 22 42
19	02 22 42
20	02 28 58
21	28 58
22	26

DZIEŃ ŚWIĄTECZNY, ROK SZKOLNY

4	48
5	26 56
6	26 56
7	26 56
8	29 59
9	29 59
10	29 59
11	22 42
12	02 22 42
13	02 22 42
14	02 22 42
15	02 22 42
16	02 22 42
17	02 22 42
18	02 22 42
19	02 22 42
20	02 29 59
21	29 59
22	26

WIGILIA I SYLWESTER

4	44
5	18 38 58
6	18 24 48
7	10 30 50
8	10 30 50
9	08 28 48
10	08 28 48
11	08 28 48
12	08 28 48
13	08 28 48
14	07 27 47
15	07 27 47
16	07 27 47
17	09 29 49
18	09 29 49
19	09 29
20	27 57
21	
22	25

WIELKANOC,BOŻE NARODZENIE,NOWY ROK

4	
5	34 58
6	35
7	08 35 58
8	36
9	01 26 51
10	16 41
11	06 32 57
12	22 47
13	12 37
14	02 27 52
15	17 42
16	07 32 57
17	22 57
18	22 47
19	12 37
20	02 28
21	13 58
22	40

