OS. WIDOK - FILARETÓW - JANA PAWŁA II - KROCHMALNA - DIAMENTOWA - ZEMBORZYCKA - KUNICKIEGO - WOLSKA - FABRYCZNA - ZAMOJSKA - LUBARTOWSKA - AL. TYSIĄCLECIA - PODZAMCZE - AL. SPÓŁDZIELCZOŚCI PRACY - ZWIĄZKOWA - CHOINY - PADEREWSKIEGO

DZIEŃ POWSZEDNI, ROK SZKOLNY

5	16 29. 41 53.
6	05 18. 31. 45 58
7	12 24 37. 50
8	02. 15 28. 41. 54
9	07 25 38 51.
10	04 17. 30 43. 56.
11	09 22 35 48
12	01. 14 27. 40 53.
13	06. 19 32 45 58
14	11. 24 37. 50
15	03. 14. 26 39 52
16	05 18. 31 44. 57
17	10. 27. 40 58
18	11 23 39 56.
19	11 26. 41. 57
20	12 26 41 58.
21	15 35. 55
22	15

SOBOTA, ROK SZKOLNY

5	02 30 50
6	05 23 37. 51
7	07. 23 42
8	01 20 44.
9	01 20. 38 53
10	10 28 47.
11	05 23. 41
12	02 20 38 57.
13	15 32. 50
14	09 28 45
15	02. 19 37. 52
16	10 30 46
17	05. 20 39.
18	00 18 37 57
19	10. 29 41. 56
20	17 40 58.
21	17 41
22	16

DZIEŃ ŚWIĄTECZNY, ROK SZKOLNY

5	10 42
6	02 23 38
7	04 25 51
8	15 48
9	15 38
10	09 33 51
11	16 41
12	08 34 59
13	24 49
14	16 38
15	03 25 54
16	16 44
17	07 40
18	05 24 48
19	16 36 58
20	25 50
21	14 40
22	12

WIELKANOC,BOŻE NARODZENIE,NOWY ROK

5	15
6	22 55
7	28
8	22
9	05 46
10	29
11	13 57
12	38
13	21
14	05 48
15	31
16	14 57
17	42
18	25
19	05 40
20	20 55
21	28
22	10

