OS. WIDOK - FILARETÓW - JANA PAWŁA II - KROCHMALNA - DIAMENTOWA - ZEMBORZYCKA - KUNICKIEGO - WOLSKA - FABRYCZNA - ZAMOJSKA - LUBARTOWSKA - AL. TYSIĄCLECIA - PODZAMCZE - AL. SPÓŁDZIELCZOŚCI PRACY - ZWIĄZKOWA - CHOINY - PADEREWSKIEGO

DZIEŃ POWSZEDNI, ROK SZKOLNY

5	20 33. 45 57.
6	09 22. 35. 49
7	02 16 28 41. 54
8	06. 19 32. 45. 58
9	11 29 42 55.
10	08 21. 34 47.
11	00. 13 26 39 52
12	05. 18 31. 44 57.
13	10. 23 36 49
14	02 15. 28 41. 54
15	07. 18. 30 43 56
16	09 22. 35 48.
17	01 14. 31. 44
18	02 15 27 43
19	00. 15 30. 45.
20	01 16 30 45
21	02. 19 39. 59
22	19

SOBOTA, ROK SZKOLNY

5	06 34 54
6	09 27 41. 55
7	11. 27 46
8	05 24 48.
9	05 24. 42 57
10	14 32 51.
11	09 27. 45
12	06 24 42
13	01. 19 36. 54
14	13 32 49
15	06. 23 41. 56
16	14 34 50
17	09. 24 43.
18	04 22 41
19	01 14. 33 45.
20	00 21 44
21	02. 21 45
22	20

DZIEŃ ŚWIĄTECZNY, ROK SZKOLNY

5	14 46
6	06 27 42
7	08 29 55
8	19 52
9	19 42
10	13 37 55
11	20 45
12	12 38
13	03 28 53
14	20 42
15	07 29 58
16	20 48
17	11 44
18	09 28 52
19	20 40
20	02 29 54
21	18 44
22	16

WIELKANOC,BOŻE NARODZENIE,NOWY ROK

5	19
6	26 59
7	32
8	26
9	09 50
10	33
11	17
12	01 42
13	25
14	09 52
15	35
16	18
17	01 46
18	29
19	09 44
20	24 59
21	32
22	14

