OS. WIDOK - FILARETÓW - JANA PAWŁA II - KROCHMALNA - DIAMENTOWA - ZEMBORZYCKA - KUNICKIEGO - WOLSKA - FABRYCZNA - ZAMOJSKA - LUBARTOWSKA - AL. TYSIĄCLECIA - PODZAMCZE - AL. SPÓŁDZIELCZOŚCI PRACY - ZWIĄZKOWA - CHOINY - PADEREWSKIEGO

DZIEŃ POWSZEDNI, ROK SZKOLNY

5	18 31. 43 55.
6	07 20. 33. 47
7	00 14 26 39. 52
8	04. 17 30. 43. 56
9	09 27 40 53.
10	06 19. 32 45. 58.
11	11 24 37 50
12	03. 16 29. 42 55.
13	08. 21 34 47
14	00 13. 26 39. 52
15	05. 16. 28 41 54
16	07 20. 33 46. 59
17	12. 29. 42
18	00 13 25 41 58.
19	13 28. 43. 59
20	14 28 43
21	00. 17 37. 57
22	17

SOBOTA, ROK SZKOLNY

5	04 32 52
6	07 25 39. 53
7	09. 25 44
8	03 22 46.
9	03 22. 40 55
10	12 30 49.
11	07 25. 43
12	04 22 40 59.
13	17 34. 52
14	11 30 47
15	04. 21 39. 54
16	12 32 48
17	07. 22 41.
18	02 20 39 59
19	12. 31 43. 58
20	19 42
21	00. 19 43
22	18

DZIEŃ ŚWIĄTECZNY, ROK SZKOLNY

5	12 44
6	04 25 40
7	06 27 53
8	17 50
9	17 40
10	11 35 53
11	18 43
12	10 36
13	01 26 51
14	18 40
15	05 27 56
16	18 46
17	09 42
18	07 26 50
19	18 38
20	00 27 52
21	16 42
22	14

WIELKANOC,BOŻE NARODZENIE,NOWY ROK

5	17
6	24 57
7	30
8	24
9	07 48
10	31
11	15 59
12	40
13	23
14	07 50
15	33
16	16 59
17	44
18	27
19	07 42
20	22 57
21	30
22	12

