OS. WIDOK - FILARETÓW - JANA PAWŁA II - KROCHMALNA - DIAMENTOWA - ZEMBORZYCKA - KUNICKIEGO - WOLSKA - FABRYCZNA - ZAMOJSKA - LUBARTOWSKA - AL. TYSIĄCLECIA - PODZAMCZE - AL. SPÓŁDZIELCZOŚCI PRACY - ZWIĄZKOWA - CHOINY - PADEREWSKIEGO

DZIEŃ POWSZEDNI, ROK SZKOLNY

5	19 32. 44 56.
6	08 21. 34. 48
7	01 15 27 40. 53
8	05. 18 31. 44. 57
9	10 28 41 54.
10	07 20. 33 46. 59.
11	12 25 38 51
12	04. 17 30. 43 56.
13	09. 22 35 48
14	01 14. 27 40. 53
15	06. 17. 29 42 55
16	08 21. 34 47.
17	00 13. 30. 43
18	01 14 26 42 59.
19	14 29. 44.
20	00 15 29 44
21	01. 18 38. 58
22	18

SOBOTA, ROK SZKOLNY

5	05 33 53
6	08 26 40. 54
7	10. 26 45
8	04 23 47.
9	04 23. 41 56
10	13 31 50.
11	08 26. 44
12	05 23 41
13	00. 18 35. 53
14	12 31 48
15	05. 22 40. 55
16	13 33 49
17	08. 23 42.
18	03 21 40
19	00 13. 32 44. 59
20	20 43
21	01. 20 44
22	19

DZIEŃ ŚWIĄTECZNY, ROK SZKOLNY

5	13 45
6	05 26 41
7	07 28 54
8	18 51
9	18 41
10	12 36 54
11	19 44
12	11 37
13	02 27 52
14	19 41
15	06 28 57
16	19 47
17	10 43
18	08 27 51
19	19 39
20	01 28 53
21	17 43
22	15

WIELKANOC,BOŻE NARODZENIE,NOWY ROK

5	18
6	25 58
7	31
8	25
9	08 49
10	32
11	16
12	00 41
13	24
14	08 51
15	34
16	17
17	00 45
18	28
19	08 43
20	23 58
21	31
22	13

