OS. WIDOK - FILARETÓW - JANA PAWŁA II - KROCHMALNA - DIAMENTOWA - ZEMBORZYCKA - KUNICKIEGO - WOLSKA - FABRYCZNA - ZAMOJSKA - LUBARTOWSKA - AL. TYSIĄCLECIA - PODZAMCZE - AL. SPÓŁDZIELCZOŚCI PRACY - ZWIĄZKOWA - CHOINY - PADEREWSKIEGO

DZIEŃ POWSZEDNI, ROK SZKOLNY

5	35 48.
6	00 12. 24 38. 53.
7	07 20 34 46 59.
8	12 24. 37 50.
9	03. 16 29 47
10	00 13. 26 39. 52
11	05. 18. 31 44 57
12	10 23. 36 49.
13	02 15. 28. 41 54
14	07 21 34. 47
15	00. 13 26. 37. 49
16	02 15 28 41. 54
17	07. 20 33. 50.
18	02 19 32 44
19	00 17. 32 47.
20	02. 18 33 47
21	02 19. 36 56.
22	15 34

SOBOTA, ROK SZKOLNY

5	21 49
6	09 24 42 56.
7	11 29. 45
8	04 23 42
9	06. 23 42.
10	00 15 32 50
11	09. 27 45.
12	03 24 42
13	00 19. 37 54.
14	12 31 50
15	07 24. 41 59.
16	14 32 52
17	08 27. 42
18	01. 21 39 58
19	18 31. 50
20	02. 17 38
21	01 19. 38
22	02 35

DZIEŃ ŚWIĄTECZNY, ROK SZKOLNY

5	29
6	01 21 42 57
7	26 47
8	13 37
9	10 37
10	00 31 55
11	13 38
12	03 30 56
13	21 46
14	11 38
15	00 25 47
16	16 38
17	06 29
18	02 26 45
19	09 37 57
20	19 46
21	11 35
22	01 31

WIELKANOC,BOŻE NARODZENIE,NOWY ROK

5	34
6	41
7	16 50
8	44
9	27
10	08 51
11	35
12	19
13	00 43
14	27
15	10 53
16	36
17	19
18	03 46
19	26
20	01 41
21	16 49
22	29

