OS. WIDOK - FILARETÓW - JANA PAWŁA II - KROCHMALNA - DIAMENTOWA - ZEMBORZYCKA - KUNICKIEGO - WOLSKA - FABRYCZNA - ZAMOJSKA - LUBARTOWSKA - AL. TYSIĄCLECIA - PODZAMCZE - AL. SPÓŁDZIELCZOŚCI PRACY - ZWIĄZKOWA - CHOINY - PADEREWSKIEGO

DZIEŃ POWSZEDNI, ROK SZKOLNY

5	31 44. 56
6	08. 20 33. 48.
7	02 15 29 41 54.
8	07 19. 32 45. 58.
9	11 24 42 55
10	08. 21 34. 47
11	00. 13. 26 39 52
12	05 18. 31 44. 57
13	10. 23. 36 49
14	02 16 29. 42 55.
15	08 21. 32. 44 57
16	10 23 36. 49
17	02. 15 28. 45. 58
18	15 28 40 56
19	13. 28 43. 58.
20	14 29 43 58
21	15. 32 52.
22	11 30

SOBOTA, ROK SZKOLNY

5	17 45
6	05 20 38 52.
7	06 24. 40 59
8	18 37
9	01. 18 37. 55
10	10 27 45
11	04. 22 40. 58
12	19 37 55
13	14. 32 49.
14	07 26 45
15	02 19. 36 54.
16	09 27 47
17	03 22. 37 56.
18	17 35 54
19	14 27. 46 58.
20	13 34 57
21	15. 34 58
22	31

DZIEŃ ŚWIĄTECZNY, ROK SZKOLNY

5	25 57
6	17 38 53
7	21 42
8	08 32
9	05 32 55
10	26 50
11	08 33 58
12	25 51
13	16 41
14	06 33 55
15	20 42
16	11 33
17	01 24 57
18	22 41
19	05 33 53
20	15 42
21	07 31 57
22	27

WIELKANOC,BOŻE NARODZENIE,NOWY ROK

5	30
6	37
7	11 45
8	39
9	22
10	03 46
11	30
12	14 55
13	38
14	22
15	05 48
16	31
17	14 59
18	42
19	22 57
20	37
21	12 45
22	25

