OS. WIDOK - FILARETÓW - JANA PAWŁA II - KROCHMALNA - DIAMENTOWA - ZEMBORZYCKA - KUNICKIEGO - WOLSKA - FABRYCZNA - ZAMOJSKA - LUBARTOWSKA - AL. TYSIĄCLECIA - PODZAMCZE - AL. SPÓŁDZIELCZOŚCI PRACY - ZWIĄZKOWA - CHOINY - PADEREWSKIEGO

DZIEŃ POWSZEDNI, ROK SZKOLNY

5	29 42. 54
6	06. 18 31. 46.
7	00 13 27 39 52.
8	05 17. 30 43. 56.
9	09 22 40 53
10	06. 19 32. 45 58.
11	11. 24 37 50
12	03 16. 29 42. 55
13	08. 21. 34 47
14	00 14 27. 40 53.
15	06 19. 30. 42 55
16	08 21 34. 47
17	00. 13 26. 43. 56
18	13 26 38 54
19	11. 26 41. 56.
20	12 27 41 56
21	13. 30 50.
22	09 28

SOBOTA, ROK SZKOLNY

5	15 43
6	03 18 36 50.
7	04 22. 38 57
8	16 35 59.
9	16 35. 53
10	08 25 43
11	02. 20 38. 56
12	17 35 53
13	12. 30 47.
14	05 24 43
15	00 17. 34 52.
16	07 25 45
17	01 20. 35 54.
18	15 33 52
19	12 25. 44 56.
20	11 32 55
21	13. 32 56
22	29

DZIEŃ ŚWIĄTECZNY, ROK SZKOLNY

5	23 55
6	15 36 51
7	19 40
8	06 30
9	03 30 53
10	24 48
11	06 31 56
12	23 49
13	14 39
14	04 31 53
15	18 40
16	09 31 59
17	22 55
18	20 39
19	03 31 51
20	13 40
21	05 29 55
22	25

WIELKANOC,BOŻE NARODZENIE,NOWY ROK

5	28
6	35
7	09 43
8	37
9	20
10	01 44
11	28
12	12 53
13	36
14	20
15	03 46
16	29
17	12 57
18	40
19	20 55
20	35
21	10 43
22	23

