OS. WIDOK - FILARETÓW - JANA PAWŁA II - KROCHMALNA - DIAMENTOWA - ZEMBORZYCKA - KUNICKIEGO - WOLSKA - FABRYCZNA - ZAMOJSKA - LUBARTOWSKA - AL. TYSIĄCLECIA - PODZAMCZE - AL. SPÓŁDZIELCZOŚCI PRACY - ZWIĄZKOWA - CHOINY - PADEREWSKIEGO

DZIEŃ POWSZEDNI, ROK SZKOLNY

5	27 40. 52
6	04. 16 29. 44. 58
7	11 25 37 50.
8	03 15. 28 41. 54.
9	07 20 38 51
10	04. 17 30. 43 56.
11	09. 22 35 48
12	01 14. 27 40. 53
13	06. 19. 32 45 58
14	12 25. 38 51.
15	04 17. 28. 40 53
16	06 19 32. 45 58.
17	11 24. 41. 54
18	11 24 36 52
19	09. 24 39. 54.
20	10 25 39 54
21	11. 28 48.
22	07 26

SOBOTA, ROK SZKOLNY

5	13 41
6	01 16 34 48.
7	02 20. 36 55
8	14 33 57.
9	14 33. 51
10	06 23 41
11	00. 18 36. 54
12	15 33 51
13	10. 28 45.
14	03 22 41 58
15	15. 32 50.
16	05 23 43 59
17	18. 33 52.
18	13 31 50
19	10 23. 42 54.
20	09 30 53
21	11. 30 54
22	27

DZIEŃ ŚWIĄTECZNY, ROK SZKOLNY

5	21 53
6	13 34 49
7	17 38
8	04 28
9	01 28 51
10	22 46
11	04 29 54
12	21 47
13	12 37
14	02 29 51
15	16 38
16	07 29 57
17	20 53
18	18 37
19	01 29 49
20	11 38
21	03 27 53
22	23

WIELKANOC,BOŻE NARODZENIE,NOWY ROK

5	26
6	33
7	07 41
8	35
9	18 59
10	42
11	26
12	10 51
13	34
14	18
15	01 44
16	27
17	10 55
18	38
19	18 53
20	33
21	08 41
22	21

