OS. WIDOK - FILARETÓW - JANA PAWŁA II - KROCHMALNA - DIAMENTOWA - ZEMBORZYCKA - KUNICKIEGO - WOLSKA - FABRYCZNA - ZAMOJSKA - LUBARTOWSKA - AL. TYSIĄCLECIA - PODZAMCZE - AL. SPÓŁDZIELCZOŚCI PRACY - ZWIĄZKOWA - CHOINY - PADEREWSKIEGO

DZIEŃ POWSZEDNI, ROK SZKOLNY

5	28 41. 53
6	05. 17 30. 45. 59
7	12 26 38 51.
8	04 16. 29 42. 55.
9	08 21 39 52
10	05. 18 31. 44 57.
11	10. 23 36 49
12	02 15. 28 41. 54
13	07. 20. 33 46 59
14	13 26. 39 52.
15	05 18. 29. 41 54
16	07 20 33. 46 59.
17	12 25. 42. 55
18	12 25 37 53
19	10. 25 40. 55.
20	11 26 40 55
21	12. 29 49.
22	08 27

SOBOTA, ROK SZKOLNY

5	14 42
6	02 17 35 49.
7	03 21. 37 56
8	15 34 58.
9	15 34. 52
10	07 24 42
11	01. 19 37. 55
12	16 34 52
13	11. 29 46.
14	04 23 42 59
15	16. 33 51.
16	06 24 44
17	00 19. 34 53.
18	14 32 51
19	11 24. 43 55.
20	10 31 54
21	12. 31 55
22	28

DZIEŃ ŚWIĄTECZNY, ROK SZKOLNY

5	22 54
6	14 35 50
7	18 39
8	05 29
9	02 29 52
10	23 47
11	05 30 55
12	22 48
13	13 38
14	03 30 52
15	17 39
16	08 30 58
17	21 54
18	19 38
19	02 30 50
20	12 39
21	04 28 54
22	24

WIELKANOC,BOŻE NARODZENIE,NOWY ROK

5	27
6	34
7	08 42
8	36
9	19
10	00 43
11	27
12	11 52
13	35
14	19
15	02 45
16	28
17	11 56
18	39
19	19 54
20	34
21	09 42
22	22

