OS. WIDOK - FILARETÓW - JANA PAWŁA II - KROCHMALNA - DIAMENTOWA - ZEMBORZYCKA - KUNICKIEGO - WOLSKA - FABRYCZNA - ZAMOJSKA - LUBARTOWSKA - AL. TYSIĄCLECIA - PODZAMCZE - AL. SPÓŁDZIELCZOŚCI PRACY - ZWIĄZKOWA - CHOINY - PADEREWSKIEGO

DZIEŃ POWSZEDNI, ROK SZKOLNY

5	39 52.
6	04 16. 28 43. 58.
7	12 25 39 51
8	04. 17 29. 42 55.
9	08. 21 34 52
10	05 18. 31 44. 57
11	10. 23. 36 49
12	02 15 28. 41 54.
13	07 20. 33. 46 59
14	12 26 39. 52
15	05. 18 31. 42. 54
16	07 20 33 46. 59
17	12. 25 38. 55.
18	07 24 37 49
19	05 22. 37 52.
20	07. 23 38 52
21	07 24. 41
22	01. 19 38

SOBOTA, ROK SZKOLNY

5	25 53
6	13 28 46
7	00. 16 34. 50
8	09 28 47
9	11. 28 47.
10	05 20 37 55
11	14. 32 50.
12	08 29 47
13	05 24. 42 59.
14	17 36 55
15	12 29. 46
16	04. 19 37 57
17	13 32. 47
18	06. 26 44
19	03 23 36. 55
20	07. 22 43
21	06 24. 43
22	06 39

DZIEŃ ŚWIĄTECZNY, ROK SZKOLNY

5	33
6	05 25 46
7	01 31 52
8	18 42
9	15 42
10	05 36
11	00 18 43
12	08 35
13	01 26 51
14	16 43
15	05 30 52
16	21 43
17	11 34
18	07 31 50
19	14 42
20	02 24 51
21	16 40
22	05 35

WIELKANOC,BOŻE NARODZENIE,NOWY ROK

5	38
6	45
7	21 55
8	49
9	32
10	13 56
11	40
12	24
13	05 48
14	32
15	15 58
16	41
17	24
18	08 51
19	31
20	06 46
21	21 54
22	33

