OS. WIDOK - FILARETÓW - JANA PAWŁA II - KROCHMALNA - DIAMENTOWA - ZEMBORZYCKA - KUNICKIEGO - WOLSKA - FABRYCZNA - ZAMOJSKA - LUBARTOWSKA - AL. TYSIĄCLECIA - PODZAMCZE - AL. SPÓŁDZIELCZOŚCI PRACY - ZWIĄZKOWA - CHOINY - PADEREWSKIEGO

DZIEŃ POWSZEDNI, ROK SZKOLNY

5	33 46. 58
6	10. 22 35. 50.
7	04 17 31 43 56.
8	09 21. 34 47.
9	00. 13 26 44 57
10	10. 23 36. 49
11	02. 15. 28 41 54
12	07 20. 33 46. 59
13	12. 25. 38 51
14	04 18 31. 44 57.
15	10 23. 34. 46 59
16	12 25 38. 51
17	04. 17 30. 47.
18	00 17 30 42 58
19	15. 30 45.
20	00. 16 31 45
21	00 17. 34 54.
22	13 32

SOBOTA, ROK SZKOLNY

5	19 47
6	07 22 40 54.
7	08 26. 42
8	01 20 39
9	03. 20 39. 57
10	12 29 47
11	06. 24 42.
12	00 21 39 57
13	16. 34 51.
14	09 28 47
15	04 21. 38 56.
16	11 29 49
17	05 24. 39 58.
18	19 37 56
19	16 29. 48
20	00. 15 36 59
21	17. 36
22	00 33

DZIEŃ ŚWIĄTECZNY, ROK SZKOLNY

5	27 59
6	19 40 55
7	23 44
8	10 34
9	07 34 57
10	28 52
11	10 35
12	00 27 53
13	18 43
14	08 35 57
15	22 44
16	13 35
17	03 26 59
18	24 43
19	07 35 55
20	17 44
21	09 33 59
22	29

WIELKANOC,BOŻE NARODZENIE,NOWY ROK

5	32
6	39
7	13 47
8	41
9	24
10	05 48
11	32
12	16 57
13	40
14	24
15	07 50
16	33
17	16
18	01 44
19	24 59
20	39
21	14 47
22	27

