OS. WIDOK - FILARETÓW - JANA PAWŁA II - KROCHMALNA - DIAMENTOWA - ZEMBORZYCKA - KUNICKIEGO - WOLSKA - FABRYCZNA - ZAMOJSKA - LUBARTOWSKA - AL. TYSIĄCLECIA - PODZAMCZE - AL. SPÓŁDZIELCZOŚCI PRACY - ZWIĄZKOWA - CHOINY - PADEREWSKIEGO

DZIEŃ POWSZEDNI, ROK SZKOLNY

5	37 50.
6	02 14. 26 41. 56.
7	10 23 37 49
8	02. 15 27. 40 53.
9	06. 19 32 50
10	03 16. 29 42. 55
11	08. 21. 34 47
12	00 13 26. 39 52.
13	05 18. 31. 44 57
14	10 24 37. 50
15	03. 16 29. 40. 52
16	05 18 31 44. 57
17	10. 23 36. 53.
18	05 22 35 47
19	03 20. 35 50.
20	05. 21 36 50
21	05 22. 39 59.
22	17 36

SOBOTA, ROK SZKOLNY

5	23 51
6	11 26 44 58.
7	14 32. 48
8	07 26 45
9	09. 26 45.
10	03 18 35 53
11	12. 30 48.
12	06 27 45
13	03 22. 40 57.
14	15 34 53
15	10 27. 44
16	02. 17 35 55
17	11 30. 45
18	04. 24 42
19	01 21 34. 53
20	05. 20 41
21	04 22. 41
22	04 37

DZIEŃ ŚWIĄTECZNY, ROK SZKOLNY

5	31
6	03 23 44 59
7	29 50
8	16 40
9	13 40
10	03 34 58
11	16 41
12	06 33 59
13	24 49
14	14 41
15	03 28 50
16	19 41
17	09 32
18	05 29 48
19	12 40
20	00 22 49
21	14 38
22	03 33

WIELKANOC,BOŻE NARODZENIE,NOWY ROK

5	36
6	43
7	19 53
8	47
9	30
10	11 54
11	38
12	22
13	03 46
14	30
15	13 56
16	39
17	22
18	06 49
19	29
20	04 44
21	19 52
22	31

