OS. WIDOK - FILARETÓW - JANA PAWŁA II - KROCHMALNA - DIAMENTOWA - ZEMBORZYCKA - KUNICKIEGO - WOLSKA - FABRYCZNA - ZAMOJSKA - LUBARTOWSKA - AL. TYSIĄCLECIA - PODZAMCZE - AL. SPÓŁDZIELCZOŚCI PRACY - ZWIĄZKOWA - CHOINY - PADEREWSKIEGO

DZIEŃ POWSZEDNI, ROK SZKOLNY

5	23 36. 48
6	00. 12 25. 39. 53
7	06 20 32 45. 58
8	10. 23 36. 49.
9	02 15 33 46 59.
10	12 25. 38 51.
11	04. 17 30 43 56
12	09. 22 35. 48
13	01. 14. 27 40 53
14	06 19. 32 45. 58
15	11. 22. 34 47
16	00 13 26. 39 52.
17	05 18. 35. 48
18	06 19 31 47
19	04. 19 34. 49.
20	05 20 34 49
21	06. 23 43.
22	03 22

SOBOTA, ROK SZKOLNY

5	09 37 57
6	12 30 44. 58
7	15. 31 50
8	09 28 52.
9	09 28. 46
10	01 18 36 55.
11	13 31. 49
12	10 28 46
13	05. 23 40. 58
14	17 36 53
15	10. 27 45.
16	00 18 38 54
17	13. 28 47.
18	08 26 45
19	05 18. 37 49.
20	04 25 48
21	06. 25 49
22	23

DZIEŃ ŚWIĄTECZNY, ROK SZKOLNY

5	17 49
6	09 30 45
7	12 33 59
8	23 56
9	23 46
10	17 41 59
11	24 49
12	16 42
13	07 32 57
14	24 46
15	11 33
16	02 24 52
17	15 48
18	13 32 56
19	24 44
20	06 33 58
21	22 48
22	19

WIELKANOC,BOŻE NARODZENIE,NOWY ROK

5	22
6	29
7	02 36
8	30
9	13 54
10	37
11	21
12	05 46
13	29
14	13 56
15	39
16	22
17	05 50
18	33
19	13 48
20	28
21	03 36
22	17

