OS. WIDOK - FILARETÓW - JANA PAWŁA II - KROCHMALNA - DIAMENTOWA - ZEMBORZYCKA - KUNICKIEGO - WOLSKA - FABRYCZNA - ZAMOJSKA - LUBARTOWSKA - AL. TYSIĄCLECIA - PODZAMCZE - AL. SPÓŁDZIELCZOŚCI PRACY - ZWIĄZKOWA - CHOINY - PADEREWSKIEGO

DZIEŃ POWSZEDNI, ROK SZKOLNY

5	24 37. 49
6	01. 13 26. 40. 54
7	07 21 33 46. 59
8	11. 24 37. 50.
9	03 16 34 47
10	00. 13 26. 39 52.
11	05. 18 31 44 57
12	10. 23 36. 49
13	02. 15. 28 41 54
14	07 20. 33 46. 59
15	12. 23. 35 48
16	01 14 27. 40 53.
17	06 19. 36. 49
18	07 20 32 48
19	05. 20 35. 50.
20	06 21 35 50
21	07. 24 44.
22	04 23

SOBOTA, ROK SZKOLNY

5	10 38 58
6	13 31 45. 59
7	16. 32 51
8	10 29 53.
9	10 29. 47
10	02 19 37 56.
11	14 32. 50
12	11 29 47
13	06. 24 41. 59
14	18 37 54
15	11. 28 46.
16	01 19 39 55
17	14. 29 48.
18	09 27 46
19	06 19. 38 50.
20	05 26 49
21	07. 26 50
22	24

DZIEŃ ŚWIĄTECZNY, ROK SZKOLNY

5	18 50
6	10 31 46
7	13 34
8	00 24 57
9	24 47
10	18 42
11	00 25 50
12	17 43
13	08 33 58
14	25 47
15	12 34
16	03 25 53
17	16 49
18	14 33 57
19	25 45
20	07 34 59
21	23 49
22	20

WIELKANOC,BOŻE NARODZENIE,NOWY ROK

5	23
6	30
7	03 37
8	31
9	14 55
10	38
11	22
12	06 47
13	30
14	14 57
15	40
16	23
17	06 51
18	34
19	14 49
20	29
21	04 37
22	18

