OS. WIDOK - FILARETÓW - JANA PAWŁA II - KROCHMALNA - DIAMENTOWA - ZEMBORZYCKA - KUNICKIEGO - WOLSKA - FABRYCZNA - ZAMOJSKA - LUBARTOWSKA - AL. TYSIĄCLECIA - PODZAMCZE - AL. SPÓŁDZIELCZOŚCI PRACY - ZWIĄZKOWA - CHOINY - PADEREWSKIEGO

DZIEŃ POWSZEDNI, ROK SZKOLNY

5	22 35. 47 59.
6	11 24. 38. 52
7	05 19 31 44. 57
8	09. 22 35. 48.
9	01 14 32 45 58.
10	11 24. 37 50.
11	03. 16 29 42 55
12	08. 21 34. 47
13	00. 13. 26 39 52
14	05 18. 31 44. 57
15	10. 21. 33 46 59
16	12 25. 38 51.
17	04 17. 34. 47
18	05 18 30 46
19	03. 18 33. 48.
20	04 19 33 48
21	05. 22 42.
22	02 21

SOBOTA, ROK SZKOLNY

5	08 36 56
6	11 29 43. 57
7	14. 30 49
8	08 27 51.
9	08 27. 45
10	00 17 35 54.
11	12 30. 48
12	09 27 45
13	04. 22 39. 57
14	16 35 52
15	09. 26 44. 59
16	17 37 53
17	12. 27 46.
18	07 25 44
19	04 17. 36 48.
20	03 24 47
21	05. 24 48
22	22

DZIEŃ ŚWIĄTECZNY, ROK SZKOLNY

5	16 48
6	08 29 44
7	11 32 58
8	22 55
9	22 45
10	16 40 58
11	23 48
12	15 41
13	06 31 56
14	23 45
15	10 32
16	01 23 51
17	14 47
18	12 31 55
19	23 43
20	05 32 57
21	21 47
22	18

WIELKANOC,BOŻE NARODZENIE,NOWY ROK

5	21
6	28
7	01 35
8	29
9	12 53
10	36
11	20
12	04 45
13	28
14	12 55
15	38
16	21
17	04 49
18	32
19	12 47
20	27
21	02 35
22	16

