OS. WIDOK - FILARETÓW - JANA PAWŁA II - KROCHMALNA - DIAMENTOWA - ZEMBORZYCKA - KUNICKIEGO - WOLSKA - FABRYCZNA - ZAMOJSKA - LUBARTOWSKA - AL. TYSIĄCLECIA - PODZAMCZE - AL. SPÓŁDZIELCZOŚCI PRACY - ZWIĄZKOWA - CHOINY - PADEREWSKIEGO

DZIEŃ POWSZEDNI, ROK SZKOLNY

5	49
6	02. 14 26. 40 58.
7	13. 27 40 54
8	06 19. 32 44. 57
9	10. 23. 36 49
10	07 20 33. 46 59.
11	12 25. 38. 51
12	04 17 30 43. 56
13	09. 22 35. 48.
14	01 15 28 42 55.
15	08 21. 34 47. 58.
16	10 23 36 49
17	02. 15 28. 41 54.
18	09. 20 37 50
19	02 18 35. 50
20	05. 20. 36 51
21	05 20 37. 54
22	11. 29 48

SOBOTA, ROK SZKOLNY

5	35
6	03 23 38 56
7	15. 31 49.
8	05 24 43
9	02 26. 43
10	02. 20 35 52
11	10 29. 47
12	05. 23 44
13	02 20 39. 57
14	14. 32 51
15	10 27 44.
16	01 19. 34 52
17	12 28 47.
18	02 19. 39 57
19	16 36 49.
20	08 20. 35 56
21	19 37. 56
22	16 49

DZIEŃ ŚWIĄTECZNY, ROK SZKOLNY

5	43
6	15 35 56
7	16 46
8	07 33 57
9	30 57
10	20 51
11	15 33 58
12	23 50
13	16 41
14	06 31 58
15	20 45
16	07 36 58
17	26 49
18	20 44
19	03 27 55
20	15 37
21	04 29 53
22	15 45

WIELKANOC,BOŻE NARODZENIE,NOWY ROK

5	48
6	55
7	36
8	10
9	04 47
10	28
11	11 55
12	39
13	20
14	03 47
15	30
16	13 56
17	39
18	21
19	04 44
20	19 59
21	34
22	06 43

