PADEREWSKIEGO - CHOINY - ELSNERA - AL. KOMPOZYTORÓW  - KONCERTOWA - KOSMOWSKIEJ - PÓŁNOCNA - PRUSA - AL. TYSIĄCLECIA - AL. UNII LUBELSKIEJ - LUBELSKIEGO LIPCA 80 - KUNICKIEGO - KRUCZKOWSKIEGO - KRUCZKOWSKIEGO

DZIEŃ POWSZEDNI, ROK SZKOLNY

5	24b 37 49b
6	05b 18b 36b 47 56b
7	13b 29b 45b
8	02b 19 34 49
9	05 20 35 50
10	05 20 35 51
11	07 20 35 51
12	05 20 35 50
13	05 21 35 50
14	05 21 36 51
15	06 21 36 51
16	06 24 38 54
17	10 25 40 57
18	11 25 42 59
19	16 25 34 54
20	20b 44
21	09 34b 59b
22	39

SOBOTA, ROK SZKOLNY

5	21b 44b
6	06 26 42b
7	06b 28 44b
8	02b 27 53
9	11 30 49
10	07 28 47
11	07 27 47
12	04 27 47
13	07 26 47
14	07 28 49
15	08 31 52
16	13 34 55
17	16 36 56
18	13 32 52
19	12 32 52
20	12 32
21	12b 54b
22	37

DZIEŃ ŚWIĄTECZNY, ROK SZKOLNY

5	29b 48b
6	11 34b 56b
7	25 47b
8	13 38
9	10 36
10	00 25 51
11	16 41
12	06 29 56
13	21 46
14	11 35
15	01 30 51
16	16 41
17	06 29
18	03 23 47
19	12 37
20	02 24
21	09 54b
22	37

WIGILIA I SYLWESTER

5	24b 37 49b
6	05b 18b 36b 47 56b
7	13b 29b 45b
8	02b 19 34 49
9	05 20 35 50
10	05 20 35 51
11	07 20 35 51
12	05 20 35 50
13	05 21 35 50
14	05 21 36 51
15	06 21 36 51
16	06 24 38 54
17	10 25 40 57
18	11 25 42 59
19	34
20	20b
21	
22	

WIELKANOC,BOŻE NARODZENIE,NOWY ROK

5	46b
6	31b
7	21
8	09
9	07 57
10	47
11	37
12	27
13	22b
14	12b
15	07 57
16	47
17	42
18	29
19	14 59
20	49
21	44b
22	34

