PADEREWSKIEGO - CHOINY - ELSNERA - AL. KOMPOZYTORÓW  - KONCERTOWA - KOSMOWSKIEJ - PÓŁNOCNA - PRUSA - AL. TYSIĄCLECIA - AL. UNII LUBELSKIEJ - LUBELSKIEGO LIPCA 80 - KUNICKIEGO - KRUCZKOWSKIEGO - KRUCZKOWSKIEGO

DZIEŃ POWSZEDNI, ROK SZKOLNY

5	25b 38 50b
6	06b 19b 37b 48 57b
7	14b 30b 46b
8	03b 20 35 50
9	06 21 36 51
10	06 21 36 52
11	08 21 36 52
12	06 21 36 51
13	06 22 36 51
14	06 22 37 52
15	07 22 37 52
16	07 25 39 55
17	11 26 41 58
18	12 26 43
19	00 17 26 35 55
20	21b 45
21	10 35b
22	00b 40

SOBOTA, ROK SZKOLNY

5	22b 45b
6	07 27 43b
7	07b 29 45b
8	03b 28 54
9	12 31 50
10	08 29 48
11	08 28 48
12	05 28 48
13	08 27 48
14	08 29 50
15	09 32 53
16	14 35 56
17	17 37 57
18	14 33 53
19	13 33 53
20	13 33
21	13b 55b
22	38

DZIEŃ ŚWIĄTECZNY, ROK SZKOLNY

5	30b 49b
6	12 35b 57b
7	26 48b
8	14 39
9	11 37
10	01 26 52
11	17 42
12	07 30 57
13	22 47
14	12 36
15	02 31 52
16	17 42
17	07 30
18	04 24 48
19	13 38
20	03 25
21	10 55b
22	38

WIGILIA I SYLWESTER

5	25b 38 50b
6	06b 19b 37b 48 57b
7	14b 30b 46b
8	03b 20 35 50
9	06 21 36 51
10	06 21 36 52
11	08 21 36 52
12	06 21 36 51
13	06 22 36 51
14	06 22 37 52
15	07 22 37 52
16	07 25 39 55
17	11 26 41 58
18	12 26 43
19	00 35
20	21b
21	
22	

WIELKANOC,BOŻE NARODZENIE,NOWY ROK

5	47b
6	32b
7	22
8	10
9	08 58
10	48
11	38
12	28
13	23b
14	13b
15	08 58
16	48
17	43
18	30
19	15
20	00 50
21	45b
22	35

