PADEREWSKIEGO - CHOINY - ELSNERA - AL. KOMPOZYTORÓW  - KONCERTOWA - KOSMOWSKIEJ - PÓŁNOCNA - PRUSA - AL. TYSIĄCLECIA - AL. UNII LUBELSKIEJ - LUBELSKIEGO LIPCA 80 - KUNICKIEGO - KRUCZKOWSKIEGO - KRUCZKOWSKIEGO

DZIEŃ POWSZEDNI, ROK SZKOLNY

5	23b 36 48b
6	04b 17b 35b 46 55b
7	12b 28b 44b
8	01b 18 33 48
9	04 19 34 49
10	04 19 34 50
11	06 19 34 50
12	04 19 34 49
13	04 20 34 49
14	04 20 35 50
15	05 20 35 50
16	05 23 37 53
17	09 24 39 56
18	10 24 41 58
19	15 24 33 53
20	19b 43
21	08 33b 58b
22	38

SOBOTA, ROK SZKOLNY

5	20b 43b
6	05 25 41b
7	05b 27 43b
8	01b 26 52
9	10 29 48
10	06 27 46
11	06 26 46
12	03 26 46
13	06 25 46
14	06 27 48
15	07 30 51
16	12 33 54
17	15 35 55
18	12 31 51
19	11 31 51
20	11 31
21	11b 53b
22	36

DZIEŃ ŚWIĄTECZNY, ROK SZKOLNY

5	28b 47b
6	10 33b 55b
7	24 46b
8	12 37
9	09 35 59
10	24 50
11	15 40
12	05 28 55
13	20 45
14	10 34
15	00 29 50
16	15 40
17	05 28
18	02 22 46
19	11 36
20	01 23
21	08 53b
22	36

WIGILIA I SYLWESTER

5	23b 36 48b
6	04b 17b 35b 46 55b
7	12b 28b 44b
8	01b 18 33 48
9	04 19 34 49
10	04 19 34 50
11	06 19 34 50
12	04 19 34 49
13	04 20 34 49
14	04 20 35 50
15	05 20 35 50
16	05 23 37 53
17	09 24 39 56
18	10 24 41 58
19	33
20	19b
21	
22	

WIELKANOC,BOŻE NARODZENIE,NOWY ROK

5	45b
6	30b
7	20
8	08
9	06 56
10	46
11	36
12	26
13	21b
14	11b
15	06 56
16	46
17	41
18	28
19	13 58
20	48
21	43b
22	33

