PADEREWSKIEGO - CHOINY - ELSNERA - AL. KOMPOZYTORÓW  - KONCERTOWA - KOSMOWSKIEJ - PÓŁNOCNA - PRUSA - AL. TYSIĄCLECIA - AL. UNII LUBELSKIEJ - LUBELSKIEGO LIPCA 80 - KUNICKIEGO - KRUCZKOWSKIEGO - KRUCZKOWSKIEGO

DZIEŃ POWSZEDNI, ROK SZKOLNY

5	19b 32 44b
6	00b 13b 29b 39 48b
7	05b 21b 37b 54b
8	11 26 41 57
9	12 27 42 57
10	12 27 43 59
11	12 27 43 57
12	12 27 42 57
13	13 27 42 57
14	13 28 43 58
15	13 28 43 58
16	16 30 46
17	02 17 32 49
18	04 18 35 52
19	09 18 27 47
20	13b 37
21	02 27b 52b
22	34

SOBOTA, ROK SZKOLNY

5	16b 39b
6	01 21 37b 59b
7	20 36b 54b
8	19 45
9	03 22 41 59
10	20 39 59
11	19 39 56
12	19 39 59
13	18 39 59
14	20 41
15	00 23 44
16	05 26 47
17	08 28 48
18	06 25 45
19	05 25 45
20	05 25
21	05b 47b
22	32

DZIEŃ ŚWIĄTECZNY, ROK SZKOLNY

5	24b 43b
6	06 29b 51b
7	17 39b
8	05 30
9	02 28 52
10	17 43
11	08 33 58
12	21 48
13	13 38
14	03 27 53
15	22 43
16	08 33 58
17	21 55
18	16 40
19	05 30 55
20	17
21	02 47b
22	32

WIGILIA I SYLWESTER

5	19b 32 44b
6	00b 13b 29b 39 48b
7	05b 21b 37b 54b
8	11 26 41 57
9	12 27 42 57
10	12 27 43 59
11	12 27 43 57
12	12 27 42 57
13	13 27 42 57
14	13 28 43 58
15	13 28 43 58
16	16 30 46
17	02 17 32 49
18	04 18 35 52
19	27
20	13b
21	
22	

WIELKANOC,BOŻE NARODZENIE,NOWY ROK

5	41b
6	26b
7	13
8	01 59
9	49
10	39
11	29
12	19
13	14b
14	04b 59
15	49
16	39
17	34
18	22
19	07 52
20	42
21	37b
22	29

