PADEREWSKIEGO - CHOINY - ELSNERA - AL. KOMPOZYTORÓW  - KONCERTOWA - KOSMOWSKIEJ - PÓŁNOCNA - PRUSA - AL. TYSIĄCLECIA - AL. UNII LUBELSKIEJ - LUBELSKIEGO LIPCA 80 - KUNICKIEGO - KRUCZKOWSKIEGO - KRUCZKOWSKIEGO

DZIEŃ POWSZEDNI, ROK SZKOLNY

5	21b 34 46b
6	02b 15b 32b 43 52b
7	09b 25b 41b 58b
8	15 30 45
9	01 16 31 46
10	01 16 31 47
11	03 16 31 47
12	01 16 31 46
13	01 17 31 46
14	01 17 32 47
15	02 17 32 47
16	02 20 34 50
17	06 21 36 53
18	08 22 39 56
19	13 22 31 51
20	17b 41
21	06 31b 56b
22	36

SOBOTA, ROK SZKOLNY

5	18b 41b
6	03 23 39b
7	02b 24 40b 58b
8	23 49
9	07 26 45
10	03 24 43
11	03 23 43
12	00 23 43
13	03 22 43
14	03 24 45
15	04 27 48
16	09 30 51
17	12 32 52
18	10 29 49
19	09 29 49
20	09 29
21	09b 51b
22	34

DZIEŃ ŚWIĄTECZNY, ROK SZKOLNY

5	26b 45b
6	08 31b 53b
7	21 43b
8	09 34
9	06 32 56
10	21 47
11	12 37
12	02 25 52
13	17 42
14	07 31 57
15	26 47
16	12 37
17	02 25 59
18	20 44
19	09 34 59
20	21
21	06 51b
22	34

WIGILIA I SYLWESTER

5	21b 34 46b
6	02b 15b 32b 43 52b
7	09b 25b 41b 58b
8	15 30 45
9	01 16 31 46
10	01 16 31 47
11	03 16 31 47
12	01 16 31 46
13	01 17 31 46
14	01 17 32 47
15	02 17 32 47
16	02 20 34 50
17	06 21 36 53
18	08 22 39 56
19	31
20	17b
21	
22	

WIELKANOC,BOŻE NARODZENIE,NOWY ROK

5	43b
6	28b
7	17
8	05
9	03 53
10	43
11	33
12	23
13	18b
14	08b
15	03 53
16	43
17	38
18	26
19	11 56
20	46
21	41b
22	31

