PADEREWSKIEGO - CHOINY - ELSNERA - AL. KOMPOZYTORÓW  - KONCERTOWA - KOSMOWSKIEJ - PÓŁNOCNA - PRUSA - AL. TYSIĄCLECIA - AL. UNII LUBELSKIEJ - LUBELSKIEGO LIPCA 80 - KUNICKIEGO - KRUCZKOWSKIEGO - KRUCZKOWSKIEGO

DZIEŃ POWSZEDNI, ROK SZKOLNY

5	15b 40b 56b
6	09b 25b 43b
7	00b 16b 32b 49b
8	06 21 36 52
9	07 22 37 52
10	07 22 38 54
11	07 22 38 52
12	07 22 37 52
13	08 22 37 52
14	07 22 37 52
15	07 22 37 52
16	10 24 40 56
17	11 26 43
18	00 14 31 48
19	05 14 23 43
20	09b 33 58
21	23b 48b
22	30

SOBOTA, ROK SZKOLNY

5	12b 35b 57
6	17 33b 55b
7	15 31b 49b
8	14 40 58
9	17 36 54
10	15 34 54
11	14 34 51
12	14 34 54
13	13 34 54
14	15 36 55
15	18 39
16	00 21 42
17	03 23 43
18	02 21 41
19	01 21 41
20	01 21
21	01b 43b
22	28

DZIEŃ ŚWIĄTECZNY, ROK SZKOLNY

5	20b 39b
6	02 25b 47b
7	12 34b
8	00 25 57
9	23 47
10	12 38
11	03 28 53
12	16 43
13	08 33 58
14	22 48
15	17 38
16	03 28 53
17	16 50
18	12 36
19	01 26 51
20	13 58
21	43b
22	28

WIGILIA I SYLWESTER

5	15b 40b 56b
6	09b 25b 43b
7	00b 16b 32b 49b
8	06 21 36 52
9	07 22 37 52
10	07 22 38 54
11	07 22 38 52
12	07 22 37 52
13	08 22 37 52
14	07 22 37 52
15	07 22 37 52
16	10 24 40 56
17	11 26 43
18	00 14 31 48
19	23
20	09b
21	
22	

WIELKANOC,BOŻE NARODZENIE,NOWY ROK

5	37b
6	22b
7	08 56
8	54
9	44
10	34
11	24
12	14
13	09b 59b
14	54
15	44
16	34
17	29
18	18
19	03 48
20	38
21	33b
22	25

