MEŁGIEWSKA FS - MEŁGIEWSKA - AL. ANDERSA - LWOWSKA - AL. TYSIĄCLECIA - 3 MAJA - AL. RACŁAWICKIE - AL. KRAŚNICKA - ZANA - B. M. CASSINO - ARMII KRAJOWEJ - ORKANA - ROZTOCZE - JANA PAWŁA II - GRANITOWA - OS.PORĘBA

DZIEŃ POWSZEDNI, ROK SZKOLNY

4	28 57
5	17 27 44. 56
6	07 18. 29 44. 56
7	08 22 33. 45 56
8	06 16. 26 36 47. 58
9	11 24 34. 45 56
10	08 18. 27 38 56.
11	14 23 34 46. 59
12	12 25. 38 51
13	04. 17 30 43 55.
14	07 21 33. 47 58
15	10. 28 40 51
16	04. 17 31 45. 56
17	10 23. 40
18	00 12. 24 42
19	00 25 41 58.
20	15 36
21	00 26 50
22	18 41

SOBOTA, ROK SZKOLNY

4	48
5	06 28. 49
6	05 20. 36 55
7	16. 37 55
8	18. 41 59
9	16. 36 53
10	12. 31 48
11	05. 26 44
12	02. 21 41 58.
13	19 37 55.
14	14 31 48.
15	06 24 42.
16	01 20 37. 58
17	22 43.
18	01 16 33. 54
19	14 31. 52
20	14 49
21	19 59
22	32

DZIEŃ ŚWIĄTECZNY, ROK SZKOLNY

4	58
5	16 47
6	29
7	02 41
8	23
9	01 41
10	20 56
11	31
12	11 46
13	24 59
14	40
15	16 48
16	29
17	11 51
18	24
19	02 36
20	14 54
21	24 59
22	30

WIELKANOC,BOŻE NARODZENIE,NOWY ROK

4	
5	58
6	
7	00
8	02
9	01
10	01 58
11	51
12	48
13	52
14	50
15	47
16	45
17	45
18	40
19	33
20	26
21	15
22	04

