MEŁGIEWSKA FS - MEŁGIEWSKA - AL. ANDERSA - LWOWSKA - AL. TYSIĄCLECIA - 3 MAJA - AL. RACŁAWICKIE - AL. KRAŚNICKA - ZANA - B. M. CASSINO - ARMII KRAJOWEJ - ORKANA - ROZTOCZE - JANA PAWŁA II - GRANITOWA - OS.PORĘBA

DZIEŃ POWSZEDNI, ROK SZKOLNY

4	19 48
5	08 18 35. 47 58
6	09. 20 31. 43 55
7	09 20. 32 43 53
8	03. 13 23 34. 45 58
9	11 21. 32 43 55
10	05. 14 25 43.
11	01 10 21 33. 46 59
12	12. 25 38 51.
13	04 17 30 42. 54
14	08 20. 34 45 57.
15	15 27 38 51.
16	04 18 32. 43 57
17	10. 27 47
18	01. 13 31 49
19	14 30 47.
20	04 25 49
21	15 39
22	09 32

SOBOTA, ROK SZKOLNY

4	57
5	19. 40 56
6	11. 27 46
7	04. 25 43
8	06. 29 47
9	04. 24 41
10	00. 19 36 53.
11	14 32 50.
12	09 29 46.
13	07 25 43.
14	02 19 36. 54
15	12 30. 49
16	08 25. 46
17	10 31. 49
18	06 23. 44
19	04 21. 42
20	04 39
21	09 49
22	23

DZIEŃ ŚWIĄTECZNY, ROK SZKOLNY

4	
5	07 38
6	20 53
7	29
8	11 49
9	29
10	08 44
11	19 59
12	34
13	12 47
14	28
15	04 36
16	17 59
17	39
18	14 52
19	26
20	04 44
21	14 49
22	21

WIELKANOC,BOŻE NARODZENIE,NOWY ROK

4	
5	49
6	51
7	50
8	49
9	49
10	46
11	39
12	36
13	40
14	38
15	35
16	33
17	33
18	30
19	23
20	16
21	05 54
22	

