MEŁGIEWSKA FS - MEŁGIEWSKA - AL. ANDERSA - LWOWSKA - AL. TYSIĄCLECIA - 3 MAJA - AL. RACŁAWICKIE - AL. KRAŚNICKA - ZANA - B. M. CASSINO - ARMII KRAJOWEJ - ORKANA - ROZTOCZE - JANA PAWŁA II - GRANITOWA - OS.PORĘBA

DZIEŃ POWSZEDNI, ROK SZKOLNY

4	20 49
5	09 19 36. 48 59
6	10. 21 32. 44 56
7	10 21. 33 44 54
8	04. 14 24 35. 46 59
9	12 22. 33 44 56
10	06. 15 26 44.
11	02 11 22 34. 47
12	00 13. 26 39 52.
13	05 18 31 43. 55
14	09 21. 35 46 58.
15	16 28 39 52.
16	05 19 33. 44 58
17	11. 28 48
18	02. 14 32 50
19	15 31 48.
20	05 26 50
21	16 40
22	10 33

SOBOTA, ROK SZKOLNY

4	58
5	20. 41 57
6	12. 28 47
7	05. 26 44
8	07. 30 48
9	05. 25 42
10	01. 20 37 54.
11	15 33 51.
12	10 30 47.
13	08 26 44.
14	03 20 37. 55
15	13 31. 50
16	09 26. 47
17	11 32. 50
18	07 24. 45
19	05 22. 43
20	05 40
21	10 50
22	24

DZIEŃ ŚWIĄTECZNY, ROK SZKOLNY

4	
5	08 39
6	21 54
7	30
8	12 50
9	30
10	09 45
11	20
12	00 35
13	13 48
14	29
15	05 37
16	18
17	00 40
18	15 53
19	27
20	05 45
21	15 50
22	22

WIELKANOC,BOŻE NARODZENIE,NOWY ROK

4	
5	50
6	52
7	51
8	50
9	50
10	47
11	40
12	37
13	41
14	39
15	36
16	34
17	34
18	31
19	24
20	17
21	06 55
22	

