MEŁGIEWSKA FS - MEŁGIEWSKA - AL. ANDERSA - LWOWSKA - AL. TYSIĄCLECIA - 3 MAJA - AL. RACŁAWICKIE - AL. KRAŚNICKA - ZANA - B. M. CASSINO - ARMII KRAJOWEJ - ORKANA - ROZTOCZE - JANA PAWŁA II - GRANITOWA - OS.PORĘBA

DZIEŃ POWSZEDNI, ROK SZKOLNY

4	53
5	22 42 52
6	09. 21 32 44.
7	01 17. 29 41 55
8	06. 18 29 39 49. 59
9	09 20. 31 44 57
10	07. 18 29 41 51.
11	00 11 29. 47 56
12	07 19. 32 45 58.
13	11 24 37. 50
14	03 16 29. 42 56
15	08. 22 33 45.
16	03 15 26 39. 52
17	06 20. 31 45 58.
18	15 28 40. 52
19	10 28 53
20	09 26. 43
21	04 28 54
22	17 43
23	06

SOBOTA, ROK SZKOLNY

4	
5	13 31 53.
6	14 30 45.
7	01 24 48.
8	09 27 50.
9	13 31 48.
10	08 25 44.
11	03 20 37. 58
12	16 34. 53
13	13 30. 51
14	09 27. 46
15	03 20. 38 56
16	14. 33 52
17	09. 30 54
18	15. 28 43
19	00. 21 41 58.
20	19 41
21	16 46
22	24 57
23	

DZIEŃ ŚWIĄTECZNY, ROK SZKOLNY

4	
5	23 41
6	12 54
7	34
8	13 55
9	33
10	13 52
11	28
12	03 43
13	18 56
14	31
15	12 48
16	20
17	01 43
18	20 51
19	29
20	03 41
21	21 51
22	24 55
23	

WIELKANOC,BOŻE NARODZENIE,NOWY ROK

4	
5	
6	23
7	32
8	34
9	33
10	33
11	30
12	23
13	20
14	24
15	22
16	19
17	17
18	16
19	07
20	00 53
21	42
22	29
23	

