MEŁGIEWSKA FS - MEŁGIEWSKA - AL. ANDERSA - LWOWSKA - AL. TYSIĄCLECIA - 3 MAJA - AL. RACŁAWICKIE - AL. KRAŚNICKA - ZANA - B. M. CASSINO - ARMII KRAJOWEJ - ORKANA - ROZTOCZE - JANA PAWŁA II - GRANITOWA - OS.PORĘBA

DZIEŃ POWSZEDNI, ROK SZKOLNY

4	22 51
5	11 21 38. 50
6	01 12. 23 35. 47 59
7	13 24. 36 47 57
8	07. 17 27 38. 49
9	02 15 25. 36 47 59
10	09. 18 29 47.
11	05 14 25 37. 50
12	03 16. 29 42 55.
13	08 21 34 46. 58
14	12 24. 38 49
15	01. 19 31 42 55.
16	08 22 36. 47
17	01 14. 31 51
18	05. 17 35 53
19	18 34 51.
20	08 29 53
21	19 43
22	12 35

SOBOTA, ROK SZKOLNY

4	
5	00 22. 43 59
6	14. 30 49
7	08. 29 47
8	10. 33 51
9	08. 28 45
10	04. 23 40 57.
11	18 36 54.
12	13 33 50.
13	11 29 47.
14	06 23 40. 58
15	16 34. 53
16	12 29. 50
17	14 35. 53
18	10 27. 48
19	08 25. 46
20	08 43
21	13 53
22	26

DZIEŃ ŚWIĄTECZNY, ROK SZKOLNY

4	
5	10 41
6	23 56
7	33
8	15 53
9	33
10	12 48
11	23
12	03 38
13	16 51
14	32
15	08 40
16	21
17	03 43
18	18 56
19	30
20	08 48
21	18 53
22	24

WIELKANOC,BOŻE NARODZENIE,NOWY ROK

4	
5	52
6	54
7	54
8	53
9	53
10	50
11	43
12	40
13	44
14	42
15	39
16	37
17	37
18	34
19	27
20	20
21	09 58
22	

