MEŁGIEWSKA FS - MEŁGIEWSKA - AL. ANDERSA - LWOWSKA - AL. TYSIĄCLECIA - 3 MAJA - AL. RACŁAWICKIE - AL. KRAŚNICKA - ZANA - B. M. CASSINO - ARMII KRAJOWEJ - ORKANA - ROZTOCZE - JANA PAWŁA II - GRANITOWA - OS.PORĘBA

DZIEŃ POWSZEDNI, ROK SZKOLNY

4	
5	05 15 32. 44 55
6	06. 17 28. 39 51
7	05 16. 28 39 49 59.
8	09 19 30. 41 54
9	07 17. 28 39 51
10	01. 10 21 39. 57
11	06 17 29. 42 55
12	08. 21 34 47.
13	00 13 26 38. 50
14	04 16. 30 41 53.
15	11 23 34 47.
16	00 14 28. 39 53
17	06. 23 43 57.
18	09 27 45
19	10 26 43.
20	00 21 45
21	11 35
22	06 29

SOBOTA, ROK SZKOLNY

4	54
5	16. 37 53
6	08. 24 43
7	00. 21 39
8	02. 25 43
9	00. 20 37 56.
10	15 32 49.
11	10 28 46.
12	05 25 42.
13	03 21 39. 58
14	15 32. 50
15	08 26. 45
16	04 21. 42
17	06 27. 45
18	02 19. 40
19	00 17. 38
20	00 35
21	05 45
22	20

DZIEŃ ŚWIĄTECZNY, ROK SZKOLNY

4	
5	04
6	17 50
7	25
8	07 45
9	25
10	04 40
11	15 55
12	30
13	08 43
14	24
15	00 32
16	13 55
17	35
18	10 48
19	22
20	00 40
21	10 45
22	18

WIELKANOC,BOŻE NARODZENIE,NOWY ROK

4	
5	46
6	48
7	46
8	45
9	45
10	42
11	35
12	32
13	36
14	34
15	31
16	29
17	29
18	26
19	19
20	12
21	01 50
22	

