MEŁGIEWSKA FS - MEŁGIEWSKA - AL. ANDERSA - LWOWSKA - AL. TYSIĄCLECIA - 3 MAJA - AL. RACŁAWICKIE - AL. KRAŚNICKA - ZANA - B. M. CASSINO - ARMII KRAJOWEJ - ORKANA - ROZTOCZE - JANA PAWŁA II - GRANITOWA - OS.PORĘBA

DZIEŃ POWSZEDNI, ROK SZKOLNY

4	47
5	16 36 46
6	03. 15 26 38. 55
7	11. 23 35 49
8	00. 12 23 33 43. 53
9	03 14. 25 38 51
10	01. 12 23 35 45. 54
11	05 23. 41 50
12	01 13. 26 39 52.
13	05 18 31. 44 57
14	10 23. 36 50
15	02. 16 27 39. 57
16	09 20 33. 46
17	00 14. 25 39 52.
18	09 22 34. 46
19	04 22 47
20	03 20. 37 58
21	22 48
22	11 37
23	00

SOBOTA, ROK SZKOLNY

4	
5	07 25 47.
6	08 24 39. 55
7	18 42.
8	03 21 44.
9	07 25 42.
10	02 19 38. 57
11	14 31. 52
12	10 28. 47
13	07 24. 45
14	03 21. 40 57
15	14. 32 50
16	08. 27 46
17	03. 24 48
18	09. 22 37 54.
19	15 35 52.
20	13 35
21	10 40
22	18 51
23	

DZIEŃ ŚWIĄTECZNY, ROK SZKOLNY

4	
5	17 35
6	06 48
7	28
8	07 49
9	27
10	07 46
11	22 57
12	37
13	12 50
14	25
15	06 42
16	14 55
17	37
18	14 45
19	23 57
20	35
21	15 45
22	18 49
23	

WIELKANOC,BOŻE NARODZENIE,NOWY ROK

4	
5	
6	17
7	26
8	28
9	27
10	27
11	24
12	17
13	14
14	18
15	16
16	13
17	11
18	10
19	01 54
20	47
21	36
22	23
23	

