PADEREWSKIEGO - CHOINY - ZWIĄZKOWA - AL. SPÓŁDZIELCZOŚCI PRACY - LUBARTOWSKA - 3 MAJA - AL. RACŁAWICKIE - AL. WARSZAWSKA - ZBOŻOWA - SŁAWINKOWSKA - SŁAWINKOWSKA

DZIEŃ POWSZEDNI, ROK SZKOLNY

5	02 16 27. 37 46
6	00 10. 21 31 46 58
7	06. 14 22 33. 47
8	04. 15 30 36 53 59.
9	10 22 36. 43 53.
10	03 16 29 41 50. 59
11	10 20. 32 40. 53
12	08 22 29 36. 46 56
13	05. 17 29. 41 53
14	05 17 25. 34 43 54.
15	07 19. 36 47 55
16	07 15. 24 34 46. 58
17	17. 32 58
18	15 24. 34 44. 56
19	15. 27 44
20	09 27. 49
21	08 36
22	16

SOBOTA, ROK SZKOLNY

5	07 30 43.
6	00 17 34 57
7	11. 38 54
8	13 35 57.
9	25 45
10	07 29 51.
11	13 38
12	03 19 41.
13	05 25 47
14	07 29. 51
15	11 30 51
16	11. 42 58
17	16 42 58.
18	21 46
19	11 36. 53
20	16 50
21	25
22	13

DZIEŃ ŚWIĄTECZNY, ROK SZKOLNY

5	29
6	01 29 59
7	42
8	09 48
9	16 58
10	31
11	08 42
12	08 51
13	26 57
14	36
15	19 46
16	15 57
17	36
18	17 46
19	18 56
20	31
21	31
22	10

WIELKANOC,BOŻE NARODZENIE,NOWY ROK

5	
6	01 45
7	32
8	26
9	21
10	11
11	06 58
12	51
13	41
14	36
15	26
16	21
17	16
18	08 53
19	41
20	26
21	
22	06

