PADEREWSKIEGO - CHOINY - ZWIĄZKOWA - AL. SPÓŁDZIELCZOŚCI PRACY - LUBARTOWSKA - 3 MAJA - AL. RACŁAWICKIE - AL. WARSZAWSKA - ZBOŻOWA - SŁAWINKOWSKA - SŁAWINKOWSKA

DZIEŃ POWSZEDNI, ROK SZKOLNY

5	10 24 35. 45 54
6	08 18. 29 43 58
7	10 18. 26 34 45. 59
8	16. 27 42 48
9	05 11. 22 34 48. 55
10	05. 15 28 41 53
11	02. 11 22 32. 44 52.
12	05 20 34 41 48. 58
13	08 17. 29 41. 53
14	05 17 29 37. 46 55
15	06. 19 31. 48 59
16	07 19 27. 36 46 58.
17	10 29. 44
18	09 25 34. 44 54.
19	06 25. 37 54
20	19 37. 59
21	18 46
22	24

SOBOTA, ROK SZKOLNY

5	15 38 51.
6	08 25 42
7	08 23. 50
8	06 25 47
9	09. 37 57
10	19 41
11	03. 25 50
12	15 31 53.
13	17 37 59
14	19 41.
15	03 23 42
16	03 23. 54
17	10 28 54
18	09. 31 56
19	21 46.
20	03 26
21	00 35
22	21

DZIEŃ ŚWIĄTECZNY, ROK SZKOLNY

5	37
6	09 37
7	10 54
8	21
9	00 28
10	10 43
11	20 54
12	20
13	03 38
14	09 48
15	31 58
16	27
17	09 48
18	27 56
19	28
20	06 41
21	41
22	18

WIELKANOC,BOŻE NARODZENIE,NOWY ROK

5	
6	09 53
7	44
8	38
9	33
10	23
11	18
12	10
13	03 53
14	48
15	38
16	33
17	28
18	18
19	03 51
20	36
21	
22	14

