PADEREWSKIEGO - CHOINY - ZWIĄZKOWA - AL. SPÓŁDZIELCZOŚCI PRACY - LUBARTOWSKA - 3 MAJA - AL. RACŁAWICKIE - AL. WARSZAWSKA - ZBOŻOWA - SŁAWINKOWSKA - SŁAWINKOWSKA

DZIEŃ POWSZEDNI, ROK SZKOLNY

5	12 26 37. 47 56
6	10 20. 31 45
7	00 12 20. 28 36 47.
8	01 18. 29 44 50
9	07 13. 24 36 50. 57
10	07. 17 30 43 55
11	04. 13 24 34. 46 54.
12	07 22 36 43 50.
13	00 10 19. 31 43. 55
14	07 19 31 39. 48 57
15	08. 21 33. 50
16	01 09 21 29. 38 48
17	00. 12 31. 46
18	11 27 36. 46 56.
19	08 27. 39 56
20	21 39.
21	01 20 48
22	26

SOBOTA, ROK SZKOLNY

5	17 40 53.
6	10 27 44
7	10 25. 52
8	08 27 49
9	11. 39 59
10	21 43
11	05. 27 52
12	17 33 55.
13	19 39
14	01 21 43.
15	05 25 44
16	05 25. 56
17	12 30 56
18	11. 33 58
19	23 48.
20	05 28
21	02 37
22	23

DZIEŃ ŚWIĄTECZNY, ROK SZKOLNY

5	39
6	11 39
7	12 56
8	23
9	02 30
10	12 45
11	22 56
12	22
13	05 40
14	11 50
15	33
16	00 29
17	11 50
18	29 58
19	30
20	08 43
21	43
22	20

WIELKANOC,BOŻE NARODZENIE,NOWY ROK

5	
6	11 55
7	46
8	40
9	35
10	25
11	20
12	12
13	05 55
14	50
15	40
16	35
17	30
18	20
19	05 53
20	38
21	
22	16

