PADEREWSKIEGO - CHOINY - ZWIĄZKOWA - AL. SPÓŁDZIELCZOŚCI PRACY - LUBARTOWSKA - 3 MAJA - AL. RACŁAWICKIE - AL. WARSZAWSKA - ZBOŻOWA - SŁAWINKOWSKA - SŁAWINKOWSKA

DZIEŃ POWSZEDNI, ROK SZKOLNY

5	27 41 52.
6	02 11 25 36. 51
7	05 20 32 40. 48 56
8	07. 21 38. 49
9	04 10 27 33. 44 56
10	10. 17 27. 37 50
11	03 15 24. 33 44 54.
12	06 14. 27 42 56
13	03 10. 20 30 39. 51
14	03. 15 29 41 53
15	01. 10 19 30. 43 55.
16	12 23 31 43 51.
17	00 10 22. 34 53.
18	07 28 44 53.
19	03 13. 25 44. 56
20	13 38 56.
21	18 37
22	05 41

SOBOTA, ROK SZKOLNY

5	32 55
6	08. 25 42 59
7	30 45.
8	12 28 47
9	09 31. 59
10	19 41
11	03 25. 47
12	12 37 53
13	15. 39 59
14	21 41
15	03. 25 45
16	04 25 45.
17	16 32 50
18	13 27. 49
19	14 39
20	04. 21 44
21	18 53
22	38

DZIEŃ ŚWIĄTECZNY, ROK SZKOLNY

5	54
6	26 54
7	32
8	16 43
9	22 50
10	32
11	05 42
12	16 42
13	25
14	00 31
15	10 53
16	20 49
17	31
18	09 45
19	14 46
20	24 59
21	59
22	35

WIELKANOC,BOŻE NARODZENIE,NOWY ROK

5	12
6	26
7	13
8	06
9	00 55
10	45
11	40
12	32
13	25
14	15
15	10
16	00 55
17	50
18	36
19	21
20	09 54
21	
22	31

