PADEREWSKIEGO - CHOINY - ZWIĄZKOWA - AL. SPÓŁDZIELCZOŚCI PRACY - LUBARTOWSKA - 3 MAJA - AL. RACŁAWICKIE - AL. WARSZAWSKA - ZBOŻOWA - SŁAWINKOWSKA - SŁAWINKOWSKA

DZIEŃ POWSZEDNI, ROK SZKOLNY

5	28 42 53.
6	03 12 26 37. 52
7	06 21 33 41. 49 57
8	08. 22 39. 50
9	05 11 28 34. 45 57
10	11. 18 28. 38 51
11	04 16 25. 34 45 55.
12	07 15. 28 43 57
13	04 11. 21 31 40. 52
14	04. 16 30 42 54
15	02. 11 20 31. 44 56.
16	13 24 32 44 52.
17	01 11 23. 35 54.
18	08 29 45 54.
19	04 14. 26 45. 57
20	14 39 57.
21	19 38
22	06 42

SOBOTA, ROK SZKOLNY

5	33 56
6	09. 26 43
7	00 31 46.
8	13 29 48
9	10 32.
10	00 20 42
11	04 26. 48
12	13 38 54
13	16. 40
14	00 22 42
15	04. 26 46
16	05 26 46.
17	17 33 51
18	14 28. 50
19	15 40
20	05. 22 45
21	19 54
22	39

DZIEŃ ŚWIĄTECZNY, ROK SZKOLNY

5	55
6	27 55
7	33
8	17 44
9	23 51
10	33
11	06 43
12	17 43
13	26
14	01 32
15	11 54
16	21 50
17	32
18	10 46
19	15 47
20	25
21	00
22	00 36

WIELKANOC,BOŻE NARODZENIE,NOWY ROK

5	13
6	27
7	14
8	07
9	01 56
10	46
11	41
12	33
13	26
14	16
15	11
16	01 56
17	51
18	37
19	22
20	10 55
21	
22	32

