PADEREWSKIEGO - CHOINY - ZWIĄZKOWA - AL. SPÓŁDZIELCZOŚCI PRACY - LUBARTOWSKA - 3 MAJA - AL. RACŁAWICKIE - AL. WARSZAWSKA - ZBOŻOWA - SŁAWINKOWSKA - SŁAWINKOWSKA

DZIEŃ POWSZEDNI, ROK SZKOLNY

5	04 18 29. 39 48
6	02 12. 23 34 49
7	01 09. 17 25 36. 50
8	07. 18 33 39 56
9	02. 13 25 39. 46 56.
10	06 19 32 44 53.
11	02 13 23. 35 43. 56
12	11 25 32 39. 49 59
13	08. 20 32. 44 56
14	08 20 28. 37 46 57.
15	10 22. 39 50 58
16	10 18. 27 37 49.
17	01 20. 35
18	01 17 26. 36 46. 58
19	17. 29 46
20	11 29. 51
21	10 38
22	18

SOBOTA, ROK SZKOLNY

5	09 32 45.
6	02 19 36 59
7	14. 41 57
8	16 38
9	00. 28 48
10	10 32 54.
11	16 41
12	06 22 44.
13	08 28 50
14	10 32. 54
15	14 33 54
16	14. 45
17	01 19 45
18	01. 23 48
19	13 38. 55
20	18 52
21	27
22	15

DZIEŃ ŚWIĄTECZNY, ROK SZKOLNY

5	31
6	03 31
7	01 45
8	12 51
9	19
10	01 34
11	11 45
12	11 54
13	29
14	00 39
15	22 49
16	18
17	00 39
18	19 48
19	20 58
20	33
21	33
22	12

WIELKANOC,BOŻE NARODZENIE,NOWY ROK

5	
6	03 47
7	35
8	29
9	24
10	14
11	09
12	01 54
13	44
14	39
15	29
16	24
17	19
18	10 55
19	43
20	28
21	
22	08

