OS.PORĘBA - GRANITOWA - JANA PAWŁA II - ARMII KRAJOWEJ - B. M. CASSINO - WILEŃSKA - GŁĘBOKA - NARUTOWICZA - ZAMOJSKA - FABRYCZNA - ŁĘCZYŃSKA - GOSPODARCZA - MEŁGIEWSKA - MEŁGIEWSKA FS

DZIEŃ POWSZEDNI, ROK SZKOLNY

5	04 13. 22 31. 40 45 49 58.
6	07 16. 25 34 43. 52
7	01. 10 15 19 28. 37 46. 56
8	05 14. 23 33. 42 47 51
9	01. 11 22. 33 45 58.
10	11 24 31 37 50.
11	03 17 31 46. 59
12	12 19 25 38. 50
13	03 15 26. 37 47. 56
14	01 06 15. 24 33. 42 51
15	00. 09 18. 27 32 36 45. 54
16	03. 12 21 30. 39 48. 58
17	03 07 17. 26 36. 46 56
18	07. 18 29. 41 48 54.
19	07 21 36 52
20	07 25. 49
21	14 34 54.
22	

SOBOTA, ROK SZKOLNY

5	20 40 53
6	10. 21 31 40 51.
7	01 13 22 33. 43 54
8	03 15. 35 46 56
9	07. 17 28 38 49. 59
10	10 20 31. 41 54
11	06 17. 28 39 50
12	01. 12 23 36 47. 59
13	10 22 33. 45 56
14	10 22. 34 46 58
15	10. 22 34 49
16	01. 14 26 51.
17	04 18 49.
18	02 17 34. 50
19	04 20. 34
20	04. 19 31 45. 58
21	19. 34
22	39.

DZIEŃ ŚWIĄTECZNY, ROK SZKOLNY

5	11 39
6	01 14 31 44
7	04 21 36 54
8	14 37 55
9	13 31 49
10	07 25 46
11	01 19 37 55
12	13 31 49
13	07 25 43
14	01 19 37 55
15	13 31 49
16	07 25 43
17	01 22 42
18	00 18 36
19	13 30
20	06 31 56
21	47
22	

WIELKANOC,BOŻE NARODZENIE,NOWY ROK

5	12
6	28
7	03 42
8	26
9	14 56
10	44
11	26
12	08 56
13	42
14	28
15	14
16	00 46
17	36
18	20 59
19	
20	24
21	42
22	

