OS.PORĘBA - GRANITOWA - JANA PAWŁA II - ARMII KRAJOWEJ - B. M. CASSINO - WILEŃSKA - GŁĘBOKA - NARUTOWICZA - ZAMOJSKA - FABRYCZNA - ŁĘCZYŃSKA - GOSPODARCZA - MEŁGIEWSKA - MEŁGIEWSKA FS

DZIEŃ POWSZEDNI, ROK SZKOLNY

5	26 35. 44 53.
6	02 07 11 20. 29 42. 56
7	07 16. 25 34. 43 48 52
8	01. 10 19. 29 38 47. 56
9	06. 15 20 24 34. 44 55.
10	06 18 31. 44 57
11	04 10 23. 36 50
12	04 19. 32 45 52 58
13	11. 23 36 48 59.
14	10 20. 29 34 39 48. 57
15	06. 15 24 33. 42 51.
16	00 05 09 18. 27 36. 45 54
17	03. 12 21. 31 36 40 50. 59
18	09. 17 24 34. 45 56.
19	08 15 21. 34 48
20	03 19 34 52.
21	16 41
22	01 17.
23	

SOBOTA, ROK SZKOLNY

5	42
6	02 15 32. 43 53
7	03 18. 30 42 51
8	02. 12 23 32 44.
9	04 15 25 36. 46 57
10	07 18. 28 39 49
11	00. 10 23 35 46. 57
12	08 19 30. 41 52
13	05 16. 28 39 51
14	02. 14 25 39 51.
15	03 15 27 39. 51
16	03 18 30. 43 55
17	20. 33 47
18	14. 26 41 58.
19	14 28 44. 58
20	28. 43 55
21	09. 22 43. 58
22	
23	01.

DZIEŃ ŚWIĄTECZNY, ROK SZKOLNY

5	33
6	01 23 36 53
7	07 33 50
8	05 23 43
9	06 24 42
10	00 18 36 54
11	15 30 48
12	06 24 42
13	00 18 36 54
14	12 30 48
15	06 24 42
16	00 18 36 54
17	12 30 51
18	09 24 42
19	00 37 54
20	30 55
21	20
22	10
23	

WIELKANOC,BOŻE NARODZENIE,NOWY ROK

5	34
6	50
7	32
8	11 55
9	43
10	25
11	13 55
12	37
13	25
14	11 57
15	43
16	29
17	15
18	05 44
19	23
20	48
21	
22	05
23	

