OS.PORĘBA - GRANITOWA - JANA PAWŁA II - ARMII KRAJOWEJ - B. M. CASSINO - WILEŃSKA - GŁĘBOKA - NARUTOWICZA - ZAMOJSKA - FABRYCZNA - ŁĘCZYŃSKA - GOSPODARCZA - MEŁGIEWSKA - MEŁGIEWSKA FS

DZIEŃ POWSZEDNI, ROK SZKOLNY

5	27 36. 45 54.
6	03 08 12 21. 30 43. 57
7	08 17. 26 35. 44 49 53
8	02. 11 20. 30 39 48. 57
9	07. 16 21 25 35. 45 56.
10	07 19 32. 45 58
11	05 11 24. 37 51
12	05 20. 33 46 53 59
13	12. 24 37 49
14	00. 11 21. 30 35 40 49. 58
15	07. 16 25 34. 43 52.
16	01 06 10 19. 28 37. 46 55
17	04. 13 22. 32 37 41 51.
18	00 10. 18 25 35. 46 57.
19	09 16 22. 35 49
20	04 20 35 53.
21	17 42
22	02 18.
23	

SOBOTA, ROK SZKOLNY

5	43
6	03 16 33. 44 54
7	04 19. 31 43 52
8	03. 13 24 33 45.
9	05 16 26 37. 47 58
10	08 19. 29 40 50
11	01. 11 24 36 47. 58
12	09 20 31. 42 53
13	06 17. 29 40 52
14	03. 15 26 40 52.
15	04 16 28 40. 52
16	04 19 31. 44 56
17	21. 34 48
18	15. 27 42 59.
19	15 29 45. 59
20	29. 44 56
21	10. 23 44. 59
22	
23	02.

DZIEŃ ŚWIĄTECZNY, ROK SZKOLNY

5	34
6	02 24 37 54
7	08 34 51
8	06 24 44
9	07 25 43
10	01 19 37 55
11	16 31 49
12	07 25 43
13	01 19 37 55
14	13 31 49
15	07 25 43
16	01 19 37 55
17	13 31 52
18	10 25 43
19	01 38 55
20	31 56
21	21
22	11
23	

WIELKANOC,BOŻE NARODZENIE,NOWY ROK

5	35
6	51
7	33
8	12 56
9	44
10	26
11	14 56
12	38
13	26
14	12 58
15	44
16	30
17	16
18	06 45
19	24
20	49
21	
22	06
23	

