OS.PORĘBA - GRANITOWA - JANA PAWŁA II - ARMII KRAJOWEJ - B. M. CASSINO - WILEŃSKA - GŁĘBOKA - NARUTOWICZA - ZAMOJSKA - FABRYCZNA - ŁĘCZYŃSKA - GOSPODARCZA - MEŁGIEWSKA - MEŁGIEWSKA FS

DZIEŃ POWSZEDNI, ROK SZKOLNY

5	13 22. 31 40. 49 54 58
6	07. 16 25. 36 47 56.
7	05 14. 23 28 32 41. 50 59.
8	09 18 27. 36 46. 55
9	00 04 14. 24 35. 46 58
10	11. 24 37 44 50
11	03. 16 30 44 59.
12	12 25 32 38 51.
13	03 16 28 39. 50
14	00. 09 14 19 28. 37 46. 55
15	04 13. 22 31. 40 45 49 58.
16	07 16. 25 34 43. 52
17	01. 11 16 20 30. 39 49. 59
18	07 17. 28 39. 51 58
19	04. 17 31 46
20	02 17 35. 59
21	24 44
22	04.

SOBOTA, ROK SZKOLNY

5	29 49
6	02 19. 30 40 49
7	00. 12 24 33 44. 54
8	05 14 26. 46 57
9	07 18. 28 39 49
10	00. 10 21 31 42. 52
11	05 17 28. 39 50
12	01 12. 23 34 47 58.
13	10 21 33 44. 56
14	07 21 33. 45 57
15	09 21. 33 45
16	00 12. 25 37
17	02. 15 29
18	00. 12 27 44.
19	00 14 30. 44
20	14. 29 41 55.
21	08 29. 44
22	48.

DZIEŃ ŚWIĄTECZNY, ROK SZKOLNY

5	20 48
6	10 23 40 53
7	15 32 47
8	05 25 48
9	06 24 42
10	00 18 36 57
11	12 30 48
12	06 24 42
13	00 18 36 54
14	12 30 48
15	06 24 42
16	00 18 36 54
17	12 33 53
18	10 28 46
19	23 40
20	16 41
21	06 57
22	

WIELKANOC,BOŻE NARODZENIE,NOWY ROK

5	21
6	37
7	14 53
8	37
9	25
10	07 55
11	37
12	19
13	07 53
14	39
15	25
16	11 57
17	47
18	30
19	09
20	34
21	52
22	

