OS.PORĘBA - GRANITOWA - JANA PAWŁA II - ARMII KRAJOWEJ - B. M. CASSINO - WILEŃSKA - GŁĘBOKA - NARUTOWICZA - ZAMOJSKA - FABRYCZNA - ŁĘCZYŃSKA - GOSPODARCZA - MEŁGIEWSKA - MEŁGIEWSKA FS

DZIEŃ POWSZEDNI, ROK SZKOLNY

5	10 19. 28 37. 46 51 55
6	04. 13 22. 32 43 52.
7	01 10. 19 24 28 37. 46 55.
8	05 14 23. 32 42. 51 56
9	00 10. 20 31. 42 54
10	07. 20 33 40 46 59.
11	12 26 40 55.
12	08 21 28 34 47. 59
13	12 24 35. 46 56.
14	05 10 15 24. 33 42. 51
15	00 09. 18 27. 36 41 45 54.
16	03 12. 21 30 39. 48 57.
17	07 12 16 26. 35 45. 55
18	04 14. 25 36. 48 55
19	01. 14 28 43 59
20	14 32. 56
21	21 41
22	01.

SOBOTA, ROK SZKOLNY

5	26 46 59
6	16. 27 37 46 57.
7	09 21 30 41. 51
8	02 11 23. 43 54
9	04 15. 25 36 46 57.
10	07 18 28 39. 49
11	02 14 25. 36 47 58
12	09. 20 31 44 55.
13	07 18 30 41. 53
14	04 18 30. 42 54
15	06 18. 30 42 57
16	09. 22 34 59.
17	12 26 57.
18	09 24 41. 57
19	11 27. 41
20	11. 26 38 52.
21	05 26. 41
22	45.

DZIEŃ ŚWIĄTECZNY, ROK SZKOLNY

5	17 45
6	07 20 37 50
7	12 29 44
8	02 22 45
9	03 21 39 57
10	15 33 54
11	09 27 45
12	03 21 39 57
13	15 33 51
14	09 27 45
15	03 21 39 57
16	15 33 51
17	09 30 50
18	07 25 43
19	20 37
20	13 38
21	03 54
22	

WIELKANOC,BOŻE NARODZENIE,NOWY ROK

5	18
6	34
7	11 50
8	34
9	22
10	04 52
11	34
12	16
13	04 50
14	36
15	22
16	08 54
17	44
18	27
19	06
20	31
21	49
22	

