OS.PORĘBA - GRANITOWA - JANA PAWŁA II - ARMII KRAJOWEJ - B. M. CASSINO - WILEŃSKA - GŁĘBOKA - NARUTOWICZA - ZAMOJSKA - FABRYCZNA - ŁĘCZYŃSKA - GOSPODARCZA - MEŁGIEWSKA - MEŁGIEWSKA FS

DZIEŃ POWSZEDNI, ROK SZKOLNY

5	03 12. 21 30. 39 44 48 57.
6	06 15. 24 33 42. 51
7	00. 09 14 18 27. 36 45. 55
8	04 13. 22 32. 41 46 50
9	00. 10 21. 32 44 57.
10	10 23 30 36 49.
11	02 16 30 45. 58
12	11 18 24 37. 49
13	02 14 25. 36 46. 55
14	00 05 14. 23 32. 41 50 59.
15	08 17. 26 31 35 44. 53
16	02. 11 20 29. 38 47. 57
17	02 06 16. 25 35. 45 55
18	06. 17 28. 40 47 53.
19	06 20 35 51
20	06 24. 48
21	13 33 53.
22	

SOBOTA, ROK SZKOLNY

5	19 39 52
6	09. 20 30 39 50.
7	00 12 21 32. 42 53
8	02 14. 34 45 55
9	06. 16 27 37 48. 58
10	09 19 30. 40 53
11	05 16. 27 38 49
12	00. 11 22 35 46. 58
13	09 21 32. 44 55
14	09 21. 33 45 57
15	09. 21 33 48
16	00. 13 25 50.
17	03 17 48.
18	01 16 33. 49
19	03 19. 33
20	03. 18 30 44. 57
21	18. 33
22	38.

DZIEŃ ŚWIĄTECZNY, ROK SZKOLNY

5	10 38
6	00 13 30 43
7	03 20 35 53
8	13 36 54
9	12 30 48
10	06 24 45
11	00 18 36 54
12	12 30 48
13	06 24 42
14	00 18 36 54
15	12 30 48
16	06 24 42
17	00 21 41 59
18	17 35
19	12 29
20	05 30 55
21	46
22	

WIELKANOC,BOŻE NARODZENIE,NOWY ROK

5	11
6	27
7	02 41
8	25
9	13 55
10	43
11	25
12	07 55
13	41
14	27
15	13 59
16	45
17	35
18	19 58
19	
20	23
21	41
22	

