OS.PORĘBA - GRANITOWA - JANA PAWŁA II - ARMII KRAJOWEJ - B. M. CASSINO - WILEŃSKA - GŁĘBOKA - NARUTOWICZA - ZAMOJSKA - FABRYCZNA - ŁĘCZYŃSKA - GOSPODARCZA - MEŁGIEWSKA - MEŁGIEWSKA FS

DZIEŃ POWSZEDNI, ROK SZKOLNY

5	19 28. 37 46. 55
6	00 04 13. 22 32. 46 57
7	06. 15 24. 33 38 42 51.
8	00 09. 19 28 37. 46 56.
9	05 10 14 24. 34 45. 56
10	08 21. 34 47 54
11	00 13. 26 40 54
12	09. 22 35 42 48
13	01. 13 26 38 49.
14	00 10. 19 24 29 38. 47 56.
15	05 14 23. 32 41. 50 55 59
16	08. 17 26. 35 44 53.
17	02 11. 21 26 30 40. 49 59.
18	08 15 25. 36 47. 59
19	06 12. 25 39 54
20	10 25 43.
21	07 32 52
22	10.

SOBOTA, ROK SZKOLNY

5	35 55
6	08 25. 36 46 55
7	09. 21 33 42 53.
8	03 14 23 35. 55
9	06 16 27. 37 48 58
10	09. 19 30 40 51.
11	01 14 26 37. 48 59
12	10 21. 32 43 56
13	07. 19 30 42 53.
14	05 16 30 42. 54
15	06 18 30. 42 54
16	09 21. 34 46
17	11. 24 38
18	06. 18 33 50.
19	06 20 36. 50
20	20. 35 47
21	01. 14 35. 50
22	54.

DZIEŃ ŚWIĄTECZNY, ROK SZKOLNY

5	26 54
6	16 29 46 59
7	24 41 56
8	14 34 57
9	15 33 51
10	09 27 45
11	06 21 39 57
12	15 33 51
13	09 27 45
14	03 21 39 57
15	15 33 51
16	09 27 45
17	03 21 42
18	01 16 34 52
19	29 46
20	22 47
21	12
22	03

WIELKANOC,BOŻE NARODZENIE,NOWY ROK

5	27
6	43
7	23
8	02 46
9	34
10	16
11	04 46
12	28
13	16
14	02 48
15	34
16	20
17	06 56
18	36
19	15
20	40
21	58
22	

