OS.PORĘBA - GRANITOWA - JANA PAWŁA II - ARMII KRAJOWEJ - B. M. CASSINO - WILEŃSKA - GŁĘBOKA - NARUTOWICZA - ZAMOJSKA - FABRYCZNA - ŁĘCZYŃSKA - GOSPODARCZA - MEŁGIEWSKA - MEŁGIEWSKA FS

DZIEŃ POWSZEDNI, ROK SZKOLNY

5	25 34. 43 52.
6	01 06 10 19. 28 40. 54
7	05 14. 23 32. 41 46 50 59.
8	08 17. 27 36 45. 54
9	04. 13 18 22 32. 42 53.
10	04 16 29. 42 55
11	02 08 21. 34 48
12	02 17. 30 43 50 56
13	09. 21 34 46 57.
14	08 18. 27 32 37 46. 55
15	04. 13 22 31. 40 49. 58
16	03 07 16. 25 34. 43 52
17	01. 10 19. 29 34 38 48. 57
18	07. 15 22 32. 43 54.
19	06 13 19. 32 46
20	01 17 32 50.
21	14 39 59
22	16.
23	

SOBOTA, ROK SZKOLNY

5	41
6	01 14 31. 42 52
7	01 16. 28 40 49
8	00. 10 21 30 42.
9	02 13 23 34. 44 55
10	05 16. 26 37 47 58.
11	08 21 33 44. 55
12	06 17 28. 39 50
13	03 14. 26 37 49
14	00. 12 23 37 49.
15	01 13 25 37. 49
16	01 16 28. 41 53
17	18. 31 45
18	12. 24 39 56.
19	12 26 42. 56
20	26. 41 53
21	07. 20 41. 56
22	
23	00.

DZIEŃ ŚWIĄTECZNY, ROK SZKOLNY

5	32
6	00 22 35 52
7	05 31 48
8	03 21 41
9	04 22 40 58
10	16 34 52
11	13 28 46
12	04 22 40 58
13	16 34 52
14	10 28 46
15	04 22 40 58
16	16 34 52
17	10 28 49
18	07 22 40 58
19	35 52
20	28 53
21	18
22	09
23	

WIELKANOC,BOŻE NARODZENIE,NOWY ROK

5	33
6	49
7	30
8	09 53
9	41
10	23
11	11 53
12	35
13	23
14	09 55
15	41
16	27
17	13
18	03 42
19	21
20	46
21	
22	04
23	

