OS.PORĘBA - GRANITOWA - JANA PAWŁA II - ARMII KRAJOWEJ - B. M. CASSINO - WILEŃSKA - GŁĘBOKA - NARUTOWICZA - ZAMOJSKA - FABRYCZNA - ŁĘCZYŃSKA - GOSPODARCZA - MEŁGIEWSKA - MEŁGIEWSKA FS

DZIEŃ POWSZEDNI, ROK SZKOLNY

5	24 33. 42 51.
6	00 05 09 18. 27 39. 53
7	04 13. 22 31. 40 45 49 58.
8	07 16. 26 35 44. 53
9	03. 12 17 21 31. 41 52.
10	03 15 28. 41 54
11	01 07 20. 33 47
12	01 16. 29 42 49 55
13	08. 20 33 45 56.
14	07 17. 26 31 36 45. 54
15	03. 12 21 30. 39 48. 57
16	02 06 15. 24 33. 42 51
17	00. 09 18. 28 33 37 47. 56
18	06. 14 21 31. 42 53.
19	05 12 18. 31 45
20	00 16 31 49.
21	13 38 58
22	15.

SOBOTA, ROK SZKOLNY

5	40
6	00 13 30. 41 51
7	00 15. 27 39 48 59.
8	09 20 29 41.
9	01 12 22 33. 43 54
10	04 15. 25 36 46 57.
11	07 20 32 43. 54
12	05 16 27. 38 49
13	02 13. 25 36 48 59.
14	11 22 36 48.
15	00 12 24 36. 48
16	00 15 27. 40 52
17	17. 30 44
18	11. 23 38 55.
19	11 25 41. 55
20	25. 40 52
21	06. 19 40. 55
22	59.

DZIEŃ ŚWIĄTECZNY, ROK SZKOLNY

5	31 59
6	21 34 51
7	04 30 47
8	02 20 40
9	03 21 39 57
10	15 33 51
11	12 27 45
12	03 21 39 57
13	15 33 51
14	09 27 45
15	03 21 39 57
16	15 33 51
17	09 27 48
18	06 21 39 57
19	34 51
20	27 52
21	17
22	08

WIELKANOC,BOŻE NARODZENIE,NOWY ROK

5	32
6	48
7	29
8	08 52
9	40
10	22
11	10 52
12	34
13	22
14	08 54
15	40
16	26
17	12
18	02 41
19	20
20	45
21	
22	03

