OS.PORĘBA - GRANITOWA - JANA PAWŁA II - ARMII KRAJOWEJ - B. M. CASSINO - WILEŃSKA - GŁĘBOKA - NARUTOWICZA - ZAMOJSKA - FABRYCZNA - ŁĘCZYŃSKA - GOSPODARCZA - MEŁGIEWSKA - MEŁGIEWSKA FS

DZIEŃ POWSZEDNI, ROK SZKOLNY

5	23 32. 41 50. 59
6	04 08 17. 26 38. 52
7	03 12. 21 30. 39 44 48 57.
8	06 15. 25 34 43. 52
9	02. 11 16 20 30. 40 51.
10	02 14 27. 40 53
11	00 06 19. 32 46
12	00 15. 28 41 48 54
13	07. 19 32 44 55.
14	06 16. 25 30 35 44. 53
15	02. 11 20 29. 38 47. 56
16	01 05 14. 23 32. 41 50 59.
17	08 17. 27 32 36 46. 55
18	05. 13 20 30. 41 52.
19	04 11 17. 30 44 59
20	15 30 48.
21	12 37 57
22	14.

SOBOTA, ROK SZKOLNY

5	39 59
6	12 29. 40 50 59
7	14. 26 38 47 58.
8	08 19 28 40.
9	00 11 21 32. 42 53
10	03 14. 24 35 45 56.
11	06 19 31 42. 53
12	04 15 26. 37 48
13	01 12. 24 35 47 58.
14	10 21 35 47. 59
15	11 23 35. 47 59
16	14 26. 39 51
17	16. 29 43
18	10. 22 37 54.
19	10 24 40. 54
20	24. 39 51
21	05. 18 39. 54
22	58.

DZIEŃ ŚWIĄTECZNY, ROK SZKOLNY

5	30 58
6	20 33 50
7	03 29 46
8	01 19 39
9	02 20 38 56
10	14 32 50
11	11 26 44
12	02 20 38 56
13	14 32 50
14	08 26 44
15	02 20 38 56
16	14 32 50
17	08 26 47
18	05 20 38 56
19	33 50
20	26 51
21	16
22	07

WIELKANOC,BOŻE NARODZENIE,NOWY ROK

5	31
6	47
7	28
8	07 51
9	39
10	21
11	09 51
12	33
13	21
14	07 53
15	39
16	25
17	11
18	01 40
19	19
20	44
21	
22	02

