ZANA ZUS - ZANA - AL. KRAŚNICKA - AL. RACŁAWICKIE - LIPOWA - AL. PIŁSUDSKIEGO - AL. ZYGMUNTOWSKIE - FABRYCZNA - DROGA M. MAJDANKA - MAJDANEK

DZIEŃ POWSZEDNI, ROK SZKOLNY

4	47 57
5	07 15 23 32 52
6	12 19 25 33 41 50 57
7	01 11 21 31 41 51
8	01 11 21 31 41 51
9	01 09 19 29 39 49 59
10	09 19 29 39 49 59
11	09 19 29 39 49 59
12	09 19 29 39 49 59
13	09 19 29 39 49 54 59
14	12 24 35 45 55
15	05 15 25 35 45 55
16	05 15 25 35 45 55
17	05 14 24 34 44 54
18	04 14 24 34 54
19	14 34 54
20	14 40
21	10 40
22	08 34

SOBOTA, ROK SZKOLNY

4	48
5	00 21 38 58
6	08 20 32 52
7	16 31 36 56
8	16 36 56
9	16 36 56
10	16 36 56
11	16 36 56
12	16 36 56
13	16 36 56
14	16 36 56
15	16 26 36 56
16	16 36 56
17	16 36 56
18	16 36 56
19	16 36 56
20	16 41
21	11 41
22	09 38

DZIEŃ ŚWIĄTECZNY, ROK SZKOLNY

4	
5	09 18 38
6	08 38
7	08 38
8	11 41
9	11 41
10	11 41 51
11	01 11 35 55
12	15 35 55
13	15 35 55
14	15 35 55
15	15 35 55
16	15 35 55
17	15 35 55
18	15 35 55
19	15 35 55
20	15 42
21	12 42
22	10 38

WSZYSTKICH ŚWIĘTYCH

4	
5	09 18 38
6	08 38
7	08 38
8	11 26 41 56
9	11 26 41 56
10	11 26 41 51 56
11	01 06 11 22 35 42 55
12	02 15 22 35 42 55
13	02 15 22 35 42 55
14	02 15 22 35 42 55
15	02 15 22 35 42 55
16	02 15 22 35 42 55
17	02 15 22 35 42 55
18	15 35 55
19	15 35 55
20	15 42
21	12 42
22	10 38

WIGILIA I SYLWESTER

4	47 57
5	07 15 23 32 52
6	12 19 25 33 41 50 57
7	01 11 21 31 41 51
8	01 11 21 31 41 51
9	01 09 19 29 39 49 59
10	09 19 29 39 49 59
11	09 19 29 39 49 59
12	09 19 29 39 49 59
13	09 19 29 39 49 54 59
14	12 24 35 45 55
15	05 15 25 35 45 55
16	05 15 25 35 45 55
17	05 14 24 34 44 54
18	04 14 24 34 54
19	14
20	
21	
22	

WIELKANOC,BOŻE NARODZENIE,NOWY ROK

4	
5	
6	59
7	44
8	33
9	28
10	13 58
11	43
12	28
13	13 58
14	43
15	28
16	13 58
17	53
18	38
19	23
20	08 53
21	38
22	19

