ZANA ZUS - ZANA - AL. KRAŚNICKA - AL. RACŁAWICKIE - LIPOWA - AL. PIŁSUDSKIEGO - AL. ZYGMUNTOWSKIE - FABRYCZNA - DROGA M. MAJDANKA - MAJDANEK

DZIEŃ POWSZEDNI, ROK SZKOLNY

4	52
5	02 12 20 28 37 57
6	17 24 30 39 47 56
7	03 07 17 27 37 47 57
8	07 17 27 37 47 57
9	07 15 25 35 45 55
10	05 15 25 35 45 55
11	05 15 25 35 45 55
12	05 15 25 35 45 55
13	05 15 25 35 45 55
14	00 05 18 30 41 51
15	01 11 21 31 41 51
16	01 11 21 31 41 51
17	01 11 20 30 40 50
18	00 10 20 30 40
19	00 20 40
20	00 19 45
21	15 45
22	13 39

SOBOTA, ROK SZKOLNY

4	53
5	05 26 43
6	03 13 25 37 57
7	21 36 41
8	01 21 41
9	01 21 41
10	01 21 41
11	01 21 41
12	01 21 41
13	01 21 41
14	01 21 41
15	01 21 31 41
16	01 21 41
17	01 21 41
18	01 21 41
19	01 21 41
20	01 21 46
21	16 46
22	14 43

DZIEŃ ŚWIĄTECZNY, ROK SZKOLNY

4	
5	14 23 43
6	13 43
7	13 43
8	16 46
9	16 46
10	16 46 56
11	06 16 40
12	00 20 40
13	00 20 40
14	00 20 40
15	00 20 40
16	00 20 40
17	00 20 40
18	00 20 40
19	00 20 40
20	00 20 47
21	17 47
22	15 43

WSZYSTKICH ŚWIĘTYCH

4	
5	14 23 43
6	13 43
7	13 43
8	16 31 46
9	01 16 31 46
10	01 16 31 46 56
11	01 06 11 16 27 40 47
12	00 07 20 27 40 47
13	00 07 20 27 40 47
14	00 07 20 27 40 47
15	00 07 20 27 40 47
16	00 07 20 27 40 47
17	00 07 20 27 40 47
18	00 20 40
19	00 20 40
20	00 20 47
21	17 47
22	15 43

WIGILIA I SYLWESTER

4	52
5	02 12 20 28 37 57
6	17 24 30 39 47 56
7	03 07 17 27 37 47 57
8	07 17 27 37 47 57
9	07 15 25 35 45 55
10	05 15 25 35 45 55
11	05 15 25 35 45 55
12	05 15 25 35 45 55
13	05 15 25 35 45 55
14	00 05 18 30 41 51
15	01 11 21 31 41 51
16	01 11 21 31 41 51
17	01 11 20 30 40 50
18	00 10 20 30 40
19	00 20
20	
21	
22	

WIELKANOC,BOŻE NARODZENIE,NOWY ROK

4	
5	
6	
7	04 49
8	38
9	33
10	18
11	03 48
12	33
13	18
14	03 48
15	33
16	18
17	03 58
18	43
19	28
20	13 58
21	43
22	24

