ZANA ZUS - ZANA - AL. KRAŚNICKA - AL. RACŁAWICKIE - LIPOWA - AL. PIŁSUDSKIEGO - AL. ZYGMUNTOWSKIE - FABRYCZNA - DROGA M. MAJDANKA - MAJDANEK

DZIEŃ POWSZEDNI, ROK SZKOLNY

4	51
5	01 11 19 27 36 56
6	16 23 29 38 46 55
7	02 06 16 26 36 46 56
8	06 16 26 36 46 56
9	06 14 24 34 44 54
10	04 14 24 34 44 54
11	04 14 24 34 44 54
12	04 14 24 34 44 54
13	04 14 24 34 44 54 59
14	04 17 29 40 50
15	00 10 20 30 40 50
16	00 10 20 30 40 50
17	00 10 19 29 39 49 59
18	09 19 29 39 59
19	19 39 59
20	18 44
21	14 44
22	12 38

SOBOTA, ROK SZKOLNY

4	52
5	04 25 42
6	02 12 24 36 56
7	20 35 40
8	00 20 40
9	00 20 40
10	00 20 40
11	00 20 40
12	00 20 40
13	00 20 40
14	00 20 40
15	00 20 30 40
16	00 20 40
17	00 20 40
18	00 20 40
19	00 20 40
20	00 20 45
21	15 45
22	13 42

DZIEŃ ŚWIĄTECZNY, ROK SZKOLNY

4	
5	13 22 42
6	12 42
7	12 42
8	15 45
9	15 45
10	15 45 55
11	05 15 39 59
12	19 39 59
13	19 39 59
14	19 39 59
15	19 39 59
16	19 39 59
17	19 39 59
18	19 39 59
19	19 39 59
20	19 46
21	16 46
22	14 42

WSZYSTKICH ŚWIĘTYCH

4	
5	13 22 42
6	12 42
7	12 42
8	15 30 45
9	00 15 30 45
10	00 15 30 45 55
11	00 05 10 15 26 39 46 59
12	06 19 26 39 46 59
13	06 19 26 39 46 59
14	06 19 26 39 46 59
15	06 19 26 39 46 59
16	06 19 26 39 46 59
17	06 19 26 39 46 59
18	19 39 59
19	19 39 59
20	19 46
21	16 46
22	14 42

WIGILIA I SYLWESTER

4	51
5	01 11 19 27 36 56
6	16 23 29 38 46 55
7	02 06 16 26 36 46 56
8	06 16 26 36 46 56
9	06 14 24 34 44 54
10	04 14 24 34 44 54
11	04 14 24 34 44 54
12	04 14 24 34 44 54
13	04 14 24 34 44 54 59
14	04 17 29 40 50
15	00 10 20 30 40 50
16	00 10 20 30 40 50
17	00 10 19 29 39 49 59
18	09 19 29 39 59
19	19
20	
21	
22	

WIELKANOC,BOŻE NARODZENIE,NOWY ROK

4	
5	
6	
7	03 48
8	37
9	32
10	17
11	02 47
12	32
13	17
14	02 47
15	32
16	17
17	02 57
18	42
19	27
20	12 57
21	42
22	23

