ZANA ZUS - ZANA - AL. KRAŚNICKA - AL. RACŁAWICKIE - LIPOWA - AL. PIŁSUDSKIEGO - AL. ZYGMUNTOWSKIE - FABRYCZNA - DROGA M. MAJDANKA - MAJDANEK

DZIEŃ POWSZEDNI, ROK SZKOLNY

4	46 56
5	06 14 22 31 51
6	11 18 24 31 39 48 55 59
7	09 19 29 39 49 59
8	09 19 29 39 49 59
9	07 17 27 37 47 57
10	07 17 27 37 47 57
11	07 17 27 37 47 57
12	07 17 27 37 47 57
13	07 17 27 37 47 52 57
14	10 22 33 43 53
15	03 13 23 33 43 53
16	03 13 23 33 43 53
17	03 12 22 32 42 52
18	02 12 22 32 52
19	12 32 52
20	12 38
21	08 38
22	07 33

SOBOTA, ROK SZKOLNY

4	47 59
5	20 37 57
6	07 19 31 51
7	14 29 34 54
8	14 34 54
9	14 34 54
10	14 34 54
11	14 34 54
12	14 34 54
13	14 34 54
14	14 34 54
15	14 24 34 54
16	14 34 54
17	14 34 54
18	14 34 54
19	14 34 54
20	14 39
21	09 39
22	08 37

DZIEŃ ŚWIĄTECZNY, ROK SZKOLNY

4	
5	08 17 37
6	07 37
7	07 37
8	09 39
9	09 39
10	09 39 49 59
11	09 33 53
12	13 33 53
13	13 33 53
14	13 33 53
15	13 33 53
16	13 33 53
17	13 33 53
18	13 33 53
19	13 33 53
20	13 40
21	10 40
22	09 37

WSZYSTKICH ŚWIĘTYCH

4	
5	08 17 37
6	07 37
7	07 37
8	09 24 39 54
9	09 24 39 54
10	09 24 39 49 54 59
11	04 09 20 33 40 53
12	00 13 20 33 40 53
13	00 13 20 33 40 53
14	00 13 20 33 40 53
15	00 13 20 33 40 53
16	00 13 20 33 40 53
17	00 13 20 33 40 53
18	13 33 53
19	13 33 53
20	13 40
21	10 40
22	09 37

WIGILIA I SYLWESTER

4	46 56
5	06 14 22 31 51
6	11 18 24 31 39 48 55 59
7	09 19 29 39 49 59
8	09 19 29 39 49 59
9	07 17 27 37 47 57
10	07 17 27 37 47 57
11	07 17 27 37 47 57
12	07 17 27 37 47 57
13	07 17 27 37 47 52 57
14	10 22 33 43 53
15	03 13 23 33 43 53
16	03 13 23 33 43 53
17	03 12 22 32 42 52
18	02 12 22 32 52
19	12
20	
21	
22	

WIELKANOC,BOŻE NARODZENIE,NOWY ROK

4	
5	
6	58
7	43
8	31
9	26
10	11 56
11	41
12	26
13	11 56
14	41
15	26
16	11 56
17	51
18	36
19	21
20	06 51
21	36
22	18

