ZANA ZUS - ZANA - AL. KRAŚNICKA - AL. RACŁAWICKIE - LIPOWA - AL. PIŁSUDSKIEGO - AL. ZYGMUNTOWSKIE - FABRYCZNA - DROGA M. MAJDANKA - MAJDANEK

DZIEŃ POWSZEDNI, ROK SZKOLNY

5	08 28 48
6	08 15 26 36 46 56
7	06 16 26 36 46 56
8	06 16 26 34 46
9	00 10 20 30 40 50
10	00 10 20 30 40 50
11	00 10 20 30 40 50
12	00 10 20 30 40 50
13	00 10 20 30 40 51
14	02 12 22 32 42 52
15	02 12 22 32 42 52
16	02 12 22 32 45 55
17	05 15 25 35 45 55
18	05 25 45
19	05 25 45
20	13 43
21	13 43
22	10

SOBOTA, ROK SZKOLNY

5	14 44
6	08 28 49
7	08 28 48
8	08 28 48
9	08 28 48
10	08 28 48
11	08 28 48
12	08 28 48
13	08 28 48
14	08 28 48
15	08 28 48
16	08 28 48
17	08 28 48
18	08 28 48
19	08 28 48
20	14 44
21	14 44
22	14

DZIEŃ ŚWIĄTECZNY, ROK SZKOLNY

5	14 44
6	14 44
7	14 45
8	13 43
9	13 43
10	13 43
11	07 27 47
12	07 27 47
13	07 27 47
14	07 27 47
15	07 27 47
16	07 27 47
17	07 27 47
18	07 27 47
19	07 27 47
20	14 44
21	14 44
22	14

WSZYSTKICH ŚWIĘTYCH

5	14 44
6	14 44
7	14 45 58
8	13 28 43 58
9	13 28 43 58
10	13 28 43 54
11	07 14 27 34 47 54
12	07 14 27 34 47 54
13	07 14 27 34 47 54
14	07 14 27 34 47 54
15	07 14 27 34 47 54
16	07 14 27 34 47 54
17	07 14 27 47
18	07 27 47
19	07 27 47
20	14 44
21	14 44
22	14

WIGILIA I SYLWESTER

5	08 28 48
6	08 15 26 36 46 56
7	06 16 26 36 46 56
8	06 16 26 34 46
9	00 10 20 30 40 50
10	00 10 20 30 40 50
11	00 10 20 30 40 50
12	00 10 20 30 40 50
13	00 10 20 30 40 51
14	02 12 22 32 42 52
15	02 12 22 32 42 52
16	02 12 22 32 45 55
17	05 15 25 35 45 55
18	05 25 45
19	
20	
21	
22	

WIELKANOC,BOŻE NARODZENIE,NOWY ROK

5	
6	35
7	20
8	05
9	00 45
10	30
11	15
12	00 45
13	30
14	15
15	00 45
16	30
17	25
18	10 55
19	40
20	25
21	10 55
22	

