ZANA ZUS - ZANA - AL. KRAŚNICKA - AL. RACŁAWICKIE - LIPOWA - AL. PIŁSUDSKIEGO - AL. ZYGMUNTOWSKIE - FABRYCZNA - DROGA M. MAJDANKA - MAJDANEK

DZIEŃ POWSZEDNI, ROK SZKOLNY

5	11 31 51
6	11 18 29 39 49 59
7	09 19 29 39 49 59
8	09 19 29 37 49
9	03 13 23 33 43 53
10	03 13 23 33 43 53
11	03 13 23 33 43 53
12	03 13 23 33 43 53
13	03 13 23 33 43 54
14	05 15 25 35 45 55
15	05 15 25 35 45 55
16	05 15 25 35 48 58
17	08 18 28 38 48 58
18	08 28 48
19	08 28 48
20	16 46
21	16 46
22	13

SOBOTA, ROK SZKOLNY

5	17 47
6	11 31 52
7	11 31 51
8	11 31 51
9	11 31 51
10	11 31 51
11	11 31 51
12	11 31 51
13	11 31 51
14	11 31 51
15	11 31 51
16	11 31 51
17	11 31 51
18	11 31 51
19	11 31 51
20	17 47
21	17 47
22	17

DZIEŃ ŚWIĄTECZNY, ROK SZKOLNY

5	17 47
6	17 47
7	17 48
8	16 46
9	16 46
10	16 46
11	10 30 50
12	10 30 50
13	10 30 50
14	10 30 50
15	10 30 50
16	10 30 50
17	10 30 50
18	10 30 50
19	10 30 50
20	17 47
21	17 47
22	17

WSZYSTKICH ŚWIĘTYCH

5	17 47
6	17 47
7	17 48
8	01 16 31 46
9	01 16 31 46
10	01 16 31 46 57
11	10 17 30 37 50 57
12	10 17 30 37 50 57
13	10 17 30 37 50 57
14	10 17 30 37 50 57
15	10 17 30 37 50 57
16	10 17 30 37 50 57
17	10 17 30 50
18	10 30 50
19	10 30 50
20	17 47
21	17 47
22	17

WIGILIA I SYLWESTER

5	11 31 51
6	11 18 29 39 49 59
7	09 19 29 39 49 59
8	09 19 29 37 49
9	03 13 23 33 43 53
10	03 13 23 33 43 53
11	03 13 23 33 43 53
12	03 13 23 33 43 53
13	03 13 23 33 43 54
14	05 15 25 35 45 55
15	05 15 25 35 45 55
16	05 15 25 35 48 58
17	08 18 28 38 48 58
18	08 28 48
19	
20	
21	
22	

WIELKANOC,BOŻE NARODZENIE,NOWY ROK

5	
6	38
7	23
8	08
9	03 48
10	33
11	18
12	03 48
13	33
14	18
15	03 48
16	33
17	28
18	13 58
19	43
20	28
21	13 58
22	

