ZANA ZUS - ZANA - AL. KRAŚNICKA - AL. RACŁAWICKIE - LIPOWA - AL. PIŁSUDSKIEGO - AL. ZYGMUNTOWSKIE - FABRYCZNA - DROGA M. MAJDANKA - MAJDANEK

DZIEŃ POWSZEDNI, ROK SZKOLNY

5	12 32 52
6	12 19 30 40 50
7	00 10 20 30 40 50
8	00 10 20 30 38 50
9	04 14 24 34 44 54
10	04 14 24 34 44 54
11	04 14 24 34 44 54
12	04 14 24 34 44 54
13	04 14 24 34 44 55
14	06 16 26 36 46 56
15	06 16 26 36 46 56
16	06 16 26 36 49 59
17	09 19 29 39 49 59
18	09 29 49
19	09 29 49
20	17 47
21	17 47
22	14

SOBOTA, ROK SZKOLNY

5	18 48
6	12 32 53
7	12 32 52
8	12 32 52
9	12 32 52
10	12 32 52
11	12 32 52
12	12 32 52
13	12 32 52
14	12 32 52
15	12 32 52
16	12 32 52
17	12 32 52
18	12 32 52
19	12 32 52
20	18 48
21	18 48
22	18

DZIEŃ ŚWIĄTECZNY, ROK SZKOLNY

5	18 48
6	18 48
7	18 49
8	17 47
9	17 47
10	17 47
11	11 31 51
12	11 31 51
13	11 31 51
14	11 31 51
15	11 31 51
16	11 31 51
17	11 31 51
18	11 31 51
19	11 31 51
20	18 48
21	18 48
22	18

WSZYSTKICH ŚWIĘTYCH

5	18 48
6	18 48
7	18 49
8	02 17 32 47
9	02 17 32 47
10	02 17 32 47 58
11	11 18 31 38 51 58
12	11 18 31 38 51 58
13	11 18 31 38 51 58
14	11 18 31 38 51 58
15	11 18 31 38 51 58
16	11 18 31 38 51 58
17	11 18 31 51
18	11 31 51
19	11 31 51
20	18 48
21	18 48
22	18

WIGILIA I SYLWESTER

5	12 32 52
6	12 19 30 40 50
7	00 10 20 30 40 50
8	00 10 20 30 38 50
9	04 14 24 34 44 54
10	04 14 24 34 44 54
11	04 14 24 34 44 54
12	04 14 24 34 44 54
13	04 14 24 34 44 55
14	06 16 26 36 46 56
15	06 16 26 36 46 56
16	06 16 26 36 49 59
17	09 19 29 39 49 59
18	09 29 49
19	
20	
21	
22	

WIELKANOC,BOŻE NARODZENIE,NOWY ROK

5	
6	39
7	24
8	09
9	04 49
10	34
11	19
12	04 49
13	34
14	19
15	04 49
16	34
17	29
18	14 59
19	44
20	29
21	14 59
22	

