DWORZEC GŁ. PKP - PLAC DWORCOWY - LUBELSKIEGO LIPCA 80 - ZAMOJSKA - NARUTOWICZA - KRAKOWSKIE PRZEDMIEŚCIE - AL. RACŁAWICKIE - AL. DŁUGOSZA - POPIEŁUSZKI - AL. SIKORSKIEGO - PÓŁNOCNA - KOSMOWSKIEJ - KONCERTOWA - AL. KOMPOZYTORÓW  - SMORAWIŃSKIEGO - SZELIGOWSKIEGO - CHOINY - PADEREWSKIEGO

DZIEŃ POWSZEDNI, ROK SZKOLNY

5	37 55
6	12 33 47
7	04 17 32 44 56
8	15 23 36 48
9	02 15 33 52
10	05 21 32 44 58
11	11 26 43 51
12	06 23 34 47 58
13	14 27 40 54
14	12 26 41 54
15	08 22 35 50
16	04 19 34 49
17	04 17 29 44 59
18	16 38 55
19	02 16 34 50
20	14 34 54
21	19 44
22	08 38
23	18

SOBOTA, ROK SZKOLNY

5	40
6	02 18 33 53
7	20 46
8	18 36 59
9	20 53
10	15 38
11	00 23 45
12	08 30 51
13	15 38
14	00 23 45
15	08 33 53
16	18 38
17	00 23 45
18	05 28
19	00 18 41
20	03 26 48
21	11 33 56
22	38
23	18

DZIEŃ ŚWIĄTECZNY, ROK SZKOLNY

5	53
6	11 41
7	13 51
8	25 55
9	25
10	05 35
11	05 35
12	05 35
13	05 35
14	05 35
15	05 35
16	05 35
17	05 35
18	05 36
19	07 37
20	07 37
21	07 37
22	05 38
23	18

WIGILIA I SYLWESTER

5	37 55
6	12 33 47
7	04 17 32 44 56
8	15 23 36 48
9	02 15 33 52
10	05 21 32 44 58
11	11 26 43 51
12	06 23 34 47 58
13	14 27 40 54
14	12 26 41 54
15	08 22 35 50
16	04 19 34 49
17	04 17 29 44 59
18	16 38 55
19	02 16 34 50
20	14 34
21	
22	08
23	18

WIELKANOC,BOŻE NARODZENIE,NOWY ROK

5	53
6	41
7	18
8	13 59
9	56
10	40
11	26
12	10 56
13	40
14	26
15	10 56
16	40
17	25
18	10 58
19	43
20	28
21	11 56
22	48
23	

