DWORZEC GŁ. PKP - PLAC DWORCOWY - LUBELSKIEGO LIPCA 80 - ZAMOJSKA - NARUTOWICZA - KRAKOWSKIE PRZEDMIEŚCIE - AL. RACŁAWICKIE - AL. DŁUGOSZA - POPIEŁUSZKI - AL. SIKORSKIEGO - PÓŁNOCNA - KOSMOWSKIEJ - KONCERTOWA - AL. KOMPOZYTORÓW  - SMORAWIŃSKIEGO - SZELIGOWSKIEGO - CHOINY - PADEREWSKIEGO

DZIEŃ POWSZEDNI, ROK SZKOLNY

5	36 54
6	11 32 46
7	03 16 31 43 55
8	14 22 35 47
9	01 14 32 51
10	04 20 31 43 57
11	10 25 42 50
12	05 22 33 46 57
13	13 26 39 53
14	11 25 40 53
15	07 21 34 49
16	03 18 33 48
17	03 16 28 43 58
18	15 37 54
19	01 15 33 49
20	13 33 53
21	18 43
22	07 37
23	17

SOBOTA, ROK SZKOLNY

5	39
6	01 17 32 52
7	19 45
8	17 35 58
9	19 52
10	14 37 59
11	22 44
12	07 29 50
13	14 37 59
14	22 44
15	07 32 52
16	17 37 59
17	22 44
18	04 27 59
19	17 40
20	02 25 47
21	10 32 55
22	37
23	17

DZIEŃ ŚWIĄTECZNY, ROK SZKOLNY

5	52
6	10 40
7	12 50
8	24 54
9	24
10	04 34
11	04 34
12	04 34
13	04 34
14	04 34
15	04 34
16	04 34
17	04 34
18	04 35
19	06 36
20	06 36
21	06 36
22	04 37
23	17

WIGILIA I SYLWESTER

5	36 54
6	11 32 46
7	03 16 31 43 55
8	14 22 35 47
9	01 14 32 51
10	04 20 31 43 57
11	10 25 42 50
12	05 22 33 46 57
13	13 26 39 53
14	11 25 40 53
15	07 21 34 49
16	03 18 33 48
17	03 16 28 43 58
18	15 37 54
19	01 15 33 49
20	13 33
21	
22	07
23	17

WIELKANOC,BOŻE NARODZENIE,NOWY ROK

5	52
6	40
7	17
8	12 58
9	55
10	39
11	25
12	09 55
13	39
14	25
15	09 55
16	39
17	24
18	09 57
19	42
20	27
21	10 55
22	47
23	

