DWORZEC GŁ. PKP - PLAC DWORCOWY - LUBELSKIEGO LIPCA 80 - ZAMOJSKA - NARUTOWICZA - KRAKOWSKIE PRZEDMIEŚCIE - AL. RACŁAWICKIE - AL. DŁUGOSZA - POPIEŁUSZKI - AL. SIKORSKIEGO - PÓŁNOCNA - KOSMOWSKIEJ - KONCERTOWA - AL. KOMPOZYTORÓW  - SMORAWIŃSKIEGO - SZELIGOWSKIEGO - CHOINY - PADEREWSKIEGO

DZIEŃ POWSZEDNI, ROK SZKOLNY

5	29 47
6	04 24 37 54
7	07 22 34 46
8	05 13 26 38 52
9	05 23 42 55
10	11 22 34 48
11	01 16 33 41 56
12	13 24 37 48
13	04 17 30 44
14	01 15 30 43 57
15	11 24 39 53
16	08 23 38 53
17	06 18 33 48
18	06 28 45 52
19	06 24 40
20	04 24 44
21	09 34
22	00 30
23	10

SOBOTA, ROK SZKOLNY

5	32 54
6	10 25 45
7	10 36
8	08 26 49
9	10 43
10	05 28 50
11	13 35 58
12	20 41
13	05 28 50
14	13 35 58
15	23 43
16	08 28 50
17	13 35 55
18	18 50
19	08 31 53
20	16 38
21	01 23 46
22	30
23	10

DZIEŃ ŚWIĄTECZNY, ROK SZKOLNY

5	45
6	03 33
7	03 41
8	15 45
9	15 55
10	25 55
11	25 55
12	25 55
13	25 55
14	25 55
15	25 55
16	25 55
17	25 55
18	26 57
19	27 57
20	27 57
21	27 57
22	30
23	10

WIGILIA I SYLWESTER

5	29 47
6	04 24 37 54
7	07 22 34 46
8	05 13 26 38 52
9	05 23 42 55
10	11 22 34 48
11	01 16 33 41 56
12	13 24 37 48
13	04 17 30 44
14	01 15 30 43 57
15	11 24 39 53
16	08 23 38 53
17	06 18 33 48
18	06 28 45 52
19	06 24 40
20	04 24
21	
22	00
23	10

WIELKANOC,BOŻE NARODZENIE,NOWY ROK

5	45
6	33
7	08
8	03 49
9	46
10	30
11	16
12	00 46
13	30
14	16
15	00 46
16	30
17	15
18	00 48
19	33
20	18
21	01 46
22	40
23	

