DWORZEC GŁ. PKP - PLAC DWORCOWY - LUBELSKIEGO LIPCA 80 - ZAMOJSKA - NARUTOWICZA - KRAKOWSKIE PRZEDMIEŚCIE - AL. RACŁAWICKIE - AL. DŁUGOSZA - POPIEŁUSZKI - AL. SIKORSKIEGO - PÓŁNOCNA - KOSMOWSKIEJ - KONCERTOWA - AL. KOMPOZYTORÓW  - SMORAWIŃSKIEGO - SZELIGOWSKIEGO - CHOINY - PADEREWSKIEGO

DZIEŃ POWSZEDNI, ROK SZKOLNY

5	30 48
6	05 25 38 55
7	08 23 35 47
8	06 14 27 39 53
9	06 24 43 56
10	12 23 35 49
11	02 17 34 42 57
12	14 25 38 49
13	05 18 31 45
14	02 16 31 44 58
15	12 25 40 54
16	09 24 39 54
17	07 19 34 49
18	07 29 46 53
19	07 25 41
20	05 25 45
21	10 35
22	01 31
23	11

SOBOTA, ROK SZKOLNY

5	33 55
6	11 26 46
7	11 37
8	09 27 50
9	11 44
10	06 29 51
11	14 36 59
12	21 42
13	06 29 51
14	14 36 59
15	24 44
16	09 29 51
17	14 36 56
18	19 51
19	09 32 54
20	17 39
21	02 24 47
22	31
23	11

DZIEŃ ŚWIĄTECZNY, ROK SZKOLNY

5	46
6	04 34
7	04 42
8	16 46
9	16 56
10	26 56
11	26 56
12	26 56
13	26 56
14	26 56
15	26 56
16	26 56
17	26 56
18	27 58
19	28 58
20	28 58
21	28 58
22	31
23	11

WIGILIA I SYLWESTER

5	30 48
6	05 25 38 55
7	08 23 35 47
8	06 14 27 39 53
9	06 24 43 56
10	12 23 35 49
11	02 17 34 42 57
12	14 25 38 49
13	05 18 31 45
14	02 16 31 44 58
15	12 25 40 54
16	09 24 39 54
17	07 19 34 49
18	07 29 46 53
19	07 25 41
20	05 25
21	
22	01
23	11

WIELKANOC,BOŻE NARODZENIE,NOWY ROK

5	46
6	34
7	09
8	04 50
9	47
10	31
11	17
12	01 47
13	31
14	17
15	01 47
16	31
17	16
18	01 49
19	34
20	19
21	02 47
22	41
23	

