DWORZEC GŁ. PKP - PLAC DWORCOWY - LUBELSKIEGO LIPCA 80 - ZAMOJSKA - NARUTOWICZA - KRAKOWSKIE PRZEDMIEŚCIE - AL. RACŁAWICKIE - AL. DŁUGOSZA - POPIEŁUSZKI - AL. SIKORSKIEGO - PÓŁNOCNA - KOSMOWSKIEJ - KONCERTOWA - AL. KOMPOZYTORÓW  - SMORAWIŃSKIEGO - SZELIGOWSKIEGO - CHOINY - PADEREWSKIEGO

DZIEŃ POWSZEDNI, ROK SZKOLNY

5	28 46
6	03 23 36 53
7	06 21 33 45
8	04 12 25 37 51
9	04 22 41 54
10	10 21 33 47
11	00 15 32 40 55
12	12 23 36 47
13	03 16 29 43
14	00 14 29 42 56
15	10 23 38 52
16	07 22 37 52
17	05 17 32 47
18	05 27 44 51
19	05 23 39
20	03 23 43
21	08 33 59
22	29
23	09

SOBOTA, ROK SZKOLNY

5	31 53
6	09 24 44
7	09 35
8	07 25 48
9	09 42
10	04 27 49
11	12 34 57
12	19 40
13	04 27 49
14	12 34 57
15	22 42
16	07 27 49
17	12 34 54
18	17 49
19	07 30 52
20	15 37
21	00 22 45
22	29
23	09

DZIEŃ ŚWIĄTECZNY, ROK SZKOLNY

5	44
6	02 32
7	02 40
8	14 44
9	14 54
10	24 54
11	24 54
12	24 54
13	24 54
14	24 54
15	24 54
16	24 54
17	24 54
18	25 56
19	26 56
20	26 56
21	26 56
22	29
23	09

WIGILIA I SYLWESTER

5	28 46
6	03 23 36 53
7	06 21 33 45
8	04 12 25 37 51
9	04 22 41 54
10	10 21 33 47
11	00 15 32 40 55
12	12 23 36 47
13	03 16 29 43
14	00 14 29 42 56
15	10 23 38 52
16	07 22 37 52
17	05 17 32 47
18	05 27 44 51
19	05 23 39
20	03 23
21	59
22	
23	09

WIELKANOC,BOŻE NARODZENIE,NOWY ROK

5	44
6	32
7	07
8	02 48
9	45
10	29
11	15 59
12	45
13	29
14	15 59
15	45
16	29
17	14 59
18	47
19	32
20	17
21	00 45
22	39
23	

