DWORZEC GŁ. PKP - PLAC DWORCOWY - LUBELSKIEGO LIPCA 80 - ZAMOJSKA - NARUTOWICZA - KRAKOWSKIE PRZEDMIEŚCIE - AL. RACŁAWICKIE - AL. DŁUGOSZA - POPIEŁUSZKI - AL. SIKORSKIEGO - PÓŁNOCNA - KOSMOWSKIEJ - KONCERTOWA - AL. KOMPOZYTORÓW  - SMORAWIŃSKIEGO - SZELIGOWSKIEGO - CHOINY - PADEREWSKIEGO

DZIEŃ POWSZEDNI, ROK SZKOLNY

5	11 29 46
6	06 19 33 46
7	01 13 25 44 52
8	05 17 31 44
9	02 21 34 50
10	01 13 27 40 55
11	12 20 35 52
12	03 16 27 43 56
13	09 23 40 51
14	04 17 31 45 58
15	13 27 42 57
16	12 27 40 52
17	07 22 41
18	09 26 33 47
19	05 21 45
20	05 25 50
21	15 41
22	12 52

SOBOTA, ROK SZKOLNY

5	14 36 52
6	07 27 52
7	15 47
8	05 28 49
9	22 44
10	07 29 52
11	14 37 59
12	20 44
13	07 29 52
14	14 37
15	02 22 47
16	07 29 52
17	14 34 59
18	31 49
19	12 34 57
20	19 42
21	04 27
22	12 52

DZIEŃ ŚWIĄTECZNY, ROK SZKOLNY

5	27 45
6	15 45
7	20 54
8	24 54
9	34
10	04 34
11	04 34
12	04 34
13	04 34
14	04 34
15	04 34
16	04 34
17	04 34
18	07 38
19	08 38
20	08 38
21	08 38
22	12 52

WIGILIA I SYLWESTER

5	11 29 46
6	06 19 33 46
7	01 13 25 44 52
8	05 17 31 44
9	02 21 34 50
10	01 13 27 40 55
11	12 20 35 52
12	03 16 27 43 56
13	09 23 40 51
14	04 17 31 45 58
15	13 27 42 57
16	12 27 40 52
17	07 22 41
18	09 26 33 47
19	05 21 45
20	05
21	41
22	52

WIELKANOC,BOŻE NARODZENIE,NOWY ROK

5	27
6	15 50
7	42
8	28
9	25
10	09 55
11	39
12	25
13	09 55
14	39
15	25
16	09 54
17	39
18	29
19	14 59
20	42
21	27
22	22

