DWORZEC GŁ. PKP - PLAC DWORCOWY - LUBELSKIEGO LIPCA 80 - ZAMOJSKA - NARUTOWICZA - KRAKOWSKIE PRZEDMIEŚCIE - AL. RACŁAWICKIE - AL. DŁUGOSZA - POPIEŁUSZKI - AL. SIKORSKIEGO - PÓŁNOCNA - KOSMOWSKIEJ - KONCERTOWA - AL. KOMPOZYTORÓW  - SMORAWIŃSKIEGO - SZELIGOWSKIEGO - CHOINY - PADEREWSKIEGO

DZIEŃ POWSZEDNI, ROK SZKOLNY

5	14 32 49
6	09 22 37 50
7	05 17 29 48 56
8	09 21 35 48
9	06 25 38 54
10	05 17 31 44 59
11	16 24 39 56
12	07 20 31 47
13	00 13 27 44 55
14	08 21 35 49
15	02 17 31 46
16	01 16 31 44 56
17	11 26 45
18	12 29 36 50
19	08 24 48
20	08 28 53
21	18 44
22	15 55

SOBOTA, ROK SZKOLNY

5	17 39 55
6	10 30 55
7	19 51
8	09 32 53
9	26 48
10	11 33 56
11	18 41
12	03 24 48
13	11 33 56
14	18 41
15	06 26 51
16	11 33 56
17	18 38
18	02 34 52
19	15 37
20	00 22 45
21	07 30
22	15 55

DZIEŃ ŚWIĄTECZNY, ROK SZKOLNY

5	30 48
6	18 48
7	24 58
8	28 58
9	38
10	08 38
11	08 38
12	08 38
13	08 38
14	08 38
15	08 38
16	08 38
17	08 38
18	10 41
19	11 41
20	11 41
21	11 41
22	15 55

WIGILIA I SYLWESTER

5	14 32 49
6	09 22 37 50
7	05 17 29 48 56
8	09 21 35 48
9	06 25 38 54
10	05 17 31 44 59
11	16 24 39 56
12	07 20 31 47
13	00 13 27 44 55
14	08 21 35 49
15	02 17 31 46
16	01 16 31 44 56
17	11 26 45
18	12 29 36 50
19	08 24 48
20	08
21	44
22	55

WIELKANOC,BOŻE NARODZENIE,NOWY ROK

5	30
6	18 53
7	46
8	32
9	29
10	13 59
11	43
12	29
13	13 59
14	43
15	29
16	13 58
17	43
18	32
19	17
20	02 45
21	30
22	25

