OS. WIDOK - FILARETÓW - JANA PAWŁA II - KROCHMALNA - DIAMENTOWA - ZEMBORZYCKA - KUNICKIEGO - WOLSKA - FABRYCZNA - ZAMOJSKA - LUBARTOWSKA - AL. TYSIĄCLECIA - PODZAMCZE - AL. SPÓŁDZIELCZOŚCI PRACY - ZWIĄZKOWA - CHOINY - PADEREWSKIEGO

DZIEŃ POWSZEDNI, ROK SZKOLNY

5	53
6	06. 18 30. 44
7	02. 17. 31 44 58
8	10 23. 36 48.
9	01 14. 27. 40 53
10	11 24 37. 50
11	03. 16 29. 42. 55
12	08 21 34 47.
13	00 13. 26 39. 52.
14	05 19 32 46 59.
15	12 25. 38 51.
16	02. 14 27 40 53
17	06. 19 32. 45 58.
18	13. 24 41 54
19	06 22 39. 54
20	09. 24. 40 55
21	09 24 41. 58
22	15. 33 52

SOBOTA, ROK SZKOLNY

5	39
6	07 27 42
7	00 19. 35 53.
8	09 28 47
9	06 30. 47
10	06. 24 39 56
11	14 33. 51
12	09. 27 48
13	06 24 43.
14	01 18. 36 55
15	14 31 48.
16	05 23. 38 56
17	16 32 51.
18	06 23. 43
19	01 20 40 53.
20	12 24. 39
21	00 23 41.
22	00 20 53

DZIEŃ ŚWIĄTECZNY, ROK SZKOLNY

5	47
6	19 39
7	00 20 50
8	11 37
9	01 34
10	01 24 55
11	19 37
12	02 27 54
13	20 45
14	10 35
15	02 24 49
16	11 40
17	02 30 53
18	24 48
19	07 31 59
20	19 41
21	08 33 57
22	19 49

WIELKANOC,BOŻE NARODZENIE,NOWY ROK

5	52
6	59
7	40
8	14
9	08 51
10	32
11	15 59
12	43
13	24
14	07 51
15	34
16	17
17	00 43
18	25
19	08 48
20	23
21	03 38
22	10 47

