OS. WIDOK - FILARETÓW - JANA PAWŁA II - KROCHMALNA - DIAMENTOWA - ZEMBORZYCKA - KUNICKIEGO - WOLSKA - FABRYCZNA - ZAMOJSKA - LUBARTOWSKA - AL. TYSIĄCLECIA - PODZAMCZE - AL. SPÓŁDZIELCZOŚCI PRACY - ZWIĄZKOWA - CHOINY - PADEREWSKIEGO

DZIEŃ POWSZEDNI, ROK SZKOLNY

5	52
6	05. 17 29. 43
7	01. 16. 30 43 57
8	09 22. 35 47.
9	00 13. 26. 39 52
10	10 23 36. 49
11	02. 15 28. 41. 54
12	07 20 33 46. 59
13	12. 25 38. 51.
14	04 18 31 45 58.
15	11 24. 37 50.
16	01. 13 26 39 52
17	05. 18 31. 44 57.
18	12. 23 40 53
19	05 21 38. 53
20	08. 23. 39 54
21	08 23 40. 57
22	14. 32 51

SOBOTA, ROK SZKOLNY

5	38
6	06 26 41 59
7	18. 34 52.
8	08 27 46
9	05 29. 46
10	05. 23 38 55
11	13 32. 50
12	08. 26 47
13	05 23 42.
14	00 17. 35 54
15	13 30 47.
16	04 22. 37 55
17	15 31 50.
18	05 22. 42
19	00 19 39 52.
20	11 23. 38 59
21	22 40. 59
22	19 52

DZIEŃ ŚWIĄTECZNY, ROK SZKOLNY

5	46
6	18 38 59
7	19 49
8	10 36
9	00 33
10	00 23 54
11	18 36
12	01 26 53
13	19 44
14	09 34
15	01 23 48
16	10 39
17	01 29 52
18	23 47
19	06 30 58
20	18 40
21	07 32 56
22	18 48

WIELKANOC,BOŻE NARODZENIE,NOWY ROK

5	51
6	58
7	39
8	13
9	07 50
10	31
11	14 58
12	42
13	23
14	06 50
15	33
16	16 59
17	42
18	24
19	07 47
20	22
21	02 37
22	09 46

