OS. WIDOK - FILARETÓW - JANA PAWŁA II - KROCHMALNA - DIAMENTOWA - ZEMBORZYCKA - KUNICKIEGO - WOLSKA - FABRYCZNA - ZAMOJSKA - LUBARTOWSKA - AL. TYSIĄCLECIA - PODZAMCZE - AL. SPÓŁDZIELCZOŚCI PRACY - ZWIĄZKOWA - CHOINY - PADEREWSKIEGO

DZIEŃ POWSZEDNI, ROK SZKOLNY

5	15 28. 40 52.
6	04 17. 30. 44 57
7	11 23 36. 49
8	01. 14 27. 40. 53
9	06 24 37 50.
10	03 16. 29 42. 55.
11	08 21 34 47
12	00. 13 26. 39 52.
13	05. 18 31 44 57
14	10. 23 36. 49
15	02. 13. 25 38 51
16	04 17. 30 43. 56
17	09. 26. 39 57
18	10 22 38 55.
19	10 25. 40. 56
20	11 25 40 57.
21	14 34. 54
22	14

SOBOTA, ROK SZKOLNY

5	01 29 49
6	04 22 36. 50
7	06. 22 41
8	00 19 43.
9	00 19. 37 52
10	09 27 46.
11	04 22. 40
12	01 19 37 56.
13	14 31. 49
14	08 27 44
15	01. 18 36. 51
16	09 29 45
17	04. 19 38. 59
18	17 36 56
19	09. 28 40. 55
20	16 39 57.
21	16 40
22	15

DZIEŃ ŚWIĄTECZNY, ROK SZKOLNY

5	09 41
6	01 22 37
7	03 24 50
8	14 47
9	14 37
10	08 32 50
11	15 40
12	07 33 58
13	23 48
14	15 37
15	02 24 53
16	15 43
17	06 39
18	04 23 47
19	15 35 57
20	24 49
21	13 39
22	11

WIELKANOC,BOŻE NARODZENIE,NOWY ROK

5	14
6	21 54
7	27
8	21
9	04 45
10	28
11	12 56
12	37
13	20
14	04 47
15	30
16	13 56
17	41
18	24
19	04 39
20	19 54
21	27
22	09

