OS. WIDOK - FILARETÓW - JANA PAWŁA II - KROCHMALNA - DIAMENTOWA - ZEMBORZYCKA - KUNICKIEGO - WOLSKA - FABRYCZNA - ZAMOJSKA - LUBARTOWSKA - AL. TYSIĄCLECIA - PODZAMCZE - AL. SPÓŁDZIELCZOŚCI PRACY - ZWIĄZKOWA - CHOINY - PADEREWSKIEGO

DZIEŃ POWSZEDNI, ROK SZKOLNY

5	26 39. 51
6	03. 15 28. 43. 57
7	10 24 36 49.
8	02 14. 27 40. 53.
9	06 19 37 50
10	03. 16 29. 42 55.
11	08. 21 34 47
12	00 13. 26 39. 52
13	05. 18. 31 44 57
14	11 24. 37 50.
15	03 16. 27. 39 52
16	05 18 31. 44 57.
17	10 23. 40. 53
18	10 23 35 51
19	08. 23 38. 53.
20	09 24 38 53
21	10. 27 47.
22	06 25

SOBOTA, ROK SZKOLNY

5	12 40
6	00 15 33 47.
7	01 19. 35 54
8	13 32 56.
9	13 32. 50
10	05 22 40 59.
11	17 35. 53
12	14 32 50
13	09. 27 44.
14	02 21 40 57
15	14. 31 49.
16	04 22 42 58
17	17. 32 51.
18	12 30 49
19	09 22. 41 53.
20	08 29 52
21	10. 29 53
22	26

DZIEŃ ŚWIĄTECZNY, ROK SZKOLNY

5	20 52
6	12 33 48
7	16 37
8	03 27
9	00 27 50
10	21 45
11	03 28 53
12	20 46
13	11 36
14	01 28 50
15	15 37
16	06 28 56
17	19 52
18	17 36
19	00 28 48
20	10 37
21	02 26 52
22	22

WIELKANOC,BOŻE NARODZENIE,NOWY ROK

5	25
6	32
7	06 40
8	34
9	17 58
10	41
11	25
12	09 50
13	33
14	17
15	00 43
16	26
17	09 54
18	37
19	17 52
20	32
21	07 40
22	20

