OS. WIDOK - FILARETÓW - JANA PAWŁA II - KROCHMALNA - DIAMENTOWA - ZEMBORZYCKA - KUNICKIEGO - WOLSKA - FABRYCZNA - ZAMOJSKA - LUBARTOWSKA - AL. TYSIĄCLECIA - PODZAMCZE - AL. SPÓŁDZIELCZOŚCI PRACY - ZWIĄZKOWA - CHOINY - PADEREWSKIEGO

DZIEŃ POWSZEDNI, ROK SZKOLNY

5	42 55.
6	07 19. 31 49.
7	04. 18 31 45 57
8	10. 23 35. 48
9	01. 14. 27 40 58
10	11 24. 37 50.
11	03 16. 29. 42 55
12	08 21 34. 47
13	00. 13 26. 39. 52
14	05 18 32 45. 58
15	11. 24 37. 48.
16	00 13 26 39 52.
17	05 18. 31 44.
18	01. 12 29 42 54
19	10 27. 42 57.
20	12. 28 43 57
21	12 29. 46
22	04. 22 41

SOBOTA, ROK SZKOLNY

5	28 56
6	16 31 49
7	06. 22 40. 56
8	15 34 53
9	17. 34 53.
10	11 26 43
11	01 20. 38 56.
12	14 35 53
13	11 30. 48
14	05. 23 42
15	01 18 35. 52
16	10. 25 43
17	03 19 38. 53
18	11. 31 49
19	08 28 41.
20	00 12. 27 48
21	11 29. 48
22	09 42

DZIEŃ ŚWIĄTECZNY, ROK SZKOLNY

5	36
6	08 28 49
7	07 37 58
8	24 48
9	21 48
10	11 42
11	06 24 49
12	14 41
13	07 32 57
14	22 49
15	11 36 58
16	27 49
17	17 40
18	12 36 55
19	19 47
20	07 29 56
21	21 45
22	08 38

WIELKANOC,BOŻE NARODZENIE,NOWY ROK

5	41
6	48
7	27
8	01 55
9	38
10	19
11	02 46
12	30
13	11 54
14	38
15	21
16	04 47
17	30
18	13 56
19	36
20	11 51
21	26 59
22	36

