OS. WIDOK - FILARETÓW - JANA PAWŁA II - KROCHMALNA - DIAMENTOWA - ZEMBORZYCKA - KUNICKIEGO - WOLSKA - FABRYCZNA - ZAMOJSKA - LUBARTOWSKA - AL. TYSIĄCLECIA - PODZAMCZE - AL. SPÓŁDZIELCZOŚCI PRACY - ZWIĄZKOWA - CHOINY - PADEREWSKIEGO

DZIEŃ POWSZEDNI, ROK SZKOLNY

5	21 34. 46 58.
6	10 23. 37. 51
7	04 18 30 43. 56
8	08. 21 34. 47.
9	00 13 31 44 57.
10	10 23. 36 49.
11	02. 15 28 41 54
12	07. 20 33. 46 59.
13	12. 25 38 51
14	04 17. 30 43. 56
15	09. 20. 32 45 58
16	11 24. 37 50.
17	03 16. 33. 46
18	04 17 29 45
19	02. 17 32. 47.
20	03 18 32 47
21	04. 21 41.
22	01 20

SOBOTA, ROK SZKOLNY

5	07 35 55
6	10 28 42. 56
7	13. 29 48
8	07 26 50.
9	07 26. 44 59
10	16 34 53.
11	11 29. 47
12	08 26 44
13	03. 21 38. 56
14	15 34 51
15	08. 25 43. 58
16	16 36 52
17	11. 26 45.
18	06 24 43
19	03 16. 35 47.
20	02 23 46
21	04. 23 47
22	21

DZIEŃ ŚWIĄTECZNY, ROK SZKOLNY

5	15 47
6	07 28 43
7	10 31 57
8	21 54
9	21 44
10	15 39 57
11	22 47
12	14 40
13	05 30 55
14	22 44
15	09 31
16	00 22 50
17	13 46
18	11 30 54
19	22 42
20	04 31 56
21	20 46
22	17

WIELKANOC,BOŻE NARODZENIE,NOWY ROK

5	20
6	27
7	00 34
8	28
9	11 52
10	35
11	19
12	03 44
13	27
14	11 54
15	37
16	20
17	03 48
18	31
19	11 46
20	26
21	01 34
22	15

