OS. WIDOK - FILARETÓW - JANA PAWŁA II - KROCHMALNA - DIAMENTOWA - ZEMBORZYCKA - KUNICKIEGO - WOLSKA - FABRYCZNA - ZAMOJSKA - LUBARTOWSKA - AL. TYSIĄCLECIA - PODZAMCZE - AL. SPÓŁDZIELCZOŚCI PRACY - ZWIĄZKOWA - CHOINY - PADEREWSKIEGO

DZIEŃ POWSZEDNI, ROK SZKOLNY

5	51
6	04. 16 28. 42
7	00. 15. 29 42 56
8	08 21. 34 46. 59
9	12. 25. 38 51
10	09 22 35. 48
11	01. 14 27. 40. 53
12	06 19 32 45. 58
13	11. 24 37. 50.
14	03 17 30 44 57.
15	10 23. 36 49.
16	00. 12 25 38 51
17	04. 17 30. 43 56.
18	11. 22 39 52
19	04 20 37. 52
20	07. 22. 38 53
21	07 22 39. 56
22	13. 31 50

SOBOTA, ROK SZKOLNY

5	37
6	05 25 40 58
7	17. 33 51.
8	07 26 45
9	04 28. 45
10	04. 22 37 54
11	12 31. 49
12	07. 25 46
13	04 22 41. 59
14	16. 34 53
15	12 29 46.
16	03 21. 36 54
17	14 30 49.
18	04 21. 41 59
19	18 38 51.
20	10 22. 37 58
21	21 39. 58
22	18 51

DZIEŃ ŚWIĄTECZNY, ROK SZKOLNY

5	45
6	17 37 58
7	18 48
8	09 35 59
9	32 59
10	22 53
11	17 35
12	00 25 52
13	18 43
14	08 33
15	00 22 47
16	09 38
17	00 28 51
18	22 46
19	05 29 57
20	17 39
21	06 31 55
22	17 47

WIELKANOC,BOŻE NARODZENIE,NOWY ROK

5	50
6	57
7	38
8	12
9	06 49
10	30
11	13 57
12	41
13	22
14	05 49
15	32
16	15 58
17	41
18	23
19	06 46
20	21
21	01 36
22	08 45

