OS. WIDOK - FILARETÓW - JANA PAWŁA II - KROCHMALNA - DIAMENTOWA - ZEMBORZYCKA - KUNICKIEGO - WOLSKA - FABRYCZNA - ZAMOJSKA - LUBARTOWSKA - AL. TYSIĄCLECIA - PODZAMCZE - AL. SPÓŁDZIELCZOŚCI PRACY - ZWIĄZKOWA - CHOINY - PADEREWSKIEGO

DZIEŃ POWSZEDNI, ROK SZKOLNY

5	50
6	03. 15 27. 41 59.
7	14. 28 41 55
8	07 20. 33 45. 58
9	11. 24. 37 50
10	08 21 34. 47
11	00. 13 26. 39. 52
12	05 18 31 44. 57
13	10. 23 36. 49.
14	02 16 29 43 56.
15	09 22. 35 48. 59.
16	11 24 37 50
17	03. 16 29. 42 55.
18	10. 21 38 51
19	03 19 36. 51
20	06. 21. 37 52
21	06 21 38. 55
22	12. 30 49

SOBOTA, ROK SZKOLNY

5	36
6	04 24 39 57
7	16. 32 50.
8	06 25 44
9	03 27. 44
10	03. 21 36 53
11	11 30. 48
12	06. 24 45
13	03 21 40. 58
14	15. 33 52
15	11 28 45.
16	02 20. 35 53
17	13 29 48.
18	03 20. 40 58
19	17 37 50.
20	09 21. 36 57
21	20 38. 57
22	17 50

DZIEŃ ŚWIĄTECZNY, ROK SZKOLNY

5	44
6	16 36 57
7	17 47
8	08 34 58
9	31 58
10	21 52
11	16 34 59
12	24 51
13	17 42
14	07 32 59
15	21 46
16	08 37 59
17	27 50
18	21 45
19	04 28 56
20	16 38
21	05 30 54
22	16 46

WIELKANOC,BOŻE NARODZENIE,NOWY ROK

5	49
6	56
7	37
8	11
9	05 48
10	29
11	12 56
12	40
13	21
14	04 48
15	31
16	14 57
17	40
18	22
19	05 45
20	20
21	00 35
22	07 44

