OS.PORĘBA - GRANITOWA - JANA PAWŁA II - ROZTOCZE - WIELKOPOLSKA - ROZTOCZE - AL. KRAŚNICKA - B. M. CASSINO - ZANA - NADBYSTRZYCKA - KROCHMALNA - PLAC DWORCOWY - WOLSKA - DROGA M. MAJDANKA - DOŚWIADCZALNA - FELIN

DZIEŃ POWSZEDNI, ROK SZKOLNY

5	45
6	07 33
7	06 30 55
8	15 38
9	05 36
10	01 26 50
11	16 41
12	06 31 56
13	21 46
14	12 37
15	01 29 52
16	18 46
17	11 36
18	06 27 51
19	23 45
20	15 45
21	15 40
22	04 23 48
23	20

SOBOTA, ROK SZKOLNY

5	48
6	47
7	35
8	04 42
9	32
10	06 42
11	21
12	01 42
13	22
14	01 42
15	22
16	02 42
17	18
18	02 40
19	12 49
20	29
21	03 38
22	07 37
23	22

DZIEŃ ŚWIĄTECZNY, ROK SZKOLNY

5	48
6	47
7	34
8	03 42
9	32
10	06 42
11	21
12	01 42
13	22
14	01 42
15	22
16	02 42
17	18
18	02 40
19	12 49
20	29
21	09 38
22	07 44
23	22

WSZYSTKICH ŚWIĘTYCH

5	45
6	07 30 53
7	23 51
8	11 35
9	02 33 58
10	23 48
11	13 38
12	03 28 53
13	18 43
14	08 33 58
15	25 48
16	14 42
17	07 32
18	02 25 55
19	22 44
20	14 43
21	13 38
22	03 22 47
23	19

WIGILIA I SYLWESTER

5	45
6	07 33
7	06 30 55
8	15 38
9	05 36
10	01 26 50
11	16 41
12	06 31 56
13	21 46
14	12 37
15	01 29 52
16	18 46
17	11 36
18	06 27 51
19	23 45
20	15
21	40
22	
23	20

WIELKANOC,BOŻE NARODZENIE,NOWY ROK

5	
6	
7	
8	01 56
9	
10	00 52
11	47
12	40
13	37
14	32
15	27
16	22
17	17
18	17
19	09 59
20	58
21	48
22	37
23	

