OS.PORĘBA - GRANITOWA - JANA PAWŁA II - ROZTOCZE - WIELKOPOLSKA - ROZTOCZE - AL. KRAŚNICKA - B. M. CASSINO - ZANA - NADBYSTRZYCKA - KROCHMALNA - PLAC DWORCOWY - WOLSKA - DROGA M. MAJDANKA - DOŚWIADCZALNA - FELIN

DZIEŃ POWSZEDNI, ROK SZKOLNY

5	46
6	08 34
7	07 31 56
8	16 39
9	06 37
10	02 27 51
11	17 42
12	07 32 57
13	22 47
14	13 38
15	02 30 53
16	19 47
17	12 37
18	07 28 52
19	24 46
20	16 46
21	16 41
22	05 24 49
23	21

SOBOTA, ROK SZKOLNY

5	49
6	48
7	36
8	05 43
9	33
10	07 43
11	22
12	02 43
13	23
14	02 43
15	23
16	03 43
17	19
18	03 41
19	13 50
20	30
21	04 39
22	08 38
23	23

DZIEŃ ŚWIĄTECZNY, ROK SZKOLNY

5	49
6	48
7	35
8	04 43
9	33
10	07 43
11	22
12	02 43
13	23
14	02 43
15	23
16	03 43
17	19
18	03 41
19	13 50
20	30
21	10 39
22	08 45
23	23

WSZYSTKICH ŚWIĘTYCH

5	46
6	08 31 54
7	24 52
8	12 36
9	03 34 59
10	24 49
11	14 39
12	04 29 54
13	19 44
14	09 34 59
15	26 49
16	15 43
17	08 33
18	03 26 56
19	23 45
20	15 44
21	14 39
22	04 23 48
23	20

WIGILIA I SYLWESTER

5	46
6	08 34
7	07 31 56
8	16 39
9	06 37
10	02 27 51
11	17 42
12	07 32 57
13	22 47
14	13 38
15	02 30 53
16	19 47
17	12 37
18	07 28 52
19	24 46
20	16
21	41
22	
23	21

WIELKANOC,BOŻE NARODZENIE,NOWY ROK

5	
6	
7	
8	02 57
9	
10	01 53
11	48
12	41
13	38
14	33
15	28
16	23
17	18
18	18
19	10
20	00 59
21	49
22	38
23	

