OS.PORĘBA - GRANITOWA - JANA PAWŁA II - ROZTOCZE - WIELKOPOLSKA - ROZTOCZE - AL. KRAŚNICKA - B. M. CASSINO - ZANA - NADBYSTRZYCKA - KROCHMALNA - PLAC DWORCOWY - WOLSKA - DROGA M. MAJDANKA - DOŚWIADCZALNA - FELIN

DZIEŃ POWSZEDNI, ROK SZKOLNY

5	47
6	09 35
7	08 32 57
8	17 40
9	07 38
10	03 28 52
11	18 43
12	08 33 58
13	23 48
14	14 39
15	03 31 54
16	20 48
17	13 38
18	08 29 53
19	25 47
20	17 47
21	17 42
22	06 25 50
23	22

SOBOTA, ROK SZKOLNY

5	50
6	49
7	37
8	06 44
9	34
10	08 44
11	23
12	03 44
13	24
14	03 44
15	24
16	04 44
17	20
18	04 42
19	14 51
20	31
21	05 40
22	09 39
23	24

DZIEŃ ŚWIĄTECZNY, ROK SZKOLNY

5	50
6	49
7	36
8	05 44
9	34
10	08 44
11	23
12	03 44
13	24
14	03 44
15	24
16	04 44
17	20
18	04 42
19	14 51
20	31
21	11 40
22	09 46
23	24

WSZYSTKICH ŚWIĘTYCH

5	47
6	09 32 55
7	25 53
8	13 37
9	04 35
10	00 25 50
11	15 40
12	05 30 55
13	20 45
14	10 35
15	00 27 50
16	16 44
17	09 34
18	04 27 57
19	24 46
20	16 45
21	15 40
22	05 24 49
23	21

WIGILIA I SYLWESTER

5	47
6	09 35
7	08 32 57
8	17 40
9	07 38
10	03 28 52
11	18 43
12	08 33 58
13	23 48
14	14 39
15	03 31 54
16	20 48
17	13 38
18	08 29 53
19	25 47
20	17
21	42
22	
23	22

WIELKANOC,BOŻE NARODZENIE,NOWY ROK

5	
6	
7	
8	03 58
9	
10	02 54
11	49
12	42
13	39
14	34
15	29
16	24
17	19
18	19
19	11
20	01
21	00 50
22	39
23	

