OS.PORĘBA - GRANITOWA - JANA PAWŁA II - ROZTOCZE - WIELKOPOLSKA - ROZTOCZE - AL. KRAŚNICKA - B. M. CASSINO - ZANA - NADBYSTRZYCKA - KROCHMALNA - PLAC DWORCOWY - WOLSKA - DROGA M. MAJDANKA - DOŚWIADCZALNA - FELIN

DZIEŃ POWSZEDNI, ROK SZKOLNY

5	15 37
6	02 23 47
7	12 32 55
8	22 53
9	18 43
10	07 33 58
11	23 48
12	13 38
13	03 28 53
14	17 45
15	08 34
16	02 27 52
17	23 48
18	13 45
19	07 37
20	07 37
21	02 27 52
22	18 50

SOBOTA, ROK SZKOLNY

5	18
6	17 55
7	24
8	02 52
9	26
10	02 41
11	21
12	02 42
13	21
14	02 42
15	22
16	02 38
17	22
18	03 35
19	12 52
20	27
21	02 32
22	07 52

DZIEŃ ŚWIĄTECZNY, ROK SZKOLNY

5	18
6	17 55
7	24
8	02 52
9	26
10	02 41
11	21
12	02 42
13	21
14	02 42
15	22
16	02 38
17	22
18	03 35
19	12 52
20	33
21	02 32
22	14 52

WSZYSTKICH ŚWIĘTYCH

5	15 37
6	00 23 47
7	12 32 55
8	22 53
9	18 43
10	08 33 58
11	23 48
12	13 38
13	03 28 53
14	18 45
15	08 34
16	02 27 52
17	23 48
18	18 45
19	07 37
20	07 37
21	02 27 52
22	17 49

WIGILIA I SYLWESTER

5	15 37
6	02 23 47
7	12 32 55
8	22 53
9	18 43
10	07 33 58
11	23 48
12	13 38
13	03 28 53
14	17 45
15	08 34
16	02 27 52
17	23 48
18	13 45
19	07 37
20	
21	02
22	50

WIELKANOC,BOŻE NARODZENIE,NOWY ROK

5	
6	
7	22
8	16
9	20
10	12
11	07
12	00 57
13	52
14	47
15	42
16	37
17	40
18	32
19	22
20	22
21	12
22	07

