OS.PORĘBA - GRANITOWA - JANA PAWŁA II - ROZTOCZE - WIELKOPOLSKA - ROZTOCZE - AL. KRAŚNICKA - B. M. CASSINO - ZANA - NADBYSTRZYCKA - KROCHMALNA - PLAC DWORCOWY - WOLSKA - DROGA M. MAJDANKA - DOŚWIADCZALNA - FELIN

DZIEŃ POWSZEDNI, ROK SZKOLNY

5	36 58
6	23 52
7	16 41
8	01 24 51
9	22 47
10	12 36
11	02 27 52
12	17 42
13	07 32 57
14	22 46
15	14 37
16	03 31 56
17	21 52
18	15 39
19	11 33
20	03 33
21	03 28 53
22	14 39
23	11

SOBOTA, ROK SZKOLNY

5	39
6	38
7	22 51
8	29
9	19 53
10	29
11	08 48
12	29
13	09 48
14	29
15	09 49
16	29
17	05 49
18	29
19	01 38
20	18 52
21	27 57
22	28
23	13

DZIEŃ ŚWIĄTECZNY, ROK SZKOLNY

5	39
6	38
7	21 50
8	29
9	19 53
10	29
11	08 48
12	29
13	09 48
14	29
15	09 49
16	29
17	05 49
18	29
19	01 38
20	18 58
21	27 57
22	35
23	13

WSZYSTKICH ŚWIĘTYCH

5	36 58
6	21 44
7	10 38 58
8	22 49
9	20 45
10	10 35
11	00 25 50
12	15 40
13	05 30 55
14	20 45
15	12 35
16	01 29 54
17	19 50
18	14 44
19	11 33
20	03 32
21	02 27 52
22	13 38
23	10

WIGILIA I SYLWESTER

5	36 58
6	23 52
7	16 41
8	01 24 51
9	22 47
10	12 36
11	02 27 52
12	17 42
13	07 32 57
14	22 46
15	14 37
16	03 31 56
17	21 52
18	15 39
19	11 33
20	03
21	28
22	
23	11

WIELKANOC,BOŻE NARODZENIE,NOWY ROK

5	
6	
7	48
8	43
9	47
10	39
11	34
12	27
13	24
14	19
15	14
16	09
17	04
18	06 58
19	48
20	47
21	37
22	28
23	

