OS.PORĘBA - GRANITOWA - JANA PAWŁA II - ROZTOCZE - WIELKOPOLSKA - ROZTOCZE - AL. KRAŚNICKA - B. M. CASSINO - ZANA - NADBYSTRZYCKA - KROCHMALNA - PLAC DWORCOWY - WOLSKA - DROGA M. MAJDANKA - DOŚWIADCZALNA - FELIN

DZIEŃ POWSZEDNI, ROK SZKOLNY

5	37 59
6	24 54
7	18 43
8	03 26 53
9	24 49
10	14 38
11	04 29 54
12	19 44
13	09 34 59
14	24 48
15	16 39
16	05 33 58
17	23 54
18	17 41
19	13 35
20	05 35
21	05 30 55
22	15 40
23	12

SOBOTA, ROK SZKOLNY

5	40
6	39
7	24 53
8	31
9	21 55
10	31
11	10 50
12	31
13	11 50
14	31
15	11 51
16	31
17	07 51
18	31
19	03 40
20	20 54
21	29 59
22	29
23	14

DZIEŃ ŚWIĄTECZNY, ROK SZKOLNY

5	40
6	39
7	23 52
8	31
9	21 55
10	31
11	10 50
12	31
13	11 50
14	31
15	11 51
16	31
17	07 51
18	31
19	03 40
20	20
21	00 29 59
22	36
23	14

WSZYSTKICH ŚWIĘTYCH

5	37 59
6	22 45
7	12 40
8	00 24 51
9	22 47
10	12 37
11	02 27 52
12	17 42
13	07 32 57
14	22 47
15	14 37
16	03 31 56
17	21 52
18	16 46
19	13 35
20	05 34
21	04 29 54
22	14 39
23	11

WIGILIA I SYLWESTER

5	37 59
6	24 54
7	18 43
8	03 26 53
9	24 49
10	14 38
11	04 29 54
12	19 44
13	09 34 59
14	24 48
15	16 39
16	05 33 58
17	23 54
18	17 41
19	13 35
20	05
21	30
22	
23	12

WIELKANOC,BOŻE NARODZENIE,NOWY ROK

5	
6	
7	50
8	45
9	49
10	41
11	36
12	29
13	26
14	21
15	16
16	11
17	06
18	08
19	00 50
20	49
21	39
22	29
23	

