OS.PORĘBA - GRANITOWA - JANA PAWŁA II - ROZTOCZE - WIELKOPOLSKA - ROZTOCZE - AL. KRAŚNICKA - B. M. CASSINO - ZANA - NADBYSTRZYCKA - KROCHMALNA - PLAC DWORCOWY - WOLSKA - DROGA M. MAJDANKA - DOŚWIADCZALNA - FELIN

DZIEŃ POWSZEDNI, ROK SZKOLNY

5	33 55
6	20 48
7	12 37 57
8	20 47
9	18 43
10	08 32 58
11	23 48
12	13 38
13	03 28 53
14	18 42
15	10 33 59
16	27 52
17	17 48
18	12 36
19	08 30
20	00 30
21	00 25 50
22	11 36
23	08

SOBOTA, ROK SZKOLNY

5	36
6	35
7	19 48
8	26
9	16 50
10	26
11	05 45
12	26
13	06 45
14	26
15	06 46
16	26
17	02 46
18	26 58
19	35
20	15 49
21	24 54
22	25
23	10

DZIEŃ ŚWIĄTECZNY, ROK SZKOLNY

5	36
6	35
7	18 47
8	26
9	16 50
10	26
11	05 45
12	26
13	06 45
14	26
15	06 46
16	26
17	02 46
18	26 58
19	35
20	15 55
21	24 54
22	32
23	10

WSZYSTKICH ŚWIĘTYCH

5	33 55
6	18 41
7	07 35 55
8	19 46
9	17 42
10	07 32 57
11	22 47
12	12 37
13	02 27 52
14	17 42
15	09 32 58
16	26 51
17	16 47
18	11 41
19	08 30
20	00 29 59
21	24 49
22	10 35
23	07

WIGILIA I SYLWESTER

5	33 55
6	20 48
7	12 37 57
8	20 47
9	18 43
10	08 32 58
11	23 48
12	13 38
13	03 28 53
14	18 42
15	10 33 59
16	27 52
17	17 48
18	12 36
19	08 30
20	00
21	25
22	
23	08

WIELKANOC,BOŻE NARODZENIE,NOWY ROK

5	
6	
7	45
8	40
9	44
10	36
11	31
12	24
13	21
14	16
15	11
16	06
17	01
18	03 55
19	45
20	44
21	34
22	25
23	

