OS.PORĘBA - GRANITOWA - JANA PAWŁA II - ROZTOCZE - WIELKOPOLSKA - ROZTOCZE - AL. KRAŚNICKA - B. M. CASSINO - ZANA - NADBYSTRZYCKA - KROCHMALNA - PLAC DWORCOWY - WOLSKA - DROGA M. MAJDANKA - DOŚWIADCZALNA - FELIN

DZIEŃ POWSZEDNI, ROK SZKOLNY

5	30 52
6	17 43
7	07 32 52
8	15 42
9	13 38
10	03 27 53
11	18 43
12	08 33 58
13	23 48
14	13 37
15	05 28 54
16	22 47
17	12 43
18	08 32
19	04 26 56
20	26 56
21	21 46
22	08 33
23	05

SOBOTA, ROK SZKOLNY

5	33
6	32
7	14 43
8	21
9	11 45
10	21
11	00 40
12	21
13	01 40
14	21
15	01 41
16	21 57
17	41
18	22 54
19	31
20	11 45
21	20 50
22	22
23	07

DZIEŃ ŚWIĄTECZNY, ROK SZKOLNY

5	33
6	32
7	13 42
8	21
9	11 45
10	21
11	00 40
12	21
13	01 40
14	21
15	01 41
16	21 57
17	41
18	22 54
19	31
20	11 51
21	20 50
22	29
23	07

WSZYSTKICH ŚWIĘTYCH

5	30 52
6	15 38
7	02 30 50
8	14 41
9	12 37
10	02 27 52
11	17 42
12	07 32 57
13	22 47
14	12 37
15	04 27 53
16	21 46
17	11 42
18	07 37
19	04 26 56
20	25 55
21	20 45
22	07 32
23	04

WIGILIA I SYLWESTER

5	30 52
6	17 43
7	07 32 52
8	15 42
9	13 38
10	03 27 53
11	18 43
12	08 33 58
13	23 48
14	13 37
15	05 28 54
16	22 47
17	12 43
18	08 32
19	04 26 56
20	
21	21
22	
23	05

WIELKANOC,BOŻE NARODZENIE,NOWY ROK

5	
6	
7	40
8	35
9	39
10	31
11	26
12	19
13	16
14	11
15	06
16	01 56
17	59
18	51
19	41
20	40
21	30
22	22
23	

