OS.PORĘBA - GRANITOWA - JANA PAWŁA II - ROZTOCZE - WIELKOPOLSKA - ROZTOCZE - AL. KRAŚNICKA - B. M. CASSINO - ZANA - NADBYSTRZYCKA - KROCHMALNA - PLAC DWORCOWY - WOLSKA - DROGA M. MAJDANKA - DOŚWIADCZALNA - FELIN

DZIEŃ POWSZEDNI, ROK SZKOLNY

5	16 38
6	03 24 48
7	13 33 56
8	23 54
9	19 44
10	08 34 59
11	24 49
12	14 39
13	04 29 54
14	18 46
15	09 35
16	03 28 53
17	24 49
18	14 46
19	08 38
20	08 38
21	03 28 53
22	19 51

SOBOTA, ROK SZKOLNY

5	19
6	18 56
7	25
8	03 53
9	27
10	03 42
11	22
12	03 43
13	22
14	03 43
15	23
16	03 39
17	23
18	04 36
19	13 53
20	28
21	03 33
22	08 53

DZIEŃ ŚWIĄTECZNY, ROK SZKOLNY

5	19
6	18 56
7	25
8	03 53
9	27
10	03 42
11	22
12	03 43
13	22
14	03 43
15	23
16	03 39
17	23
18	04 36
19	13 53
20	34
21	03 33
22	15 53

WSZYSTKICH ŚWIĘTYCH

5	16 38
6	01 24 48
7	13 33 56
8	23 54
9	19 44
10	09 34 59
11	24 49
12	14 39
13	04 29 54
14	19 46
15	09 35
16	03 28 53
17	24 49
18	19 46
19	08 38
20	08 38
21	03 28 53
22	18 50

WIGILIA I SYLWESTER

5	16 38
6	03 24 48
7	13 33 56
8	23 54
9	19 44
10	08 34 59
11	24 49
12	14 39
13	04 29 54
14	18 46
15	09 35
16	03 28 53
17	24 49
18	14 46
19	08 38
20	
21	03
22	51

WIELKANOC,BOŻE NARODZENIE,NOWY ROK

5	
6	
7	23
8	17
9	21
10	13
11	08
12	01 58
13	53
14	48
15	43
16	38
17	41
18	33
19	23
20	23
21	13
22	08

