OS.PORĘBA - GRANITOWA - JANA PAWŁA II - ROZTOCZE - WIELKOPOLSKA - ROZTOCZE - AL. KRAŚNICKA - B. M. CASSINO - ZANA - NADBYSTRZYCKA - KROCHMALNA - PLAC DWORCOWY - WOLSKA - DROGA M. MAJDANKA - DOŚWIADCZALNA - FELIN

DZIEŃ POWSZEDNI, ROK SZKOLNY

5	18 40
6	05 26 50
7	15 35 58
8	25 56
9	21 46
10	10 36
11	01 26 51
12	16 41
13	06 31 56
14	20 48
15	11 37
16	05 30 55
17	26 51
18	16 48
19	10 40
20	10 40
21	05 30 55
22	21 53

SOBOTA, ROK SZKOLNY

5	21
6	20 58
7	27
8	05 55
9	29
10	05 44
11	24
12	05 45
13	24
14	05 45
15	25
16	05 41
17	25
18	06 38
19	15 55
20	30
21	05 35
22	10 55

DZIEŃ ŚWIĄTECZNY, ROK SZKOLNY

5	21
6	20 58
7	27
8	05 55
9	29
10	05 44
11	24
12	05 45
13	24
14	05 45
15	25
16	05 41
17	25
18	06 38
19	15 55
20	36
21	05 35
22	17 55

WSZYSTKICH ŚWIĘTYCH

5	18 40
6	03 26 50
7	15 35 58
8	25 56
9	21 46
10	11 36
11	01 26 51
12	16 41
13	06 31 56
14	21 48
15	11 37
16	05 30 55
17	26 51
18	21 48
19	10 40
20	10 40
21	05 30 55
22	20 52

WIGILIA I SYLWESTER

5	18 40
6	05 26 50
7	15 35 58
8	25 56
9	21 46
10	10 36
11	01 26 51
12	16 41
13	06 31 56
14	20 48
15	11 37
16	05 30 55
17	26 51
18	16 48
19	10 40
20	
21	05
22	53

WIELKANOC,BOŻE NARODZENIE,NOWY ROK

5	
6	
7	25
8	19
9	23
10	15
11	10
12	03
13	00 55
14	50
15	45
16	40
17	43
18	35
19	25
20	25
21	15
22	10

