OS.PORĘBA - GRANITOWA - JANA PAWŁA II - ROZTOCZE - WIELKOPOLSKA - ROZTOCZE - AL. KRAŚNICKA - B. M. CASSINO - ZANA - NADBYSTRZYCKA - KROCHMALNA - PLAC DWORCOWY - WOLSKA - DROGA M. MAJDANKA - DOŚWIADCZALNA - FELIN

DZIEŃ POWSZEDNI, ROK SZKOLNY

5	29 51
6	16 42
7	06 31 51
8	14 41
9	12 37
10	02 26 52
11	17 42
12	07 32 57
13	22 47
14	12 36
15	04 27 53
16	21 46
17	11 42
18	07 31
19	03 25 55
20	25 55
21	20 45
22	07 32
23	04

SOBOTA, ROK SZKOLNY

5	32
6	31
7	13 42
8	20
9	10 44
10	20 59
11	39
12	20
13	00 39
14	20
15	00 40
16	20 56
17	40
18	21 53
19	30
20	10 44
21	19 49
22	21
23	06

DZIEŃ ŚWIĄTECZNY, ROK SZKOLNY

5	32
6	31
7	12 41
8	20
9	10 44
10	20 59
11	39
12	20
13	00 39
14	20
15	00 40
16	20 56
17	40
18	21 53
19	30
20	10 50
21	19 49
22	28
23	06

WSZYSTKICH ŚWIĘTYCH

5	29 51
6	14 37
7	01 29 49
8	13 40
9	11 36
10	01 26 51
11	16 41
12	06 31 56
13	21 46
14	11 36
15	03 26 52
16	20 45
17	10 41
18	06 36
19	03 25 55
20	24 54
21	19 44
22	06 31
23	03

WIGILIA I SYLWESTER

5	29 51
6	16 42
7	06 31 51
8	14 41
9	12 37
10	02 26 52
11	17 42
12	07 32 57
13	22 47
14	12 36
15	04 27 53
16	21 46
17	11 42
18	07 31
19	03 25 55
20	
21	20
22	
23	04

WIELKANOC,BOŻE NARODZENIE,NOWY ROK

5	
6	
7	39
8	34
9	38
10	30
11	25
12	18
13	15
14	10
15	05
16	00 55
17	58
18	50
19	40
20	39
21	29
22	21
23	

