NIEPODLEGŁOŚCI - AL. NIEPODLEGŁOŚCI - KORYZNOWEJ - LWOWSKA - AL. TYSIĄCLECIA - WODOPOJNA - KRÓLEWSKA - ZAMOJSKA - LUBELSKIEGO LIPCA 80 - KUNICKIEGO - NOWY ŚWIAT - WROTKOWSKA - DIAMENTOWA - ROMERA - ROMERA

DZIEŃ POWSZEDNI, ROK SZKOLNY

5	06 15 30 43 55
6	06 18 30 46 58
7	10 19 33 45 57
8	08 20 32 55
9	06 18 30 41 53
10	05 19 33 47
11	01 15 29 43 56
12	09 22 35 48
13	01 14 27 40 53
14	06 19 32 45 58
15	11 23 37 50
16	03 17 30 43 56
17	09 22 35 48
18	02 12 26 40 54
19	09 24 43
20	01 17 39
21	01 21 38
22	15 35

SOBOTA, ROK SZKOLNY

5	20 42
6	04 25 45
7	07 28 50
8	10 40
9	00 25 45
10	05 25 45
11	05 25 45
12	05 25 45
13	05 25 45
14	05 25 44
15	04 24 44
16	05 25 45
17	05 40
18	00 18 39 56
19	22 49
20	13 39
21	06 59
22	20

DZIEŃ ŚWIĄTECZNY, ROK SZKOLNY

5	28 53
6	20 45
7	16 47
8	21 48
9	20 47
10	14 38
11	05 33
12	00 26 53
13	20 46
14	13 40
15	06 33
16	00 27
17	03 27
18	03 25 51
19	18 46
20	11 38
21	06 31 57
22	20

WIGILIA I SYLWESTER

5	06 15 30 43 55
6	06 18 30 46 58
7	10 19 33 45 57
8	08 20 32 55
9	06 18 30 41 53
10	05 19 33 47
11	01 15 29 43 56
12	09 22 35 48
13	01 14 27 40 53
14	06 19 32 45 58
15	11 23 37 50
16	03 17 30 43 56
17	09 22 35 48
18	02 12 26 40 54
19	09 43
20	
21	
22	

WIELKANOC,BOŻE NARODZENIE,NOWY ROK

5	
6	36
7	16 56
8	53
9	33
10	13 53
11	37
12	14 51
13	33
14	13 53
15	33
16	13
17	08 48
18	25
19	05 46
20	26
21	06 46
22	

