NIEPODLEGŁOŚCI - AL. NIEPODLEGŁOŚCI - KORYZNOWEJ - LWOWSKA - AL. TYSIĄCLECIA - WODOPOJNA - KRÓLEWSKA - ZAMOJSKA - LUBELSKIEGO LIPCA 80 - KUNICKIEGO - NOWY ŚWIAT - WROTKOWSKA - DIAMENTOWA - ROMERA - ROMERA

DZIEŃ POWSZEDNI, ROK SZKOLNY

5	09 18 33 46 58
6	09 21 35 51
7	03 15 24 38 50
8	02 13 25 37
9	00 11 23 35 46 58
10	10 24 38 52
11	06 20 34 48
12	01 14 27 40 53
13	06 19 32 45 58
14	11 24 37 50
15	03 16 28 42 55
16	08 22 35 48
17	01 14 27 40 53
18	07 17 31 45 59
19	14 29 48
20	06 22 44
21	06 26 43
22	18 38

SOBOTA, ROK SZKOLNY

5	23 45
6	07 28 48
7	12 33 55
8	15 45
9	05 30 50
10	10 30 50
11	10 30 50
12	10 30 50
13	10 30 50
14	10 30 49
15	09 29 49
16	10 30 50
17	10 45
18	03 21 42 59
19	25 52
20	16 42
21	09
22	02 23

DZIEŃ ŚWIĄTECZNY, ROK SZKOLNY

5	31 56
6	23 48
7	21 52
8	26 53
9	25 52
10	19 43
11	10 38
12	05 31 58
13	25 51
14	18 45
15	11 38
16	05 32
17	08 32
18	06 28 54
19	21 49
20	14 41
21	09 34
22	00 23

WIGILIA I SYLWESTER

5	09 18 33 46 58
6	09 21 35 51
7	03 15 24 38 50
8	02 13 25 37
9	00 11 23 35 46 58
10	10 24 38 52
11	06 20 34 48
12	01 14 27 40 53
13	06 19 32 45 58
14	11 24 37 50
15	03 16 28 42 55
16	08 22 35 48
17	01 14 27 40 53
18	07 17 31 45 59
19	14 48
20	
21	
22	

WIELKANOC,BOŻE NARODZENIE,NOWY ROK

5	
6	39
7	21
8	01 58
9	38
10	18 58
11	42
12	19 56
13	38
14	18 58
15	38
16	18
17	13 53
18	28
19	08 49
20	29
21	09 49
22	

