NIEPODLEGŁOŚCI - AL. NIEPODLEGŁOŚCI - KORYZNOWEJ - LWOWSKA - AL. TYSIĄCLECIA - WODOPOJNA - KRÓLEWSKA - ZAMOJSKA - LUBELSKIEGO LIPCA 80 - KUNICKIEGO - NOWY ŚWIAT - WROTKOWSKA - DIAMENTOWA - ROMERA - ROMERA

DZIEŃ POWSZEDNI, ROK SZKOLNY

5	09 24 37 49
6	00 12 24 36 48
7	00 09 23 35 47 58
8	10 22 45 56
9	08 20 31 43 55
10	09 23 37 51
11	05 19 33 46 59
12	12 25 38 51
13	04 17 30 43 56
14	09 22 35 48
15	01 13 27 40 53
16	07 20 33 46 59
17	12 25 38 52
18	05 19 33 47
19	02 17 36 54
20	10 32 54
21	14 31
22	09 29

SOBOTA, ROK SZKOLNY

5	14 36 58
6	19 39 59
7	20 42
8	02 32 52
9	17 37 57
10	17 37 57
11	17 37 57
12	17 37 57
13	17 37 57
14	17 36 56
15	16 36 57
16	17 37 57
17	32 52
18	11 32 49
19	15 42
20	06 32 59
21	52
22	14

DZIEŃ ŚWIĄTECZNY, ROK SZKOLNY

5	22 47
6	14 39
7	08 39
8	13 40
9	12 39
10	06 30 57
11	25 52
12	18 45
13	12 38
14	05 32 58
15	25 52
16	19 55
17	19 55
18	18 44
19	11 39
20	04 31 59
21	24 50
22	14

WIGILIA I SYLWESTER

5	09 24 37 49
6	00 12 24 36 48
7	00 09 23 35 47 58
8	10 22 45 56
9	08 20 31 43 55
10	09 23 37 51
11	05 19 33 46 59
12	12 25 38 51
13	04 17 30 43 56
14	09 22 35 48
15	01 13 27 40 53
16	07 20 33 46 59
17	12 25 38 52
18	05 19 33 47
19	02 36
20	
21	
22	

WIELKANOC,BOŻE NARODZENIE,NOWY ROK

5	
6	30
7	08 48
8	45
9	25
10	05 45
11	29
12	06 43
13	25
14	05 45
15	25
16	05
17	00 40
18	18 58
19	39
20	19 59
21	39
22	

