NIEPODLEGŁOŚCI - AL. NIEPODLEGŁOŚCI - KORYZNOWEJ - LWOWSKA - AL. TYSIĄCLECIA - WODOPOJNA - KRÓLEWSKA - ZAMOJSKA - LUBELSKIEGO LIPCA 80 - KUNICKIEGO - NOWY ŚWIAT - WROTKOWSKA - DIAMENTOWA - ROMERA - ROMERA

DZIEŃ POWSZEDNI, ROK SZKOLNY

5	14 23 38 51
6	03 14 26 41 57
7	09 21 30 44 56
8	08 19 31 43
9	06 17 29 41 52
10	04 16 30 44 58
11	12 26 40 54
12	07 20 33 46 59
13	12 25 38 51
14	05 18 31 44 57
15	10 23 35 49
16	02 15 29 42 55
17	08 21 34 47
18	00 12 22 36 50
19	04 19 34 53
20	11 27 49
21	11 31 48
22	23 43

SOBOTA, ROK SZKOLNY

5	28 50
6	12 33 53
7	18 39
8	01 21 51
9	11 36 56
10	16 36 56
11	16 36 56
12	16 36 56
13	16 36 56
14	16 36 55
15	15 35 55
16	16 36 56
17	16 51
18	08 26 47
19	04 30 57
20	21 47
21	14
22	07 28

DZIEŃ ŚWIĄTECZNY, ROK SZKOLNY

5	36
6	01 28 53
7	27 58
8	32 59
9	31 58
10	25 49
11	16 44
12	11 37
13	04 31 57
14	24 51
15	17 44
16	11 38
17	14 38
18	11 33 59
19	26 54
20	19 46
21	14 39
22	05 28

WIGILIA I SYLWESTER

5	14 23 38 51
6	03 14 26 41 57
7	09 21 30 44 56
8	08 19 31 43
9	06 17 29 41 52
10	04 16 30 44 58
11	12 26 40 54
12	07 20 33 46 59
13	12 25 38 51
14	05 18 31 44 57
15	10 23 35 49
16	02 15 29 42 55
17	08 21 34 47
18	00 12 22 36 50
19	04 19 53
20	
21	
22	

WIELKANOC,BOŻE NARODZENIE,NOWY ROK

5	
6	44
7	27
8	07
9	04 44
10	24
11	04 48
12	25
13	02 44
14	24
15	04 44
16	24
17	19 59
18	33
19	13 54
20	34
21	14 54
22	

