NIEPODLEGŁOŚCI - AL. NIEPODLEGŁOŚCI - KORYZNOWEJ - LWOWSKA - AL. TYSIĄCLECIA - WODOPOJNA - KRÓLEWSKA - ZAMOJSKA - LUBELSKIEGO LIPCA 80 - KUNICKIEGO - NOWY ŚWIAT - WROTKOWSKA - DIAMENTOWA - ROMERA - ROMERA

DZIEŃ POWSZEDNI, ROK SZKOLNY

5	13 22 37 50
6	02 13 25 40 56
7	08 20 29 43 55
8	07 18 30 42
9	05 16 28 40 51
10	03 15 29 43 57
11	11 25 39 53
12	06 19 32 45 58
13	11 24 37 50
14	04 17 30 43 56
15	09 22 34 48
16	01 14 28 41 54
17	07 20 33 46 59
18	11 21 35 49
19	03 18 33 52
20	10 26 48
21	10 30 47
22	22 42

SOBOTA, ROK SZKOLNY

5	27 49
6	11 32 52
7	17 38
8	00 20 50
9	10 35 55
10	15 35 55
11	15 35 55
12	15 35 55
13	15 35 55
14	15 35 54
15	14 34 54
16	15 35 55
17	15 50
18	07 25 46
19	03 29 56
20	20 46
21	13
22	06 27

DZIEŃ ŚWIĄTECZNY, ROK SZKOLNY

5	35
6	00 27 52
7	26 57
8	31 58
9	30 57
10	24 48
11	15 43
12	10 36
13	03 30 56
14	23 50
15	16 43
16	10 37
17	13 37
18	10 32 58
19	25 53
20	18 45
21	13 38
22	04 27

WIGILIA I SYLWESTER

5	13 22 37 50
6	02 13 25 40 56
7	08 20 29 43 55
8	07 18 30 42
9	05 16 28 40 51
10	03 15 29 43 57
11	11 25 39 53
12	06 19 32 45 58
13	11 24 37 50
14	04 17 30 43 56
15	09 22 34 48
16	01 14 28 41 54
17	07 20 33 46 59
18	11 21 35 49
19	03 18 52
20	
21	
22	

WIELKANOC,BOŻE NARODZENIE,NOWY ROK

5	
6	43
7	26
8	06
9	03 43
10	23
11	03 47
12	24
13	01 43
14	23
15	03 43
16	23
17	18 58
18	32
19	12 53
20	33
21	13 53
22	

