NIEPODLEGŁOŚCI - AL. NIEPODLEGŁOŚCI - KORYZNOWEJ - LWOWSKA - AL. TYSIĄCLECIA - WODOPOJNA - KRÓLEWSKA - ZAMOJSKA - LUBELSKIEGO LIPCA 80 - KUNICKIEGO - NOWY ŚWIAT - WROTKOWSKA - DIAMENTOWA - ROMERA - ROMERA

DZIEŃ POWSZEDNI, ROK SZKOLNY

5	19 28 43 56
6	08 19 32 48
7	04 16 28 37 51
8	03 15 26 38 50
9	13 24 36 48 59
10	11 23 37 51
11	05 19 33 47
12	01 14 27 40 53
13	06 19 32 45 58
14	12 25 38 51
15	04 17 30 42 56
16	09 22 36 49
17	02 15 28 41 54
18	07 19 29 43 57
19	11 26 41
20	00 18 34 56
21	18 38 55
22	28 48

SOBOTA, ROK SZKOLNY

5	33 55
6	17 38 58
7	25 46
8	08 28 58
9	18 43
10	03 23 43
11	03 23 43
12	03 23 43
13	03 23 43
14	03 23 43
15	02 22 42
16	02 23 43
17	03 23 58
18	14 32 53
19	10 36
20	03 27 53
21	20
22	12 33

DZIEŃ ŚWIĄTECZNY, ROK SZKOLNY

5	41
6	06 33 58
7	34
8	05 39
9	06 38
10	05 32 56
11	23 51
12	18 44
13	11 38
14	04 31 58
15	24 51
16	18 45
17	21 45
18	17 39
19	05 32
20	00 25 52
21	20 45
22	10 33

WIGILIA I SYLWESTER

5	19 28 43 56
6	08 19 32 48
7	04 16 28 37 51
8	03 15 26 38 50
9	13 24 36 48 59
10	11 23 37 51
11	05 19 33 47
12	01 14 27 40 53
13	06 19 32 45 58
14	12 25 38 51
15	04 17 30 42 56
16	09 22 36 49
17	02 15 28 41 54
18	07 19 29 43 57
19	11 26
20	00
21	
22	

WIELKANOC,BOŻE NARODZENIE,NOWY ROK

5	
6	49
7	34
8	14
9	11 51
10	31
11	11 55
12	32
13	09 51
14	31
15	11 51
16	31
17	26
18	05 39
19	19
20	00 40
21	20
22	00

