NIEPODLEGŁOŚCI - AL. NIEPODLEGŁOŚCI - KORYZNOWEJ - LWOWSKA - AL. TYSIĄCLECIA - WODOPOJNA - KRÓLEWSKA - ZAMOJSKA - LUBELSKIEGO LIPCA 80 - KUNICKIEGO - NOWY ŚWIAT - WROTKOWSKA - DIAMENTOWA - ROMERA - ROMERA

DZIEŃ POWSZEDNI, ROK SZKOLNY

5	07 16 31 44 56
6	07 19 32 48
7	00 12 21 35 47 59
8	10 22 34 57
9	08 20 32 43 55
10	07 21 35 49
11	03 17 31 45 58
12	11 24 37 50
13	03 16 29 42 55
14	08 21 34 47
15	00 13 25 39 52
16	05 19 32 45 58
17	11 24 37 50
18	04 14 28 42 56
19	11 26 45
20	03 19 41
21	03 23 40
22	16 36

SOBOTA, ROK SZKOLNY

5	21 43
6	05 26 46
7	09 30 52
8	12 42
9	02 27 47
10	07 27 47
11	07 27 47
12	07 27 47
13	07 27 47
14	07 27 46
15	06 26 46
16	07 27 47
17	07 42
18	01 19 40 57
19	23 50
20	14 40
21	07
22	00 21

DZIEŃ ŚWIĄTECZNY, ROK SZKOLNY

5	29 54
6	21 46
7	18 49
8	23 50
9	22 49
10	16 40
11	07 35
12	02 28 55
13	22 48
14	15 42
15	08 35
16	02 29
17	05 29
18	04 26 52
19	19 47
20	12 39
21	07 32 58
22	21

WIGILIA I SYLWESTER

5	07 16 31 44 56
6	07 19 32 48
7	00 12 21 35 47 59
8	10 22 34 57
9	08 20 32 43 55
10	07 21 35 49
11	03 17 31 45 58
12	11 24 37 50
13	03 16 29 42 55
14	08 21 34 47
15	00 13 25 39 52
16	05 19 32 45 58
17	11 24 37 50
18	04 14 28 42 56
19	11 45
20	
21	
22	

WIELKANOC,BOŻE NARODZENIE,NOWY ROK

5	
6	37
7	18 58
8	55
9	35
10	15 55
11	39
12	16 53
13	35
14	15 55
15	35
16	15
17	10 50
18	26
19	06 47
20	27
21	07 47
22	

