ZANA LECLERC - ZANA - FILARETÓW - JANA PAWŁA II - NADBYSTRZYCKA - NARUTOWICZA - HEMPLA - 3 MAJA - AL. TYSIĄCLECIA - LWOWSKA - AL. ANDERSA - TURYSTYCZNA - TURYSTYCZNA

DZIEŃ POWSZEDNI, ROK SZKOLNY

5	30 38 56
6	13 23 32 47
7	05 20 36 50
8	06 22 35 48
9	04 19 35 50
10	06 21 29 37 53
11	08 24 39 55
12	10 18 26 42 57
13	13 28 44 59
14	08 17 34 49
15	06 23 40 57
16	06 16 32 47
17	04 20 47
18	03 08 16 28 42 56
19	10 25 46 53
20	04 20 34 48
21	02 30 43 57
22	11 33
23	06

SOBOTA, ROK SZKOLNY

5	30 48
6	10 29 45
7	06 29 52
8	10 29 59
9	25 46
10	07 28 49
11	11 32 53
12	14 35 57
13	18 40
14	01 23 44
15	05 26 47
16	11 31 53
17	13 34
18	05 18 41
19	00 20 37 56
20	18 35 54
21	13 30 50
22	10 36
23	02

DZIEŃ ŚWIĄTECZNY, ROK SZKOLNY

5	48
6	10 29 47
7	06 29 52
8	10 29 59
9	25 46
10	07 28 49
11	11 32 53
12	14 35 57
13	18 38 59
14	20 40
15	01 23 44
16	06 27 48
17	09 30
18	01 20 35 54
19	16 35 54
20	10 31 50
21	09 28 48
22	08 36
23	01

WIGILIA I SYLWESTER

5	30 38 56
6	13 23 32 47
7	05 20 36 50
8	06 22 35 48
9	04 19 35 50
10	06 21 29 37 53
11	08 24 39 55
12	10 18 26 42 57
13	13 28 44 59
14	08 17 34 49
15	06 23 40 57
16	06 16 32 47
17	04 20 47
18	03 08 16 28 56
19	10 25 46 53
20	04
21	02
22	
23	

WIELKANOC,BOŻE NARODZENIE,NOWY ROK

5	
6	28
7	11
8	02
9	06 55
10	53
11	44
12	38
13	30
14	24
15	16
16	10
17	02
18	05 49
19	41
20	26
21	09
22	31
23	

