ZANA LECLERC - ZANA - FILARETÓW - JANA PAWŁA II - NADBYSTRZYCKA - NARUTOWICZA - HEMPLA - 3 MAJA - AL. TYSIĄCLECIA - LWOWSKA - AL. ANDERSA - TURYSTYCZNA - TURYSTYCZNA

DZIEŃ POWSZEDNI, ROK SZKOLNY

5	16 24 42 59
6	09 18 28 45
7	00 16 30 46
8	02 15 28 44 59
9	15 30 46
10	01 09 17 33 48
11	04 19 35 50 58
12	06 22 37 53
13	08 24 39 47 55
14	12 27 44
15	01 18 35 44 54
16	10 25 42 58
17	25 41 50 59
18	12 26 40 54
19	09 30 37 48
20	04 18 32 46
21	14 27 41 56
22	19 52

SOBOTA, ROK SZKOLNY

5	16 34 56
6	15 31 51
7	10 33 51
8	10 40
9	06 27 48
10	09 30 52
11	13 34 55
12	16 38 59
13	21 42
14	04 25 46
15	07 28 52
16	12 34 54
17	15 46
18	02 25 44
19	04 21 40
20	02 19 38 57
21	14 34 54
22	22 48

DZIEŃ ŚWIĄTECZNY, ROK SZKOLNY

5	34 56
6	15 33 51
7	10 33 51
8	10 40
9	06 27 48
10	09 30 52
11	13 34 55
12	16 38 59
13	19 40
14	01 21 42
15	04 25 47
16	08 29 50
17	11 42
18	04 19 38
19	00 19 38 54
20	15 34 53
21	12 32 52
22	22 47

WIGILIA I SYLWESTER

5	16 24 42 59
6	09 18 28 45
7	00 16 30 46
8	02 15 28 44 59
9	15 30 46
10	01 09 17 33 48
11	04 19 35 50 58
12	06 22 37 53
13	08 24 39 47 55
14	12 27 44
15	01 18 35 44 54
16	10 25 42 58
17	25 41 50 59
18	12 40 54
19	09 30 37 48
20	46
21	
22	

WIELKANOC,BOŻE NARODZENIE,NOWY ROK

5	
6	14 55
7	43
8	47
9	36
10	34
11	25
12	19
13	11
14	05 57
15	51
16	43
17	47
18	33
19	25
20	10 53
21	
22	17

