ZANA LECLERC - ZANA - FILARETÓW - JANA PAWŁA II - NADBYSTRZYCKA - NARUTOWICZA - HEMPLA - 3 MAJA - AL. TYSIĄCLECIA - LWOWSKA - AL. ANDERSA - TURYSTYCZNA - TURYSTYCZNA

DZIEŃ POWSZEDNI, ROK SZKOLNY

5	15 23 41 58
6	08 17 27 44 59
7	15 29 45
8	01 14 27 43 58
9	14 29 45
10	00 08 16 32 47
11	03 18 34 49 57
12	05 21 36 52
13	07 23 38 46 54
14	11 26 43
15	00 17 34 43 53
16	09 24 41 57
17	24 40 49 58
18	11 25 39 53
19	08 29 36 47
20	03 17 31 45
21	13 26 40 55
22	18 51

SOBOTA, ROK SZKOLNY

5	15 33 55
6	14 30 50
7	09 32 50
8	09 39
9	05 26 47
10	08 29 51
11	12 33 54
12	15 37 58
13	20 41
14	03 24 45
15	06 27 51
16	11 33 53
17	14 45
18	01 24 43
19	03 20 39
20	01 18 37 56
21	13 33 53
22	21 47

DZIEŃ ŚWIĄTECZNY, ROK SZKOLNY

5	33 55
6	14 32 50
7	09 32 50
8	09 39
9	05 26 47
10	08 29 51
11	12 33 54
12	15 37 58
13	18 39
14	00 20 41
15	03 24 46
16	07 28 49
17	10 41
18	03 18 37 59
19	18 37 53
20	14 33 52
21	11 31 51
22	21 46

WIGILIA I SYLWESTER

5	15 23 41 58
6	08 17 27 44 59
7	15 29 45
8	01 14 27 43 58
9	14 29 45
10	00 08 16 32 47
11	03 18 34 49 57
12	05 21 36 52
13	07 23 38 46 54
14	11 26 43
15	00 17 34 43 53
16	09 24 41 57
17	24 40 49 58
18	11 39 53
19	08 29 36 47
20	45
21	
22	

WIELKANOC,BOŻE NARODZENIE,NOWY ROK

5	
6	13 54
7	42
8	46
9	35
10	33
11	24
12	18
13	10
14	04 56
15	50
16	42
17	46
18	32
19	24
20	09 52
21	
22	16

