ZANA LECLERC - ZANA - FILARETÓW - JANA PAWŁA II - NADBYSTRZYCKA - NARUTOWICZA - HEMPLA - 3 MAJA - AL. TYSIĄCLECIA - LWOWSKA - AL. ANDERSA - TURYSTYCZNA - TURYSTYCZNA

DZIEŃ POWSZEDNI, ROK SZKOLNY

5	13 21 39 56
6	06 15 25 42 57
7	13 27 43 59
8	12 25 41 56
9	12 27 43 58
10	06 14 30 45
11	01 16 32 47 55
12	03 19 34 50
13	05 21 36 44 52
14	09 24 41 58
15	15 32 41 51
16	07 22 39 55
17	22 38 47 56
18	09 23 37 51
19	06 27 34 45
20	01 15 29 43
21	11 24 38 53
22	16 49

SOBOTA, ROK SZKOLNY

5	13 31 53
6	12 28 48
7	07 30 48
8	07 37
9	03 24 45
10	06 27 49
11	10 31 52
12	13 35 56
13	18 39
14	01 22 43
15	04 25 49
16	09 31 51
17	12 43 59
18	22 41
19	01 18 37 59
20	16 35 54
21	11 31 51
22	19 45

DZIEŃ ŚWIĄTECZNY, ROK SZKOLNY

5	31 53
6	12 30 48
7	07 30 48
8	07 37
9	03 24 45
10	06 27 49
11	10 31 52
12	13 35 56
13	16 37 58
14	18 39
15	01 22 44
16	05 26 47
17	08 39
18	01 16 35 57
19	16 35 51
20	12 31 50
21	09 29 49
22	19 44

WIGILIA I SYLWESTER

5	13 21 39 56
6	06 15 25 42 57
7	13 27 43 59
8	12 25 41 56
9	12 27 43 58
10	06 14 30 45
11	01 16 32 47 55
12	03 19 34 50
13	05 21 36 44 52
14	09 24 41 58
15	15 32 41 51
16	07 22 39 55
17	22 38 47 56
18	09 37 51
19	06 27 34 45
20	43
21	
22	

WIELKANOC,BOŻE NARODZENIE,NOWY ROK

5	
6	11 52
7	40
8	44
9	33
10	31
11	22
12	16
13	08
14	02 54
15	48
16	40
17	44
18	30
19	22
20	07 50
21	
22	14

