ZANA LECLERC - ZANA - FILARETÓW - JANA PAWŁA II - NADBYSTRZYCKA - NARUTOWICZA - HEMPLA - 3 MAJA - AL. TYSIĄCLECIA - LWOWSKA - AL. ANDERSA - TURYSTYCZNA - TURYSTYCZNA

DZIEŃ POWSZEDNI, ROK SZKOLNY

5	28 36 54
6	11 21 30 45
7	03 18 34 48
8	04 20 33 46
9	02 17 33 48
10	04 19 27 35 51
11	06 22 37 53
12	08 16 24 40 55
13	11 26 42 57
14	06 15 32 47
15	04 21 38 55
16	04 14 30 45
17	02 18 45
18	01 06 14 26 40 54
19	08 23 44 51
20	02 18 32 46
21	00 28 41 55
22	09 31
23	04

SOBOTA, ROK SZKOLNY

5	28 46
6	08 27 43
7	04 27 50
8	08 27 57
9	23 44
10	05 26 47
11	09 30 51
12	12 33 55
13	16 38 59
14	21 42
15	03 24 45
16	09 29 51
17	11 32
18	03 16 39 58
19	18 35 54
20	16 33 52
21	11 28 48
22	08 34
23	00

DZIEŃ ŚWIĄTECZNY, ROK SZKOLNY

5	46
6	08 27 45
7	04 27 50
8	08 27 57
9	23 44
10	05 26 47
11	09 30 51
12	12 33 55
13	16 36 57
14	18 38 59
15	21 42
16	04 25 46
17	07 28 59
18	18 33 52
19	14 33 52
20	08 29 48
21	07 26 46
22	06 34 59
23	

WIGILIA I SYLWESTER

5	28 36 54
6	11 21 30 45
7	03 18 34 48
8	04 20 33 46
9	02 17 33 48
10	04 19 27 35 51
11	06 22 37 53
12	08 16 24 40 55
13	11 26 42 57
14	06 15 32 47
15	04 21 38 55
16	04 14 30 45
17	02 18 45
18	01 06 14 26 54
19	08 23 44 51
20	02
21	00
22	
23	

WIELKANOC,BOŻE NARODZENIE,NOWY ROK

5	
6	26
7	09
8	00
9	04 53
10	51
11	42
12	36
13	28
14	22
15	14
16	08
17	00
18	03 47
19	39
20	24
21	07
22	29
23	

