ZANA LECLERC - ZANA - FILARETÓW - JANA PAWŁA II - NADBYSTRZYCKA - NARUTOWICZA - HEMPLA - 3 MAJA - AL. TYSIĄCLECIA - LWOWSKA - AL. ANDERSA - TURYSTYCZNA - TURYSTYCZNA

DZIEŃ POWSZEDNI, ROK SZKOLNY

5	35 43
6	01 18 28 40 55
7	13 28 44 58
8	14 30 43 56
9	12 27 43 58
10	14 29 37 45
11	01 16 32 47
12	03 18 26 34 50
13	05 21 36 52
14	08 19 28 45
15	00 17 34 51
16	08 17 27 43 58
17	15 31 58
18	10 15 23 35 49
19	03 17 32 53
20	00 11 27 41 55
21	09 37 50
22	03 17 39
23	11

SOBOTA, ROK SZKOLNY

5	35 53
6	15 34 50
7	14 37
8	00 18 37
9	07 33 54
10	15 36 57
11	19 40
12	01 22 43
13	05 26 48
14	09 31 52
15	13 34 55
16	19 39
17	01 21 42
18	12 25 48
19	07 27 44
20	03 25 42
21	01 20 37 57
22	15 41
23	07

DZIEŃ ŚWIĄTECZNY, ROK SZKOLNY

5	53
6	15 34 52
7	14 37
8	00 18 37
9	07 33 54
10	15 36 57
11	19 40
12	01 22 43
13	05 26 46
14	07 28 48
15	09 31 52
16	14 35 56
17	17 38
18	08 27 42
19	01 23 42
20	01 17 38 57
21	16 35 55
22	13 41
23	06

WIGILIA I SYLWESTER

5	35 43
6	01 18 28 40 55
7	13 28 44 58
8	14 30 43 56
9	12 27 43 58
10	14 29 37 45
11	01 16 32 47
12	03 18 26 34 50
13	05 21 36 52
14	08 19 28 45
15	00 17 34 51
16	08 17 27 43 58
17	15 31 58
18	10 15 23 35
19	03 17 32 53
20	00 11
21	09
22	
23	

WIELKANOC,BOŻE NARODZENIE,NOWY ROK

5	
6	33
7	19
8	10
9	14
10	03
11	01 52
12	46
13	38
14	32
15	24
16	18
17	10
18	12 56
19	48
20	33
21	16
22	36
23	

