ZANA LECLERC - ZANA - FILARETÓW - JANA PAWŁA II - NADBYSTRZYCKA - NARUTOWICZA - HEMPLA - 3 MAJA - AL. TYSIĄCLECIA - LWOWSKA - AL. ANDERSA - TURYSTYCZNA - TURYSTYCZNA

DZIEŃ POWSZEDNI, ROK SZKOLNY

5	23 31 49
6	06 16 25 37 55
7	10 26 40 56
8	12 25 38 54
9	09 25 40 56
10	11 19 27 43 58
11	14 29 45
12	00 08 16 32 47
13	03 18 34 49 57
14	06 23 38 55
15	12 29 46 55
16	05 21 36 53
17	09 36 52
18	01 09 21 35 49
19	03 18 39 46 57
20	13 27 41 55
21	23 36 50
22	04 26 59

SOBOTA, ROK SZKOLNY

5	23 41
6	03 22 38 58
7	20 43
8	01 20 50
9	16 37 58
10	19 40
11	02 23 44
12	05 26 48
13	09 31 52
14	14 35 56
15	17 38
16	02 22 44
17	04 25 56
18	11 34 53
19	13 30 49
20	11 28 47
21	06 23 43
22	03 29 55

DZIEŃ ŚWIĄTECZNY, ROK SZKOLNY

5	41
6	03 22 40 58
7	20 43
8	01 20 50
9	16 37 58
10	19 40
11	02 23 44
12	05 26 48
13	09 29 50
14	11 31 52
15	14 35 57
16	18 39
17	00 21 52
18	13 28 47
19	09 28 47
20	03 24 43
21	02 21 41
22	01 29 54

WIGILIA I SYLWESTER

5	23 31 49
6	06 16 25 37 55
7	10 26 40 56
8	12 25 38 54
9	09 25 40 56
10	11 19 27 43 58
11	14 29 45
12	00 08 16 32 47
13	03 18 34 49 57
14	06 23 38 55
15	12 29 46 55
16	05 21 36 53
17	09 36 52
18	01 09 21 49
19	03 18 39 46 57
20	55
21	
22	

WIELKANOC,BOŻE NARODZENIE,NOWY ROK

5	
6	21
7	02 53
8	57
9	46
10	44
11	35
12	29
13	21
14	15
15	07
16	01 53
17	57
18	42
19	34
20	19
21	02
22	24

