ZANA LECLERC - ZANA - FILARETÓW - JANA PAWŁA II - NADBYSTRZYCKA - NARUTOWICZA - HEMPLA - 3 MAJA - AL. TYSIĄCLECIA - LWOWSKA - AL. ANDERSA - TURYSTYCZNA - TURYSTYCZNA

DZIEŃ POWSZEDNI, ROK SZKOLNY

5	25 33 51
6	08 18 27 41 59
7	14 30 44
8	00 16 29 42 58
9	13 29 44
10	00 15 23 31 47
11	02 18 33 49
12	04 12 20 36 51
13	07 22 38 53
14	01 10 27 42 59
15	16 33 50 59
16	09 25 40 57
17	13 40 56
18	03 11 23 37 51
19	05 20 41 48 59
20	15 29 43 57
21	25 38 52
22	06 28
23	01

SOBOTA, ROK SZKOLNY

5	25 43
6	05 24 40
7	00 23 46
8	04 23 53
9	19 40
10	01 22 43
11	05 26 47
12	08 29 51
13	12 34 55
14	17 38 59
15	20 41
16	05 25 47
17	07 28 59
18	13 36 55
19	15 32 51
20	13 30 49
21	08 25 45
22	05 31 57
23	

DZIEŃ ŚWIĄTECZNY, ROK SZKOLNY

5	43
6	05 24 42
7	00 23 46
8	04 23 53
9	19 40
10	01 22 43
11	05 26 47
12	08 29 51
13	12 32 53
14	14 34 55
15	17 38
16	00 21 42
17	03 24 55
18	15 30 49
19	11 30 49
20	05 26 45
21	04 23 43
22	03 31 56
23	

WIGILIA I SYLWESTER

5	25 33 51
6	08 18 27 41 59
7	14 30 44
8	00 16 29 42 58
9	13 29 44
10	00 15 23 31 47
11	02 18 33 49
12	04 12 20 36 51
13	07 22 38 53
14	01 10 27 42 59
15	16 33 50 59
16	09 25 40 57
17	13 40 56
18	03 11 23 51
19	05 20 41 48 59
20	57
21	
22	
23	

WIELKANOC,BOŻE NARODZENIE,NOWY ROK

5	
6	23
7	05 56
8	
9	00 49
10	47
11	38
12	32
13	24
14	18
15	10
16	04 56
17	
18	00 44
19	36
20	21
21	04
22	26
23	

