ZANA LECLERC - ZANA - FILARETÓW - JANA PAWŁA II - NADBYSTRZYCKA - NARUTOWICZA - HEMPLA - 3 MAJA - AL. TYSIĄCLECIA - LWOWSKA - AL. ANDERSA - TURYSTYCZNA - TURYSTYCZNA

DZIEŃ POWSZEDNI, ROK SZKOLNY

5	39 47
6	05 22 33 46
7	01 19 34 50
8	04 20 36 49
9	02 18 33 49
10	04 20 35 43 51
11	07 22 38 53
12	09 24 32 40 56
13	11 27 42 58
14	15 26 35 52
15	07 24 41 58
16	15 24 34 50
17	05 22 38
18	04 16 21 29 41 55
19	09 23 38 59
20	06 17 33 47
21	01 15 43 56
22	07

SOBOTA, ROK SZKOLNY

5	39 57
6	19 38 54
7	20 43
8	06 24 43
9	13 39
10	00 21 42
11	03 25 46
12	07 28 49
13	11 32 54
14	15 37 58
15	19 40
16	01 25 45
17	07 27 48
18	18 31 54
19	13 33 50
20	09 31 48
21	07 26 43
22	02 19 45

DZIEŃ ŚWIĄTECZNY, ROK SZKOLNY

5	57
6	19 38 56
7	20 43
8	06 24 43
9	13 39
10	00 21 42
11	03 25 46
12	07 28 49
13	11 32 52
14	13 34 54
15	15 37 58
16	20 41
17	02 23 44
18	14 33 48
19	07 29 48
20	07 23 44
21	03 22 41
22	01 17 45

WIGILIA I SYLWESTER

5	39 47
6	05 22 33 46
7	01 19 34 50
8	04 20 36 49
9	02 18 33 49
10	04 20 35 43 51
11	07 22 38 53
12	09 24 32 40 56
13	11 27 42 58
14	15 26 35 52
15	07 24 41 58
16	15 24 34 50
17	05 22 38
18	04 16 21 29 41
19	09 23 38 59
20	06 17
21	15
22	

WIELKANOC,BOŻE NARODZENIE,NOWY ROK

5	
6	37
7	25
8	16
9	20
10	09
11	07 58
12	52
13	44
14	38
15	30
16	24
17	16
18	18
19	02 54
20	39
21	22
22	40

