ZANA LECLERC - ZANA - FILARETÓW - JANA PAWŁA II - NADBYSTRZYCKA - NARUTOWICZA - HEMPLA - 3 MAJA - AL. TYSIĄCLECIA - LWOWSKA - AL. ANDERSA - TURYSTYCZNA - TURYSTYCZNA

DZIEŃ POWSZEDNI, ROK SZKOLNY

5	12 20 38 55
6	05 14 24 40 55
7	11 25 41 57
8	10 23 39 54
9	10 25 41 56
10	04 12 28 43 59
11	14 30 45 53
12	01 17 32 48
13	03 19 34 42 50
14	07 22 39 56
15	13 30 39 49
16	05 20 37 53
17	20 36 45 54
18	08 22 36 50
19	05 26 33 44
20	00 14 28 42
21	10 23 37 52
22	15 48

SOBOTA, ROK SZKOLNY

5	12 30 52
6	11 27 47
7	05 28 46
8	05 35
9	01 22 43
10	04 25 47
11	08 29 50
12	11 33 54
13	16 37 59
14	20 41
15	02 23 47
16	07 29 49
17	10 41 57
18	21 40
19	00 17 36 58
20	15 34 53
21	10 30 50
22	18 44

DZIEŃ ŚWIĄTECZNY, ROK SZKOLNY

5	30 52
6	11 29 47
7	05 28 46
8	05 35
9	01 22 43
10	04 25 47
11	08 29 50
12	11 33 54
13	14 35 56
14	16 37 59
15	20 42
16	03 24 45
17	06 37 59
18	15 34 56
19	15 34 50
20	11 30 49
21	08 28 48
22	18 43

WIGILIA I SYLWESTER

5	12 20 38 55
6	05 14 24 40 55
7	11 25 41 57
8	10 23 39 54
9	10 25 41 56
10	04 12 28 43 59
11	14 30 45 53
12	01 17 32 48
13	03 19 34 42 50
14	07 22 39 56
15	13 30 39 49
16	05 20 37 53
17	20 36 45 54
18	08 36 50
19	05 26 33 44
20	42
21	
22	

WIELKANOC,BOŻE NARODZENIE,NOWY ROK

5	
6	10 51
7	38
8	42
9	31
10	29
11	20
12	14
13	06
14	00 52
15	46
16	38
17	42
18	29
19	21
20	06 49
21	
22	13

