ZANA LECLERC - ZANA - FILARETÓW - JANA PAWŁA II - NADBYSTRZYCKA - NARUTOWICZA - HEMPLA - 3 MAJA - AL. TYSIĄCLECIA - LWOWSKA - AL. ANDERSA - TURYSTYCZNA - TURYSTYCZNA

DZIEŃ POWSZEDNI, ROK SZKOLNY

5	11 19 37 54
6	04 13 23 39 54
7	10 24 40 56
8	09 22 38 53
9	09 24 40 55
10	03 11 27 42 58
11	13 29 44 52
12	00 16 31 47
13	02 18 33 41 49
14	06 21 38 55
15	12 29 38 48
16	04 19 36 52
17	19 35 44 53
18	07 21 35 49
19	04 25 32 43 59
20	13 27 41
21	09 22 36 51
22	14 47

SOBOTA, ROK SZKOLNY

5	11 29 51
6	10 26 46
7	04 27 45
8	04 34
9	00 21 42
10	03 24 46
11	07 28 49
12	10 32 53
13	15 36 58
14	19 40
15	01 22 46
16	06 28 48
17	09 40 56
18	20 39 59
19	16 35 57
20	14 33 52
21	09 29 49
22	17 43

DZIEŃ ŚWIĄTECZNY, ROK SZKOLNY

5	29 51
6	10 28 46
7	04 27 45
8	04 34
9	00 21 42
10	03 24 46
11	07 28 49
12	10 32 53
13	13 34 55
14	15 36 58
15	19 41
16	02 23 44
17	05 36 58
18	14 33 55
19	14 33 49
20	10 29 48
21	07 27 47
22	17 42

WIGILIA I SYLWESTER

5	11 19 37 54
6	04 13 23 39 54
7	10 24 40 56
8	09 22 38 53
9	09 24 40 55
10	03 11 27 42 58
11	13 29 44 52
12	00 16 31 47
13	02 18 33 41 49
14	06 21 38 55
15	12 29 38 48
16	04 19 36 52
17	19 35 44 53
18	07 35 49
19	04 25 32 43
20	41
21	
22	

WIELKANOC,BOŻE NARODZENIE,NOWY ROK

5	
6	09 50
7	37
8	41
9	30
10	28
11	19
12	13
13	05 59
14	51
15	45
16	37
17	41
18	28
19	20
20	05 48
21	
22	12

