ZANA LECLERC - ZANA - FILARETÓW - JANA PAWŁA II - NADBYSTRZYCKA - NARUTOWICZA - HEMPLA - 3 MAJA - AL. TYSIĄCLECIA - LWOWSKA - AL. ANDERSA - TURYSTYCZNA - TURYSTYCZNA

DZIEŃ POWSZEDNI, ROK SZKOLNY

5	09 17 35 52
6	02 11 21 36 51
7	07 21 37 53
8	06 19 35 50
9	06 21 37 52
10	00 08 24 39 55
11	10 26 41 49 57
12	13 28 44 59
13	15 30 38 46
14	03 18 35 52
15	09 26 35 45
16	01 16 33 49
17	16 32 41 50
18	04 18 32 46
19	01 22 29 40 56
20	10 24 38
21	06 19 33 48
22	12 45

SOBOTA, ROK SZKOLNY

5	09 27 49
6	08 24 44
7	01 24 42
8	01 31 57
9	18 39
10	00 21 43
11	04 25 46
12	07 29 50
13	12 33 55
14	16 37 58
15	19 43
16	03 25 45
17	06 37 53
18	17 36 56
19	13 32 54
20	11 30 49
21	06 26 46
22	15 41

DZIEŃ ŚWIĄTECZNY, ROK SZKOLNY

5	27 49
6	08 26 44
7	01 24 42
8	01 31 57
9	18 39
10	00 21 43
11	04 25 46
12	07 29 50
13	10 31 52
14	12 33 55
15	16 38 59
16	20 41
17	02 33 55
18	11 30 52
19	11 30 46
20	07 26 45
21	04 24 44
22	15 40

WIGILIA I SYLWESTER

5	09 17 35 52
6	02 11 21 36 51
7	07 21 37 53
8	06 19 35 50
9	06 21 37 52
10	00 08 24 39 55
11	10 26 41 49 57
12	13 28 44 59
13	15 30 38 46
14	03 18 35 52
15	09 26 35 45
16	01 16 33 49
17	16 32 41 50
18	04 32 46
19	01 22 29 40
20	38
21	
22	

WIELKANOC,BOŻE NARODZENIE,NOWY ROK

5	
6	07 48
7	34
8	38
9	27
10	25
11	16
12	10
13	02 56
14	48
15	42
16	34
17	38
18	25
19	17
20	02 45
21	
22	10

