DWORZEC GŁ. PKP - PLAC DWORCOWY - WOLSKA - ŁĘCZYŃSKA - GOSPODARCZA - MEŁGIEWSKA - AL. ANDERSA - LWOWSKA - AL. TYSIĄCLECIA - AL. KOMPOZYTORÓW  - KONCERTOWA - OS. SZYMANOWSKIEGO

DZIEŃ POWSZEDNI, ROK SZKOLNY

5	15 23 30 37 45 54
6	04 15 32 41 51
7	02 19 30 41 55
8	04 13 19 31 43 55
9	08 28 38 46 52
10	06 16 30 43 53
11	09 16 22 35 47
12	01 14 26 40 47 53
13	06 19 33 47 59
14	12 19 26 42 54
15	10 26 36 49 57
16	03 17 31 46 58
17	13 26 33 39 53
18	07 27 39 53
19	02 10 19 33 47 59
20	11 23 35 41 47 59
21	14 38
22	18 47

SOBOTA, ROK SZKOLNY

5	22 47
6	02 07 24 53
7	15 22 43
8	06 30 47 52
9	14 34 58
10	20 25 42
11	08 29 52 57
12	18 38
13	01 24 29 47
14	08 33 56
15	01 19 42
16	08 28 36 56
17	14 37
18	00 05 22 44
19	06 29 34 53
20	16 48
21	18 52
22	15 57

DZIEŃ ŚWIĄTECZNY, ROK SZKOLNY

5	34
6	02 28 53
7	15 43
8	06 29 47
9	14 33 58
10	20 42
11	04 26 52
12	15 38
13	02 24 51
14	11 33 54
15	19 42
16	05 30 51
17	14 33
18	00 22 44
19	03 29 57
20	16 48
21	18 45
22	15 52

WIGILIA I SYLWESTER

5	15 23 30 37 45 54
6	04 15 32 41 51
7	02 19 30 41 55
8	04 13 19 31 43 55
9	08 28 38 46 52
10	06 16 30 43 53
11	09 16 22 35 47
12	01 14 26 40 47 53
13	06 19 33 47 59
14	12 19 26 42 54
15	10 26 36 49 57
16	03 17 31 46 58
17	13 26 33 39 53
18	07 27 39
19	02 10 19 33 47
20	
21	14
22	47

WIELKANOC,BOŻE NARODZENIE,NOWY ROK

5	45
6	23
7	00 41
8	27
9	18
10	09 55
11	41
12	27
13	13 59
14	45
15	31
16	17
17	03 49
18	44
19	27
20	10 53
21	36
22	17

