DWORZEC GŁ. PKP - PLAC DWORCOWY - WOLSKA - ŁĘCZYŃSKA - GOSPODARCZA - MEŁGIEWSKA - AL. ANDERSA - LWOWSKA - AL. TYSIĄCLECIA - AL. KOMPOZYTORÓW  - KONCERTOWA - OS. SZYMANOWSKIEGO

DZIEŃ POWSZEDNI, ROK SZKOLNY

5	16 24 31 38 46 55
6	05 16 33 42 52
7	03 20 31 42 56
8	05 14 20 32 44 56
9	09 29 39 47 53
10	07 17 31 44 54
11	10 17 23 36 48
12	02 15 27 41 48 54
13	07 20 34 48
14	00 13 20 27 43 55
15	11 27 37 50 58
16	04 18 32 47 59
17	14 27 34 40 54
18	08 28 40 54
19	03 11 20 34 48
20	00 12 24 36 42 48
21	00 15 39
22	19 48

SOBOTA, ROK SZKOLNY

5	23 48
6	03 08 25 54
7	16 23 44
8	07 31 48 53
9	15 35 59
10	21 26 43
11	09 30 53 58
12	19 39
13	02 25 30 48
14	09 34 57
15	02 20 43
16	09 29 37 57
17	15 38
18	01 06 23 45
19	07 30 35 54
20	17 49
21	19 53
22	16 58

DZIEŃ ŚWIĄTECZNY, ROK SZKOLNY

5	35
6	03 29 54
7	16 44
8	07 30 48
9	15 34 59
10	21 43
11	05 27 53
12	16 39
13	03 25 52
14	12 34 55
15	20 43
16	06 31 52
17	15 34
18	01 23 45
19	04 30 58
20	17 49
21	19 46
22	16 53

WIGILIA I SYLWESTER

5	16 24 31 38 46 55
6	05 16 33 42 52
7	03 20 31 42 56
8	05 14 20 32 44 56
9	09 29 39 47 53
10	07 17 31 44 54
11	10 17 23 36 48
12	02 15 27 41 48 54
13	07 20 34 48
14	00 13 20 27 43 55
15	11 27 37 50 58
16	04 18 32 47 59
17	14 27 34 40 54
18	08 28 40
19	03 11 20 34 48
20	
21	15
22	48

WIELKANOC,BOŻE NARODZENIE,NOWY ROK

5	46
6	24
7	01 42
8	28
9	19
10	10 56
11	42
12	28
13	14
14	00 46
15	32
16	18
17	04 50
18	45
19	28
20	11 54
21	37
22	18

