DWORZEC GŁ. PKP - PLAC DWORCOWY - WOLSKA - ŁĘCZYŃSKA - GOSPODARCZA - MEŁGIEWSKA - AL. ANDERSA - LWOWSKA - AL. TYSIĄCLECIA - AL. KOMPOZYTORÓW  - KONCERTOWA - OS. SZYMANOWSKIEGO

DZIEŃ POWSZEDNI, ROK SZKOLNY

5	11 19 26 33 41 50
6	00 11 28 37 47 58
7	15 26 37 51
8	00 09 15 27 39 51
9	04 24 34 42 48
10	02 12 26 39 49
11	05 12 18 31 43 57
12	10 22 36 43 49
13	02 15 29 43 55
14	08 15 22 38 50
15	06 22 32 45 53 59
16	13 27 42 54
17	09 22 29 35 49
18	03 23 35 49 58
19	06 15 29 43 55
20	07 19 31 37 43 55
21	10 34
22	14 43

SOBOTA, ROK SZKOLNY

5	18 43 58
6	03 20 49
7	11 18 39
8	02 26 43 48
9	10 30 54
10	16 21 38
11	04 25 48 53
12	14 34 57
13	20 25 43
14	04 29 52 57
15	15 38
16	04 24 32 52
17	10 33 56
18	01 18 40
19	02 25 30 49
20	12 44
21	14 48
22	11 53

DZIEŃ ŚWIĄTECZNY, ROK SZKOLNY

5	30 58
6	24 49
7	11 39
8	02 25 43
9	10 29 54
10	16 38
11	00 22 48
12	11 34 58
13	20 47
14	07 29 50
15	15 38
16	01 26 47
17	10 29 56
18	18 40 59
19	25 53
20	12 44
21	14 41
22	11 48

WIGILIA I SYLWESTER

5	11 19 26 33 41 50
6	00 11 28 37 47 58
7	15 26 37 51
8	00 09 15 27 39 51
9	04 24 34 42 48
10	02 12 26 39 49
11	05 12 18 31 43 57
12	10 22 36 43 49
13	02 15 29 43 55
14	08 15 22 38 50
15	06 22 32 45 53 59
16	13 27 42 54
17	09 22 29 35 49
18	03 23 35 58
19	06 15 29 43
20	
21	10
22	43

WIELKANOC,BOŻE NARODZENIE,NOWY ROK

5	41
6	19 56
7	37
8	23
9	14
10	05 51
11	37
12	23
13	09 55
14	41
15	27
16	13 59
17	45
18	40
19	23
20	06 49
21	32
22	13

