DWORZEC GŁ. PKP - PLAC DWORCOWY - WOLSKA - ŁĘCZYŃSKA - GOSPODARCZA - MEŁGIEWSKA - AL. ANDERSA - LWOWSKA - AL. TYSIĄCLECIA - AL. KOMPOZYTORÓW  - KONCERTOWA - OS. SZYMANOWSKIEGO

DZIEŃ POWSZEDNI, ROK SZKOLNY

5	18 28 36 43 50 58
6	07 17 28 50 59
7	09 20 37 48 59
8	13 22 31 37 49
9	01 13 26 46 56
10	04 10 24 34 48
11	01 11 27 34 40 53
12	05 19 32 44 58
13	05 11 24 37 51
14	05 18 31 38 45
15	01 13 29 45 55
16	08 16 22 36 50
17	05 17 32 45 52 58
18	10 24 44 56
19	10 19 27 36 50
20	04 16 28 40 52 58
21	04 16 31 55
22	31
23	00

SOBOTA, ROK SZKOLNY

5	35
6	00 15 20 37
7	08 33 40
8	01 24 48
9	05 10 32 52
10	16 38 43
11	00 26 47
12	10 15 36 56
13	19 42 47
14	05 26 51
15	14 19 37
16	00 26 46 54
17	14 32 55
18	16 21 38
19	00 22 45 50
20	09 32
21	04 34
22	06 28
23	10

DZIEŃ ŚWIĄTECZNY, ROK SZKOLNY

5	13 47
6	15 41
7	08 33
8	01 24 47
9	05 32 51
10	16 38
11	00 22 44
12	10 33 56
13	20 42
14	09 29 51
15	12 37
16	00 23 48
17	09 32 51
18	16 38
19	00 19 45
20	13 32
21	04 34
22	01 28
23	05

WIGILIA I SYLWESTER

5	18 28 36 43 50 58
6	07 17 28 50 59
7	09 20 37 48 59
8	13 22 31 37 49
9	01 13 26 46 56
10	04 10 24 34 48
11	01 11 27 34 40 53
12	05 19 32 44 58
13	05 11 24 37 51
14	05 18 31 38 45
15	01 13 29 45 55
16	08 16 22 36 50
17	05 17 32 45 52 58
18	10 24 44 56
19	19 27 36 50
20	04
21	31
22	
23	00

WIELKANOC,BOŻE NARODZENIE,NOWY ROK

5	58
6	36
7	18 59
8	45
9	36
10	27
11	13 59
12	45
13	31
14	17
15	03 49
16	35
17	21
18	07
19	00 43
20	26
21	09 52
22	30
23	

