DWORZEC GŁ. PKP - PLAC DWORCOWY - WOLSKA - ŁĘCZYŃSKA - GOSPODARCZA - MEŁGIEWSKA - AL. ANDERSA - LWOWSKA - AL. TYSIĄCLECIA - AL. KOMPOZYTORÓW  - KONCERTOWA - OS. SZYMANOWSKIEGO

DZIEŃ POWSZEDNI, ROK SZKOLNY

5	17 25 32 39 47 56
6	06 17 35 44 54
7	05 22 33 44 58
8	07 16 22 34 46 58
9	11 31 41 49 55
10	09 19 33 46 56
11	12 19 25 38 50
12	04 17 29 43 50 56
13	09 22 36 50
14	02 15 22 29 45 57
15	13 29 39 52
16	00 06 20 34 49
17	01 16 29 36 42 56
18	10 30 42 56
19	05 13 22 36 50
20	02 14 26 38 44 50
21	02 17 41
22	20 49

SOBOTA, ROK SZKOLNY

5	24 49
6	04 09 26 55
7	18 25 46
8	09 33 50 55
9	17 37
10	01 23 28 45
11	11 32 55
12	00 21 41
13	04 27 32 50
14	11 36 59
15	04 22 45
16	11 31 39 59
17	17 40
18	03 08 25 47
19	09 32 37 56
20	19 51
21	21 55
22	17 59

DZIEŃ ŚWIĄTECZNY, ROK SZKOLNY

5	36
6	04 30 55
7	18 46
8	09 32 50
9	17 36
10	01 23 45
11	07 29 55
12	18 41
13	05 27 54
14	14 36 57
15	22 45
16	08 33 54
17	17 36
18	03 25 47
19	06 32
20	00 19 51
21	21 48
22	17 54

WIGILIA I SYLWESTER

5	17 25 32 39 47 56
6	06 17 35 44 54
7	05 22 33 44 58
8	07 16 22 34 46 58
9	11 31 41 49 55
10	09 19 33 46 56
11	12 19 25 38 50
12	04 17 29 43 50 56
13	09 22 36 50
14	02 15 22 29 45 57
15	13 29 39 52
16	00 06 20 34 49
17	01 16 29 36 42 56
18	10 30 42
19	05 13 22 36 50
20	
21	17
22	49

WIELKANOC,BOŻE NARODZENIE,NOWY ROK

5	47
6	25
7	03 44
8	30
9	21
10	12 58
11	44
12	30
13	16
14	02 48
15	34
16	20
17	06 52
18	47
19	30
20	13 56
21	39
22	19

