DWORZEC GŁ. PKP - PLAC DWORCOWY - WOLSKA - ŁĘCZYŃSKA - GOSPODARCZA - MEŁGIEWSKA - AL. ANDERSA - LWOWSKA - AL. TYSIĄCLECIA - AL. KOMPOZYTORÓW  - KONCERTOWA - OS. SZYMANOWSKIEGO

DZIEŃ POWSZEDNI, ROK SZKOLNY

5	18 26 33 40 48 57
6	07 18 36 45 55
7	06 23 34 45 59
8	08 17 23 35 47 59
9	12 32 42 50 56
10	10 20 34 47 57
11	13 20 26 39 51
12	05 18 30 44 51 57
13	10 23 37 51
14	03 16 23 30 46 58
15	14 30 40 53
16	01 07 21 35 50
17	02 17 30 37 43 57
18	11 31 43 57
19	06 14 23 37 51
20	03 15 27 39 45 51
21	03 18 42
22	21 50
23	

SOBOTA, ROK SZKOLNY

5	25 50
6	05 10 27 56
7	19 26 47
8	10 34 51 56
9	18 38
10	02 24 29 46
11	12 33 56
12	01 22 42
13	05 28 33 51
14	12 37
15	00 05 23 46
16	12 32 40
17	00 18 41
18	04 09 26 48
19	10 33 38 57
20	20 52
21	22 56
22	18
23	00

DZIEŃ ŚWIĄTECZNY, ROK SZKOLNY

5	37
6	05 31 56
7	19 47
8	10 33 51
9	18 37
10	02 24 46
11	08 30 56
12	19 42
13	06 28 55
14	15 37 58
15	23 46
16	09 34 55
17	18 37
18	04 26 48
19	07 33
20	01 20 52
21	22 49
22	18 55
23	

WIGILIA I SYLWESTER

5	18 26 33 40 48 57
6	07 18 36 45 55
7	06 23 34 45 59
8	08 17 23 35 47 59
9	12 32 42 50 56
10	10 20 34 47 57
11	13 20 26 39 51
12	05 18 30 44 51 57
13	10 23 37 51
14	03 16 23 30 46 58
15	14 30 40 53
16	01 07 21 35 50
17	02 17 30 37 43 57
18	11 31 43
19	06 14 23 37 51
20	
21	18
22	50
23	

WIELKANOC,BOŻE NARODZENIE,NOWY ROK

5	48
6	26
7	04 45
8	31
9	22
10	13 59
11	45
12	31
13	17
14	03 49
15	35
16	21
17	07 53
18	48
19	31
20	14 57
21	40
22	20
23	

