DWORZEC GŁ. PKP - PLAC DWORCOWY - WOLSKA - ŁĘCZYŃSKA - GOSPODARCZA - MEŁGIEWSKA - AL. ANDERSA - LWOWSKA - AL. TYSIĄCLECIA - AL. KOMPOZYTORÓW  - KONCERTOWA - OS. SZYMANOWSKIEGO

DZIEŃ POWSZEDNI, ROK SZKOLNY

5	05 13 20 27 44 54
6	05 22 30 40 51
7	08 19 30 44 53
8	02 08 20 32 44 57
9	17 27 35 41 55
10	05 19 32 42 58
11	05 11 24 36 50
12	03 15 29 36 42 55
13	08 22 36 48
14	01 08 15 31 43 59
15	15 25 38 46 52
16	06 20 35 47
17	02 15 22 28 42 56
18	16 28 42 51 59
19	08 22 36 48
20	00 12 24 30 36 48
21	03 27
22	08 37

SOBOTA, ROK SZKOLNY

5	12 37 52 57
6	14 43
7	04 11 32 55
8	19 36 41
9	03 23 47
10	09 14 31 57
11	18 41 46
12	07 27 50
13	13 18 36 57
14	22 45 50
15	08 31 57
16	17 25 45
17	03 26 49 54
18	11 33 55
19	18 23 42
20	05 37
21	07 41
22	05 47

DZIEŃ ŚWIĄTECZNY, ROK SZKOLNY

5	24 52
6	18 43
7	04 32 55
8	18 36
9	03 22 47
10	09 31 53
11	15 41
12	04 27 51
13	13 40
14	00 22 43
15	08 31 54
16	19 40
17	03 22 49
18	11 33 52
19	18 46
20	05 37
21	07 34
22	05 42

WIGILIA I SYLWESTER

5	05 13 20 27 44 54
6	05 22 30 40 51
7	08 19 30 44 53
8	02 08 20 32 44 57
9	17 27 35 41 55
10	05 19 32 42 58
11	05 11 24 36 50
12	03 15 29 36 42 55
13	08 22 36 48
14	01 08 15 31 43 59
15	15 25 38 46 52
16	06 20 35 47
17	02 15 22 28 42 56
18	16 28 51 59
19	08 22 36
20	
21	03
22	37

WIELKANOC,BOŻE NARODZENIE,NOWY ROK

5	35
6	13 50
7	30
8	16
9	07 58
10	44
11	30
12	16
13	02 48
14	34
15	20
16	06 52
17	38
18	33
19	16 59
20	42
21	25
22	07

