DWORZEC GŁ. PKP - PLAC DWORCOWY - WOLSKA - ŁĘCZYŃSKA - GOSPODARCZA - MEŁGIEWSKA - AL. ANDERSA - LWOWSKA - AL. TYSIĄCLECIA - AL. KOMPOZYTORÓW  - KONCERTOWA - OS. SZYMANOWSKIEGO

DZIEŃ POWSZEDNI, ROK SZKOLNY

5	07 15 22 29 46 56
6	07 24 32 42 53
7	10 21 32 46 55
8	04 10 22 34 46 59
9	19 29 37 43 57
10	07 21 34 44
11	00 07 13 26 38 52
12	05 17 31 38 44 57
13	10 24 38 50
14	03 10 17 33 45
15	01 17 27 40 48 54
16	08 22 37 49
17	04 17 24 30 44 58
18	18 30 44 53
19	01 10 24 38 50
20	02 14 26 32 38 50
21	05 29
22	10 39

SOBOTA, ROK SZKOLNY

5	14 39 54 59
6	16 45
7	06 13 34 57
8	21 38 43
9	05 25 49
10	11 16 33 59
11	20 43 48
12	09 29 52
13	15 20 38 59
14	24 47 52
15	10 33 59
16	19 27 47
17	05 28 51 56
18	13 35 57
19	20 25 44
20	07 39
21	09 43
22	07 49

DZIEŃ ŚWIĄTECZNY, ROK SZKOLNY

5	26 54
6	20 45
7	06 34 57
8	20 38
9	05 24 49
10	11 33 55
11	17 43
12	06 29 53
13	15 42
14	02 24 45
15	10 33 56
16	21 42
17	05 24 51
18	13 35 54
19	20 48
20	07 39
21	09 36
22	07 44

WIGILIA I SYLWESTER

5	07 15 22 29 46 56
6	07 24 32 42 53
7	10 21 32 46 55
8	04 10 22 34 46 59
9	19 29 37 43 57
10	07 21 34 44
11	00 07 13 26 38 52
12	05 17 31 38 44 57
13	10 24 38 50
14	03 10 17 33 45
15	01 17 27 40 48 54
16	08 22 37 49
17	04 17 24 30 44 58
18	18 30 53
19	01 10 24 38
20	
21	05
22	39

WIELKANOC,BOŻE NARODZENIE,NOWY ROK

5	37
6	15 52
7	32
8	18
9	09
10	00 46
11	32
12	18
13	04 50
14	36
15	22
16	08 54
17	40
18	35
19	18
20	01 44
21	27
22	09

