DWORZEC GŁ. PKP - PLAC DWORCOWY - WOLSKA - ŁĘCZYŃSKA - GOSPODARCZA - MEŁGIEWSKA - AL. ANDERSA - LWOWSKA - AL. TYSIĄCLECIA - AL. KOMPOZYTORÓW  - KONCERTOWA - OS. SZYMANOWSKIEGO

DZIEŃ POWSZEDNI, ROK SZKOLNY

5	08 16 23 30 47 57
6	08 25 33 43 54
7	11 22 33 47 56
8	05 11 23 35 47
9	00 20 30 38 44 58
10	08 22 35 45
11	01 08 14 27 39 53
12	06 18 32 39 45 58
13	11 25 39 51
14	04 11 18 34 46
15	02 18 28 41 49 55
16	09 23 38 50
17	05 18 25 31 45 59
18	19 31 45 54
19	02 11 25 39 51
20	03 15 27 33 39 51
21	06 30
22	11 40

SOBOTA, ROK SZKOLNY

5	15 40 55
6	00 17 46
7	07 14 35 58
8	22 39 44
9	06 26 50
10	12 17 34
11	00 21 44 49
12	10 30 53
13	16 21 39
14	00 25 48 53
15	11 34
16	00 20 28 48
17	06 29 52 57
18	14 36 58
19	21 26 45
20	08 40
21	10 44
22	08 50

DZIEŃ ŚWIĄTECZNY, ROK SZKOLNY

5	27 55
6	21 46
7	07 35 58
8	21 39
9	06 25 50
10	12 34 56
11	18 44
12	07 30 54
13	16 43
14	03 25 46
15	11 34 57
16	22 43
17	06 25 52
18	14 36 55
19	21 49
20	08 40
21	10 37
22	08 45

WIGILIA I SYLWESTER

5	08 16 23 30 47 57
6	08 25 33 43 54
7	11 22 33 47 56
8	05 11 23 35 47
9	00 20 30 38 44 58
10	08 22 35 45
11	01 08 14 27 39 53
12	06 18 32 39 45 58
13	11 25 39 51
14	04 11 18 34 46
15	02 18 28 41 49 55
16	09 23 38 50
17	05 18 25 31 45 59
18	19 31 54
19	02 11 25 39
20	
21	06
22	40

WIELKANOC,BOŻE NARODZENIE,NOWY ROK

5	38
6	16 53
7	33
8	19
9	10
10	01 47
11	33
12	19
13	05 51
14	37
15	23
16	09 55
17	41
18	36
19	19
20	02 45
21	28
22	10

