DWORZEC GŁ. PKP - PLAC DWORCOWY - WOLSKA - ŁĘCZYŃSKA - GOSPODARCZA - MEŁGIEWSKA - AL. ANDERSA - LWOWSKA - AL. TYSIĄCLECIA - AL. KOMPOZYTORÓW  - KONCERTOWA - OS. SZYMANOWSKIEGO

DZIEŃ POWSZEDNI, ROK SZKOLNY

5	09 17 24 31 48 58
6	09 26 34 44 55
7	12 23 34 48 57
8	06 12 24 36 48
9	01 21 31 39 45 59
10	09 23 36 46
11	02 09 15 28 40 54
12	07 19 33 40 46 59
13	12 26 40 52
14	05 12 19 35 47
15	03 19 29 42 50 56
16	10 24 39 51
17	06 19 26 32 46
18	00 20 32 46 55
19	03 12 26 40 52
20	04 16 28 34 40 52
21	07 31
22	12 41

SOBOTA, ROK SZKOLNY

5	16 41 56
6	01 18 47
7	08 15 36 59
8	23 40 45
9	07 27 51
10	13 18 35
11	01 22 45 50
12	11 31 54
13	17 22 40
14	01 26 49 54
15	12 35
16	01 21 29 49
17	07 30 53 58
18	15 37 59
19	22 27 46
20	09 41
21	11 45
22	09 51

DZIEŃ ŚWIĄTECZNY, ROK SZKOLNY

5	28 56
6	22 47
7	08 36 59
8	22 40
9	07 26 51
10	13 35 57
11	19 45
12	08 31 55
13	17 44
14	04 26 47
15	12 35 58
16	23 44
17	07 26 53
18	15 37 56
19	22 50
20	09 41
21	11 38
22	09 46

WIGILIA I SYLWESTER

5	09 17 24 31 48 58
6	09 26 34 44 55
7	12 23 34 48 57
8	06 12 24 36 48
9	01 21 31 39 45 59
10	09 23 36 46
11	02 09 15 28 40 54
12	07 19 33 40 46 59
13	12 26 40 52
14	05 12 19 35 47
15	03 19 29 42 50 56
16	10 24 39 51
17	06 19 26 32 46
18	00 20 32 55
19	03 12 26 40
20	
21	07
22	41

WIELKANOC,BOŻE NARODZENIE,NOWY ROK

5	39
6	17 54
7	34
8	20
9	11
10	02 48
11	34
12	20
13	06 52
14	38
15	24
16	10 56
17	42
18	37
19	20
20	03 46
21	29
22	11

