ZEMBORZYCE GÓRNE - KRĘŻNICKA - JANOWSKA - NADBYSTRZYCKA - NARUTOWICZA - OKOPOWA - OKOPOWA

DZIEŃ POWSZEDNI, ROK SZKOLNY

5	11 37
6	21 46
7	03 30 47
8	30 53
9	18 58
10	44
11	28
12	13
13	00 35
14	23 43
15	01 47
16	06 26
17	20 36 58
18	53
19	29
20	11 47
21	
22	03

SOBOTA, ROK SZKOLNY

5	12
6	19
7	45
8	
9	11
10	25
11	41
12	
13	00
14	11
15	30
16	46
17	
18	12
19	30
20	42
21	55
22	

DZIEŃ ŚWIĄTECZNY, ROK SZKOLNY

5	
6	19
7	33
8	58
9	
10	14
11	29
12	51
13	
14	13
15	38
16	
17	03
18	18
19	42
20	57
21	
22	07

WIGILIA I SYLWESTER

5	11 37
6	21 46
7	03 30 47
8	30 53
9	18 58
10	44
11	28
12	13
13	00 35
14	23 43
15	01 47
16	06 26
17	20 36 58
18	53
19	29
20	
21	
22	

WIELKANOC,BOŻE NARODZENIE,NOWY ROK

5	
6	
7	45
8	
9	11
10	27
11	43
12	
13	02
14	15
15	31
16	47
17	
18	12
19	32
20	42
21	
22	

DZIEŃ SPECJALNY

5	11 37
6	21 45
7	03 30 47
8	30 53
9	18 58
10	44
11	28
12	13
13	00 35
14	23 43
15	01 47
16	06 26
17	20 36 58
18	53
19	29
20	11 47
21	
22	03

