ZEMBORZYCE GÓRNE - KRĘŻNICKA - JANOWSKA - NADBYSTRZYCKA - NARUTOWICZA - OKOPOWA - OKOPOWA

DZIEŃ POWSZEDNI, ROK SZKOLNY

5	13 39
6	23 48
7	05 32 49
8	32 55
9	20
10	00 46
11	30
12	15
13	02 37
14	25 45
15	03 49
16	08 28
17	22 38
18	00 55
19	31
20	13 49
21	
22	05

SOBOTA, ROK SZKOLNY

5	14
6	21
7	47
8	
9	13
10	27
11	43
12	
13	02
14	13
15	32
16	48
17	
18	14
19	32
20	44
21	57
22	

DZIEŃ ŚWIĄTECZNY, ROK SZKOLNY

5	
6	21
7	35
8	
9	00
10	16
11	31
12	53
13	
14	15
15	40
16	
17	05
18	20
19	44
20	59
21	
22	09

WIGILIA I SYLWESTER

5	13 39
6	23 48
7	05 32 49
8	32 55
9	20
10	00 46
11	30
12	15
13	02 37
14	25 45
15	03 49
16	08 28
17	22 38
18	00 55
19	31
20	
21	
22	

WIELKANOC,BOŻE NARODZENIE,NOWY ROK

5	
6	
7	47
8	
9	13
10	29
11	45
12	
13	04
14	17
15	33
16	49
17	
18	14
19	34
20	44
21	
22	

DZIEŃ SPECJALNY

5	13 39
6	23 47
7	05 32 49
8	32 55
9	20
10	00 46
11	30
12	15
13	02 37
14	25 45
15	03 49
16	08 28
17	22 38
18	00 55
19	31
20	13 49
21	
22	05

