ZEMBORZYCE GÓRNE - KRĘŻNICKA - JANOWSKA - NADBYSTRZYCKA - NARUTOWICZA - OKOPOWA - OKOPOWA

DZIEŃ POWSZEDNI, ROK SZKOLNY

5	12 38
6	22 47
7	04 31 48
8	31 54
9	19 59
10	45
11	29
12	14
13	01 36
14	24 44
15	02 48
16	07 27
17	21 37 59
18	54
19	30
20	12 48
21	
22	04

SOBOTA, ROK SZKOLNY

5	13
6	20
7	46
8	
9	12
10	26
11	42
12	
13	01
14	12
15	31
16	47
17	
18	13
19	31
20	43
21	56
22	

DZIEŃ ŚWIĄTECZNY, ROK SZKOLNY

5	
6	20
7	34
8	59
9	
10	15
11	30
12	52
13	
14	14
15	39
16	
17	04
18	19
19	43
20	58
21	
22	08

WIGILIA I SYLWESTER

5	12 38
6	22 47
7	04 31 48
8	31 54
9	19 59
10	45
11	29
12	14
13	01 36
14	24 44
15	02 48
16	07 27
17	21 37 59
18	54
19	30
20	
21	
22	

WIELKANOC,BOŻE NARODZENIE,NOWY ROK

5	
6	
7	46
8	
9	12
10	28
11	44
12	
13	03
14	16
15	32
16	48
17	
18	13
19	33
20	43
21	
22	

DZIEŃ SPECJALNY

5	12 38
6	22 46
7	04 31 48
8	31 54
9	19 59
10	45
11	29
12	14
13	01 36
14	24 44
15	02 48
16	07 27
17	21 37 59
18	54
19	30
20	12 48
21	
22	04

