ZEMBORZYCE GÓRNE - KRĘŻNICKA - JANOWSKA - NADBYSTRZYCKA - NARUTOWICZA - OKOPOWA - OKOPOWA

DZIEŃ POWSZEDNI, ROK SZKOLNY

5	07 33
6	17 41 58
7	25 42
8	25 48
9	13 53
10	39
11	23
12	08 55
13	30
14	18 38 56
15	42
16	01 21
17	15 31 53
18	49
19	25
20	07 43
21	59
22	

SOBOTA, ROK SZKOLNY

5	08
6	15
7	40
8	
9	06
10	20
11	36
12	55
13	
14	06
15	25
16	41
17	
18	08
19	26
20	38
21	51
22	

DZIEŃ ŚWIĄTECZNY, ROK SZKOLNY

5	
6	15
7	28
8	53
9	
10	09
11	24
12	46
13	
14	08
15	33
16	58
17	
18	14
19	38
20	53
21	
22	03

WIGILIA I SYLWESTER

5	07 33
6	17 41 58
7	25 42
8	25 48
9	13 53
10	39
11	23
12	08 55
13	30
14	18 38 56
15	42
16	01 21
17	15 31 53
18	49
19	25
20	
21	
22	

WIELKANOC,BOŻE NARODZENIE,NOWY ROK

5	
6	
7	40
8	
9	06
10	22
11	38
12	57
13	
14	10
15	26
16	42
17	
18	08
19	28
20	38
21	
22	

DZIEŃ SPECJALNY

5	07 33
6	17 41 58
7	25 42
8	25 48
9	13 53
10	39
11	23
12	08 55
13	30
14	18 38 56
15	42
16	01 21
17	15 31 53
18	49
19	25
20	07 43
21	59
22	

