ZEMBORZYCE GÓRNE - KRĘŻNICKA - JANOWSKA - NADBYSTRZYCKA - NARUTOWICZA - OKOPOWA - OKOPOWA

DZIEŃ POWSZEDNI, ROK SZKOLNY

5	00 26
6	10 34 51
7	18 35
8	18 41
9	06 46
10	32
11	16
12	01 48
13	23
14	11 31 49
15	35 54
16	14
17	08 24 46
18	42
19	18
20	00 36
21	52

SOBOTA, ROK SZKOLNY

5	01
6	08
7	33
8	59
9	
10	13
11	29
12	48
13	59
14	
15	18
16	34
17	
18	01
19	19
20	31
21	44

DZIEŃ ŚWIĄTECZNY, ROK SZKOLNY

5	
6	08
7	21
8	46
9	
10	02
11	17
12	39
13	
14	01
15	26
16	51
17	
18	07
19	31
20	46
21	56

WIGILIA I SYLWESTER

5	00 26
6	10 34 51
7	18 35
8	18 41
9	06 46
10	32
11	16
12	01 48
13	23
14	11 31 49
15	35 54
16	14
17	08 24 46
18	42
19	18
20	
21	

WIELKANOC,BOŻE NARODZENIE,NOWY ROK

5	
6	
7	33
8	59
9	
10	15
11	31
12	50
13	
14	03
15	19
16	35
17	
18	01
19	21
20	31
21	

DZIEŃ SPECJALNY

5	00 26
6	10 34 51
7	18 35
8	18 41
9	06 46
10	32
11	16
12	01 48
13	23
14	11 31 49
15	35 54
16	14
17	08 24 46
18	42
19	18
20	00 36
21	52

