ZEMBORZYCE GÓRNE - KRĘŻNICKA - JANOWSKA - NADBYSTRZYCKA - NARUTOWICZA - OKOPOWA - OKOPOWA

DZIEŃ POWSZEDNI, ROK SZKOLNY

5	09 35
6	19 43
7	00 27 44
8	27 50
9	15 55
10	41
11	25
12	10 57
13	32
14	20 40 58
15	44
16	03 23
17	17 33 55
18	51
19	27
20	09 45
21	
22	01

SOBOTA, ROK SZKOLNY

5	10
6	17
7	42
8	
9	08
10	22
11	38
12	57
13	
14	08
15	27
16	43
17	
18	10
19	28
20	40
21	53
22	

DZIEŃ ŚWIĄTECZNY, ROK SZKOLNY

5	
6	17
7	30
8	55
9	
10	11
11	26
12	48
13	
14	10
15	35
16	
17	00
18	16
19	40
20	55
21	
22	05

WIGILIA I SYLWESTER

5	09 35
6	19 43
7	00 27 44
8	27 50
9	15 55
10	41
11	25
12	10 57
13	32
14	20 40 58
15	44
16	03 23
17	17 33 55
18	51
19	27
20	
21	
22	

WIELKANOC,BOŻE NARODZENIE,NOWY ROK

5	
6	
7	42
8	
9	08
10	24
11	40
12	59
13	
14	12
15	28
16	44
17	
18	10
19	30
20	40
21	
22	

DZIEŃ SPECJALNY

5	09 35
6	19 43
7	00 27 44
8	27 50
9	15 55
10	41
11	25
12	10 57
13	32
14	20 40 58
15	44
16	03 23
17	17 33 55
18	51
19	27
20	09 45
21	
22	01

