ZEMBORZYCE GÓRNE - KRĘŻNICKA - JANOWSKA - NADBYSTRZYCKA - NARUTOWICZA - OKOPOWA - OKOPOWA

DZIEŃ POWSZEDNI, ROK SZKOLNY

5	03 29
6	13 37 54
7	21 38
8	21 44
9	09 49
10	35
11	19
12	04 51
13	26
14	14 34 52
15	38 57
16	17
17	11 27 49
18	45
19	21
20	03 39
21	55

SOBOTA, ROK SZKOLNY

5	04
6	11
7	36
8	
9	02
10	16
11	32
12	51
13	
14	02
15	21
16	37
17	
18	04
19	22
20	34
21	47

DZIEŃ ŚWIĄTECZNY, ROK SZKOLNY

5	
6	11
7	24
8	49
9	
10	05
11	20
12	42
13	
14	04
15	29
16	54
17	
18	10
19	34
20	49
21	59

WIGILIA I SYLWESTER

5	03 29
6	13 37 54
7	21 38
8	21 44
9	09 49
10	35
11	19
12	04 51
13	26
14	14 34 52
15	38 57
16	17
17	11 27 49
18	45
19	21
20	
21	

WIELKANOC,BOŻE NARODZENIE,NOWY ROK

5	
6	
7	36
8	
9	02
10	18
11	34
12	53
13	
14	06
15	22
16	38
17	
18	04
19	24
20	34
21	

DZIEŃ SPECJALNY

5	03 29
6	13 37 54
7	21 38
8	21 44
9	09 49
10	35
11	19
12	04 51
13	26
14	14 34 52
15	38 57
16	17
17	11 27 49
18	45
19	21
20	03 39
21	55

