ZEMBORZYCE GÓRNE - KRĘŻNICKA - JANOWSKA - NADBYSTRZYCKA - NARUTOWICZA - OKOPOWA - OKOPOWA

DZIEŃ POWSZEDNI, ROK SZKOLNY

5	06 32
6	16 40 57
7	24 41
8	24 47
9	12 52
10	38
11	22
12	07 54
13	29
14	17 37 55
15	41
16	00 20
17	14 30 52
18	48
19	24
20	06 42
21	58
22	

SOBOTA, ROK SZKOLNY

5	07
6	14
7	39
8	
9	05
10	19
11	35
12	54
13	
14	05
15	24
16	40
17	
18	07
19	25
20	37
21	50
22	

DZIEŃ ŚWIĄTECZNY, ROK SZKOLNY

5	
6	14
7	27
8	52
9	
10	08
11	23
12	45
13	
14	07
15	32
16	57
17	
18	13
19	37
20	52
21	
22	02

WIGILIA I SYLWESTER

5	06 32
6	16 40 57
7	24 41
8	24 47
9	12 52
10	38
11	22
12	07 54
13	29
14	17 37 55
15	41
16	00 20
17	14 30 52
18	48
19	24
20	
21	
22	

WIELKANOC,BOŻE NARODZENIE,NOWY ROK

5	
6	
7	39
8	
9	05
10	21
11	37
12	56
13	
14	09
15	25
16	41
17	
18	07
19	27
20	37
21	
22	

DZIEŃ SPECJALNY

5	06 32
6	16 40 57
7	24 41
8	24 47
9	12 52
10	38
11	22
12	07 54
13	29
14	17 37 55
15	41
16	00 20
17	14 30 52
18	48
19	24
20	06 42
21	58
22	

