ZEMBORZYCE GÓRNE - KRĘŻNICKA - JANOWSKA - NADBYSTRZYCKA - NARUTOWICZA - OKOPOWA - OKOPOWA

DZIEŃ POWSZEDNI, ROK SZKOLNY

5	19 45
6	29 57
7	14 41 58
8	41
9	04 29
10	09 55
11	39
12	24
13	11 46
14	35 55
15	13 59
16	18 38
17	32 48
18	08
19	03 39
20	21 57
21	
22	11

SOBOTA, ROK SZKOLNY

5	20
6	27
7	56
8	
9	22
10	36
11	52
12	
13	11
14	22
15	41
16	57
17	
18	22
19	40
20	52
21	
22	04

DZIEŃ ŚWIĄTECZNY, ROK SZKOLNY

5	
6	27
7	44
8	
9	09
10	25
11	40
12	
13	02
14	24
15	49
16	
17	14
18	28
19	52
20	
21	07
22	15

WIGILIA I SYLWESTER

5	19 45
6	29 57
7	14 41 58
8	41
9	04 29
10	09 55
11	39
12	24
13	11 46
14	35 55
15	13 59
16	18 38
17	32 48
18	08
19	03 39
20	
21	
22	

WIELKANOC,BOŻE NARODZENIE,NOWY ROK

5	
6	
7	56
8	
9	22
10	38
11	54
12	
13	13
14	26
15	42
16	58
17	
18	22
19	42
20	52
21	
22	

DZIEŃ SPECJALNY

5	19 45
6	29 53
7	14 41 58
8	41
9	04 29
10	09 55
11	39
12	24
13	11 46
14	34 54
15	12 58
16	17 37
17	31 47
18	08
19	03 39
20	21 57
21	
22	11

