ZEMBORZYCE GÓRNE - KRĘŻNICKA - JANOWSKA - NADBYSTRZYCKA - NARUTOWICZA - OKOPOWA - OKOPOWA

DZIEŃ POWSZEDNI, ROK SZKOLNY

5	17 43
6	27 55
7	12 39 56
8	39
9	02 27
10	07 53
11	37
12	22
13	09 44
14	32 52
15	10 56
16	15 35
17	29 45
18	06
19	01 37
20	19 55
21	
22	09

SOBOTA, ROK SZKOLNY

5	18
6	25
7	54
8	
9	20
10	34
11	50
12	
13	09
14	20
15	39
16	55
17	
18	20
19	38
20	50
21	
22	02

DZIEŃ ŚWIĄTECZNY, ROK SZKOLNY

5	
6	25
7	42
8	
9	07
10	23
11	38
12	
13	00
14	22
15	47
16	
17	12
18	26
19	50
20	
21	05
22	13

WIGILIA I SYLWESTER

5	17 43
6	27 55
7	12 39 56
8	39
9	02 27
10	07 53
11	37
12	22
13	09 44
14	32 52
15	10 56
16	15 35
17	29 45
18	06
19	01 37
20	
21	
22	

WIELKANOC,BOŻE NARODZENIE,NOWY ROK

5	
6	
7	54
8	
9	20
10	36
11	52
12	
13	11
14	24
15	40
16	56
17	
18	20
19	40
20	50
21	
22	

DZIEŃ SPECJALNY

5	17 43
6	27 51
7	12 39 56
8	39
9	02 27
10	07 53
11	37
12	22
13	09 44
14	32 52
15	10 56
16	15 35
17	29 45
18	06
19	01 37
20	19 55
21	
22	09

