ZEMBORZYCE GÓRNE - KRĘŻNICKA - JANOWSKA - NADBYSTRZYCKA - NARUTOWICZA - OKOPOWA - OKOPOWA

DZIEŃ POWSZEDNI, ROK SZKOLNY

5	15 41
6	25 51
7	08 35 52
8	35 58
9	23
10	03 49
11	33
12	18
13	05 40
14	28 48
15	06 52
16	11 31
17	25 41
18	02 57
19	33
20	15 51
21	
22	07

SOBOTA, ROK SZKOLNY

5	16
6	23
7	50
8	
9	16
10	30
11	46
12	
13	05
14	16
15	35
16	51
17	
18	16
19	34
20	46
21	59
22	

DZIEŃ ŚWIĄTECZNY, ROK SZKOLNY

5	
6	23
7	38
8	
9	03
10	19
11	34
12	56
13	
14	18
15	43
16	
17	08
18	22
19	46
20	
21	01
22	11

WIGILIA I SYLWESTER

5	15 41
6	25 51
7	08 35 52
8	35 58
9	23
10	03 49
11	33
12	18
13	05 40
14	28 48
15	06 52
16	11 31
17	25 41
18	02 57
19	33
20	
21	
22	

WIELKANOC,BOŻE NARODZENIE,NOWY ROK

5	
6	
7	50
8	
9	16
10	32
11	48
12	
13	07
14	20
15	36
16	52
17	
18	16
19	36
20	46
21	
22	

DZIEŃ SPECJALNY

5	15 41
6	25 49
7	08 35 52
8	35 58
9	23
10	03 49
11	33
12	18
13	05 40
14	28 48
15	06 52
16	11 31
17	25 41
18	02 57
19	33
20	15 51
21	
22	07

