ZEMBORZYCE GÓRNE - KRĘŻNICKA - JANOWSKA - NADBYSTRZYCKA - NARUTOWICZA - OKOPOWA - OKOPOWA

DZIEŃ POWSZEDNI, ROK SZKOLNY

5	21 47
6	31
7	01 18 45
8	02 45
9	08 33
10	13 59
11	43
12	28
13	15 50
14	39 59
15	17
16	03 22 42
17	36 52
18	10
19	05 41
20	23 59
21	
22	13

SOBOTA, ROK SZKOLNY

5	22
6	29
7	59
8	
9	25
10	39
11	55
12	
13	14
14	25
15	44
16	
17	00
18	24
19	42
20	54
21	
22	06

DZIEŃ ŚWIĄTECZNY, ROK SZKOLNY

5	
6	29
7	47
8	
9	12
10	28
11	43
12	
13	05
14	27
15	52
16	
17	17
18	30
19	54
20	
21	09
22	17

WIGILIA I SYLWESTER

5	21 47
6	31
7	01 18 45
8	02 45
9	08 33
10	13 59
11	43
12	28
13	15 50
14	39 59
15	17
16	03 22 42
17	36 52
18	10
19	05 41
20	
21	
22	

WIELKANOC,BOŻE NARODZENIE,NOWY ROK

5	
6	
7	59
8	
9	25
10	41
11	57
12	
13	16
14	29
15	45
16	
17	01
18	24
19	44
20	54
21	
22	

DZIEŃ SPECJALNY

5	21 47
6	31 55
7	17 44
8	01 44
9	07 32
10	12 58
11	42
12	27
13	14 49
14	37 57
15	15
16	01 20 40
17	34 50
18	10
19	05 41
20	23 59
21	
22	13

