MEŁGIEWSKA - CHŁODNIA - MEŁGIEWSKA - AL. ANDERSA - LWOWSKA - AL. TYSIĄCLECIA - 3 MAJA - AL. RACŁAWICKIE - GŁĘBOKA - WILEŃSKA - B. M. CASSINO - AL. KRAŚNICKA - WĘGLIN

DZIEŃ POWSZEDNI, ROK SZKOLNY

4	49
5	07 15 35. 53
6	02. 11 18 25. 38 51
7	01 15 28. 39 50
8	01. 11 21 31. 41 53
9	04 18 29. 39 50
10	01. 15 21 43
11	09 18 28. 40 53
12	06. 19 32 58
13	11 24 37. 49
14	02 13. 25 41 52.
15	05 22 34 44. 57
16	10 23. 40 49
17	02. 19 28 54.
18	05 18 30. 55
19	19 32 50.
20	06 27 50
21	14 37
22	03 29

SOBOTA, ROK SZKOLNY

4	42
5	14 22 43 57
6	12 29. 44
7	08 29 45
8	05 31. 51
9	08 26 45
10	02 21. 40 57
11	16 35 53
12	11. 31 51
13	11 28 46
14	04. 24 39 56
15	16 33 52.
16	11 29 46
17	11 36 53.
18	07 25 44
19	04 23 40.
20	02 25 36
21	09 46
22	20

DZIEŃ ŚWIĄTECZNY, ROK SZKOLNY

4	57
5	37
6	19 41
7	26
8	05 41
9	25
10	04 38
11	12 52
12	29
13	06 44
14	22 57
15	35
16	09 48
17	31
18	09 46
19	21 55
20	35
21	10 45
22	23

WIELKANOC,BOŻE NARODZENIE,NOWY ROK

4	55
5	29
6	26
7	34
8	29
9	34
10	28
11	27
12	18
13	17
14	26
15	18
16	16
17	13
18	14
19	06 59
20	50
21	39
22	26

