MEŁGIEWSKA - CHŁODNIA - MEŁGIEWSKA - AL. ANDERSA - LWOWSKA - AL. TYSIĄCLECIA - 3 MAJA - AL. RACŁAWICKIE - GŁĘBOKA - WILEŃSKA - B. M. CASSINO - AL. KRAŚNICKA - WĘGLIN

DZIEŃ POWSZEDNI, ROK SZKOLNY

4	55
5	13 21 41. 59
6	08. 17 24 31. 48
7	01 11 25 38. 49
8	00 11. 21 31 41. 51
9	03 14 28 39. 49
10	00 11. 25 31 53
11	19 28 38. 50
12	03 16. 29 42
13	08 21 34 47. 59
14	13 24. 36 52
15	03. 16 33 45 55.
16	08 21 34. 51
17	00 13. 30 39
18	04. 13 26 38.
19	03 27 40 58.
20	14 35 58
21	22 45
22	09 35

SOBOTA, ROK SZKOLNY

4	48
5	20 28 49
6	03 18 35. 50
7	17 38 54
8	14 40.
9	00 17 35 54
10	11 30. 49
11	06 25 44
12	02 20. 40
13	00 20 37 55
14	13. 33 48
15	05 25 42
16	01. 20 38 55
17	20 45
18	02. 14 32 51
19	11 30 47.
20	09 32 43
21	16 53
22	26

DZIEŃ ŚWIĄTECZNY, ROK SZKOLNY

4	
5	03 43
6	25 47
7	35
8	14 50
9	34
10	13 47
11	21
12	01 38
13	15 53
14	31
15	06 44
16	18 57
17	40
18	16 53
19	28
20	02 42
21	17 52
22	29

WIELKANOC,BOŻE NARODZENIE,NOWY ROK

4	
5	01 35
6	32
7	43
8	38
9	43
10	37
11	36
12	27
13	26
14	35
15	27
16	25
17	22
18	21
19	13
20	06 57
21	46
22	32

