MEŁGIEWSKA - CHŁODNIA - MEŁGIEWSKA - AL. ANDERSA - LWOWSKA - AL. TYSIĄCLECIA - 3 MAJA - AL. RACŁAWICKIE - GŁĘBOKA - WILEŃSKA - B. M. CASSINO - AL. KRAŚNICKA - WĘGLIN

DZIEŃ POWSZEDNI, ROK SZKOLNY

4	54
5	12 20 40. 58
6	07. 16 23 30. 47
7	00 10 24 37. 48 59
8	10. 20 30 40. 50
9	02 13 27 38. 48 59
10	10. 24 30 52
11	18 27 37. 49
12	02 15. 28 41
13	07 20 33 46. 58
14	12 23. 35 51
15	02. 15 32 44 54.
16	07 20 33. 50 59
17	12. 29 38
18	03. 12 25 37.
19	02 26 39 57.
20	13 34 57
21	21 44
22	08 34

SOBOTA, ROK SZKOLNY

4	47
5	19 27 48
6	02 17 34. 49
7	16 37 53
8	13 39. 59
9	16 34 53
10	10 29. 48
11	05 24 43
12	01 19. 39 59
13	19 36 54
14	12. 32 47
15	04 24 41
16	00. 19 37 54
17	19 44
18	01. 13 31 50
19	10 29 46.
20	08 31 42
21	15 52
22	25

DZIEŃ ŚWIĄTECZNY, ROK SZKOLNY

4	
5	02 42
6	24 46
7	34
8	13 49
9	33
10	12 46
11	20
12	00 37
13	14 52
14	30
15	05 43
16	17 56
17	39
18	15 52
19	27
20	01 41
21	16 51
22	28

WIELKANOC,BOŻE NARODZENIE,NOWY ROK

4	
5	00 34
6	31
7	42
8	37
9	42
10	36
11	35
12	26
13	25
14	34
15	26
16	24
17	21
18	20
19	12
20	05 56
21	45
22	31

