MEŁGIEWSKA - CHŁODNIA - MEŁGIEWSKA - AL. ANDERSA - LWOWSKA - AL. TYSIĄCLECIA - 3 MAJA - AL. RACŁAWICKIE - GŁĘBOKA - WILEŃSKA - B. M. CASSINO - AL. KRAŚNICKA - WĘGLIN

DZIEŃ POWSZEDNI, ROK SZKOLNY

4	51
5	19. 37 46. 55
6	09. 19 29 39 53
7	06. 17 28 39. 49 59
8	09. 19 31 42 56
9	07. 17 28 39. 53 59
10	21 47 56
11	06. 18 31 44. 57
12	10 36 49
13	02 15. 27 40 51.
14	03 19 30. 43
15	00 12 22. 35 48
16	01. 18 27 40. 57
17	06 32. 45 58
18	10. 35 59
19	12 30. 46
20	07 30 54
21	17 43
22	13

SOBOTA, ROK SZKOLNY

4	
5	06 27 41 56
6	13. 28 50
7	08 24 44
8	10. 30 47
9	05 24 41
10	00. 19 36 55
11	14 32 50.
12	10 30 50
13	07 25 43.
14	03 18 35 55
15	12 31. 50
16	08 25 50
17	15 32. 48
18	06 25 45
19	04 21. 43
20	06 17 50
21	27
22	04

DZIEŃ ŚWIĄTECZNY, ROK SZKOLNY

4	
5	21
6	03 25
7	05 44
8	20
9	04 43
10	17 51
11	31
12	08 45
13	23
14	01 36
15	14 48
16	27
17	10 50
18	27
19	02 36
20	16 51
21	26
22	07

WIELKANOC,BOŻE NARODZENIE,NOWY ROK

4	
5	13
6	10
7	13
8	08
9	13
10	07
11	06 57
12	56
13	
14	05 57
15	55
16	52
17	55
18	47
19	40
20	31
21	20
22	10

