MEŁGIEWSKA - CHŁODNIA - MEŁGIEWSKA - AL. ANDERSA - LWOWSKA - AL. TYSIĄCLECIA - 3 MAJA - AL. RACŁAWICKIE - GŁĘBOKA - WILEŃSKA - B. M. CASSINO - AL. KRAŚNICKA - WĘGLIN

DZIEŃ POWSZEDNI, ROK SZKOLNY

4	52
5	20. 38 47. 56
6	10. 20 30 40 54
7	07. 18 29 40. 50
8	00 10. 20 32 43 57
9	08. 18 29 40. 54
10	00 22 48 57
11	07. 19 32 45. 58
12	11 37 50
13	03 16. 28 41 52.
14	04 20 31. 44
15	01 13 23. 36 49
16	02. 19 28 41. 58
17	07 33. 46 59
18	11. 36
19	00 13 31. 47
20	08 31 55
21	18 44
22	14

SOBOTA, ROK SZKOLNY

4	
5	07 28 42 57
6	14. 29 51
7	09 25 45
8	11. 31 48
9	06 25 42
10	01. 20 37 56
11	15 33 51.
12	11 31 51
13	08 26 44.
14	04 19 36 56
15	13 32. 51
16	09 26 51
17	16 33. 49
18	07 26 46
19	05 22. 44
20	07 18 51
21	28
22	05

DZIEŃ ŚWIĄTECZNY, ROK SZKOLNY

4	
5	22
6	04 26
7	06 45
8	21
9	05 44
10	18 52
11	32
12	09 46
13	24
14	02 37
15	15 49
16	28
17	11 51
18	28
19	03 37
20	17 52
21	27
22	08

WIELKANOC,BOŻE NARODZENIE,NOWY ROK

4	
5	14
6	11
7	14
8	09
9	14
10	08
11	07 58
12	57
13	
14	06 58
15	56
16	53
17	56
18	48
19	41
20	32
21	21
22	11

