OS.PORĘBA - GRANITOWA - JANA PAWŁA II - ROZTOCZE - WIELKOPOLSKA - ROZTOCZE - AL. KRAŚNICKA - B. M. CASSINO - ZANA - NADBYSTRZYCKA - KROCHMALNA - PLAC DWORCOWY - WOLSKA - DROGA M. MAJDANKA - DOŚWIADCZALNA - FELIN

DZIEŃ POWSZEDNI, ROK SZKOLNY

5	42
6	04 29
7	02 26 51
8	11 34
9	01 32 57
10	22 46
11	12 37
12	02 27 52
13	17 42
14	08 33 57
15	25 48
16	14 42
17	07 32
18	03 24 48
19	20 42
20	12 42
21	12 37
22	01 20 45
23	17

SOBOTA, ROK SZKOLNY

5	45
6	44
7	31
8	00 38
9	28
10	02 38
11	17 57
12	38
13	18 57
14	38
15	18 58
16	38
17	14 58
18	37
19	09 46
20	26
21	00 35
22	04 34
23	19

DZIEŃ ŚWIĄTECZNY, ROK SZKOLNY

5	45
6	44
7	30 59
8	38
9	28
10	02 38
11	17 57
12	38
13	18 57
14	38
15	18 58
16	38
17	14 58
18	37
19	09 46
20	26
21	06 35
22	04 41
23	19

WSZYSTKICH ŚWIĘTYCH

5	42
6	04 27 50
7	19 47
8	07 31 58
9	29 54
10	19 44
11	09 34 59
12	24 49
13	14 39
14	04 29 54
15	21 44
16	10 38
17	03 28 59
18	22 52
19	19 41
20	11 40
21	10 35
22	00 19 44
23	16

WIGILIA I SYLWESTER

5	42
6	04 29
7	02 26 51
8	11 34
9	01 32 57
10	22 46
11	12 37
12	02 27 52
13	17 42
14	08 33 57
15	25 48
16	14 42
17	07 32
18	03 24 48
19	20 42
20	12
21	37
22	
23	17

WIELKANOC,BOŻE NARODZENIE,NOWY ROK

5	
6	
7	57
8	52
9	56
10	48
11	43
12	36
13	33
14	28
15	23
16	18
17	13
18	14
19	06 56
20	55
21	45
22	34
23	

