OS.PORĘBA - GRANITOWA - JANA PAWŁA II - ROZTOCZE - WIELKOPOLSKA - ROZTOCZE - AL. KRAŚNICKA - B. M. CASSINO - ZANA - NADBYSTRZYCKA - KROCHMALNA - PLAC DWORCOWY - WOLSKA - DROGA M. MAJDANKA - DOŚWIADCZALNA - FELIN

DZIEŃ POWSZEDNI, ROK SZKOLNY

5	43
6	05 30
7	03 27 52
8	12 35
9	02 33 58
10	23 47
11	13 38
12	03 28 53
13	18 43
14	09 34 58
15	26 49
16	15 43
17	08 33
18	04 25 49
19	21 43
20	13 43
21	13 38
22	02 21 46
23	18

SOBOTA, ROK SZKOLNY

5	46
6	45
7	32
8	01 39
9	29
10	03 39
11	18 58
12	39
13	19 58
14	39
15	19 59
16	39
17	15 59
18	38
19	10 47
20	27
21	01 36
22	05 35
23	20

DZIEŃ ŚWIĄTECZNY, ROK SZKOLNY

5	46
6	45
7	31
8	00 39
9	29
10	03 39
11	18 58
12	39
13	19 58
14	39
15	19 59
16	39
17	15 59
18	38
19	10 47
20	27
21	07 36
22	05 42
23	20

WSZYSTKICH ŚWIĘTYCH

5	43
6	05 28 51
7	20 48
8	08 32 59
9	30 55
10	20 45
11	10 35
12	00 25 50
13	15 40
14	05 30 55
15	22 45
16	11 39
17	04 29
18	00 23 53
19	20 42
20	12 41
21	11 36
22	01 20 45
23	17

WIGILIA I SYLWESTER

5	43
6	05 30
7	03 27 52
8	12 35
9	02 33 58
10	23 47
11	13 38
12	03 28 53
13	18 43
14	09 34 58
15	26 49
16	15 43
17	08 33
18	04 25 49
19	21 43
20	13
21	38
22	
23	18

WIELKANOC,BOŻE NARODZENIE,NOWY ROK

5	
6	
7	58
8	53
9	57
10	49
11	44
12	37
13	34
14	29
15	24
16	19
17	14
18	15
19	07 57
20	56
21	46
22	35
23	

