OS.PORĘBA - GRANITOWA - JANA PAWŁA II - ROZTOCZE - WIELKOPOLSKA - ROZTOCZE - AL. KRAŚNICKA - B. M. CASSINO - ZANA - NADBYSTRZYCKA - KROCHMALNA - PLAC DWORCOWY - WOLSKA - DROGA M. MAJDANKA - DOŚWIADCZALNA - FELIN

DZIEŃ POWSZEDNI, ROK SZKOLNY

5	35 57
6	22 51
7	15 40
8	00 23 50
9	21 46
10	11 35
11	01 26 51
12	16 41
13	06 31 56
14	21 45
15	13 36
16	02 30 55
17	20 51
18	14 38
19	10 32
20	02 32
21	02 27 52
22	13 38
23	10

SOBOTA, ROK SZKOLNY

5	38
6	37
7	21 50
8	28
9	18 52
10	28
11	07 47
12	28
13	08 47
14	28
15	08 48
16	28
17	04 48
18	28
19	00 37
20	17 51
21	26 56
22	27
23	12

DZIEŃ ŚWIĄTECZNY, ROK SZKOLNY

5	38
6	37
7	20 49
8	28
9	18 52
10	28
11	07 47
12	28
13	08 47
14	28
15	08 48
16	28
17	04 48
18	28
19	00 37
20	17 57
21	26 56
22	34
23	12

WSZYSTKICH ŚWIĘTYCH

5	35 57
6	20 43
7	09 37 57
8	21 48
9	19 44
10	09 34 59
11	24 49
12	14 39
13	04 29 54
14	19 44
15	11 34
16	00 28 53
17	18 49
18	13 43
19	10 32
20	02 31
21	01 26 51
22	12 37
23	09

WIGILIA I SYLWESTER

5	35 57
6	22 51
7	15 40
8	00 23 50
9	21 46
10	11 35
11	01 26 51
12	16 41
13	06 31 56
14	21 45
15	13 36
16	02 30 55
17	20 51
18	14 38
19	10 32
20	02
21	27
22	
23	10

WIELKANOC,BOŻE NARODZENIE,NOWY ROK

5	
6	
7	47
8	42
9	46
10	38
11	33
12	26
13	23
14	18
15	13
16	08
17	03
18	05 57
19	47
20	46
21	36
22	27
23	

