OS.PORĘBA - GRANITOWA - JANA PAWŁA II - ROZTOCZE - WIELKOPOLSKA - ROZTOCZE - AL. KRAŚNICKA - B. M. CASSINO - ZANA - NADBYSTRZYCKA - KROCHMALNA - PLAC DWORCOWY - WOLSKA - DROGA M. MAJDANKA - DOŚWIADCZALNA - FELIN

DZIEŃ POWSZEDNI, ROK SZKOLNY

5	41
6	03 28
7	00 24 49
8	09 32 59
9	30 55
10	20 44
11	10 35
12	00 25 50
13	15 40
14	06 31 55
15	23 46
16	12 40
17	05 30
18	01 22 46
19	18 40
20	10 40
21	10 35
22	00 19 44
23	16

SOBOTA, ROK SZKOLNY

5	44
6	43
7	29 58
8	36
9	26
10	00 36
11	15 55
12	36
13	16 55
14	36
15	16 56
16	36
17	12 56
18	35
19	07 44
20	24 58
21	33
22	03 33
23	18

DZIEŃ ŚWIĄTECZNY, ROK SZKOLNY

5	44
6	43
7	28 57
8	36
9	26
10	00 36
11	15 55
12	36
13	16 55
14	36
15	16 56
16	36
17	12 56
18	35
19	07 44
20	24
21	04 33
22	03 40
23	18

WSZYSTKICH ŚWIĘTYCH

5	41
6	03 26 49
7	17 45
8	05 29 56
9	27 52
10	17 42
11	07 32 57
12	22 47
13	12 37
14	02 27 52
15	19 42
16	08 36
17	01 26 57
18	20 50
19	17 39
20	09 38
21	08 33 58
22	18 43
23	15

WIGILIA I SYLWESTER

5	41
6	03 28
7	00 24 49
8	09 32 59
9	30 55
10	20 44
11	10 35
12	00 25 50
13	15 40
14	06 31 55
15	23 46
16	12 40
17	05 30
18	01 22 46
19	18 40
20	10
21	35
22	
23	16

WIELKANOC,BOŻE NARODZENIE,NOWY ROK

5	
6	
7	55
8	50
9	54
10	46
11	41
12	34
13	31
14	26
15	21
16	16
17	11
18	12
19	04 54
20	53
21	43
22	33
23	

