OS.PORĘBA - GRANITOWA - JANA PAWŁA II - ROZTOCZE - WIELKOPOLSKA - ROZTOCZE - AL. KRAŚNICKA - B. M. CASSINO - ZANA - NADBYSTRZYCKA - KROCHMALNA - PLAC DWORCOWY - WOLSKA - DROGA M. MAJDANKA - DOŚWIADCZALNA - FELIN

DZIEŃ POWSZEDNI, ROK SZKOLNY

5	28 50
6	15 41
7	05 30 50
8	13 40
9	11 36
10	01 25 51
11	16 41
12	06 31 56
13	21 46
14	11 35
15	03 26 52
16	20 45
17	10 41
18	06 30
19	02 24 54
20	24 54
21	19 44
22	06 31
23	03

SOBOTA, ROK SZKOLNY

5	31
6	30
7	12 41
8	19
9	09 43
10	19 58
11	38
12	19 59
13	38
14	19 59
15	39
16	19 55
17	39
18	20 52
19	29
20	09 43
21	18 48
22	20
23	05

DZIEŃ ŚWIĄTECZNY, ROK SZKOLNY

5	31
6	30
7	11 40
8	19
9	09 43
10	19 58
11	38
12	19 59
13	38
14	19 59
15	39
16	19 55
17	39
18	20 52
19	29
20	09 49
21	18 48
22	27
23	05

WSZYSTKICH ŚWIĘTYCH

5	28 50
6	13 36
7	00 28 48
8	12 39
9	10 35
10	00 25 50
11	15 40
12	05 30 55
13	20 45
14	10 35
15	02 25 51
16	19 44
17	09 40
18	05 35
19	02 24 54
20	23 53
21	18 43
22	05 30
23	02

WIGILIA I SYLWESTER

5	28 50
6	15 41
7	05 30 50
8	13 40
9	11 36
10	01 25 51
11	16 41
12	06 31 56
13	21 46
14	11 35
15	03 26 52
16	20 45
17	10 41
18	06 30
19	02 24 54
20	
21	19
22	
23	03

WIELKANOC,BOŻE NARODZENIE,NOWY ROK

5	
6	
7	38
8	33
9	37
10	29
11	24
12	17
13	14
14	09
15	04 59
16	54
17	57
18	49
19	39
20	38
21	28
22	20
23	

