OS.PORĘBA - GRANITOWA - JANA PAWŁA II - ROZTOCZE - WIELKOPOLSKA - ROZTOCZE - AL. KRAŚNICKA - B. M. CASSINO - ZANA - NADBYSTRZYCKA - KROCHMALNA - PLAC DWORCOWY - WOLSKA - DROGA M. MAJDANKA - DOŚWIADCZALNA - FELIN

DZIEŃ POWSZEDNI, ROK SZKOLNY

5	27 49
6	14 39
7	03 28 48
8	11 38
9	09 34 59
10	23 49
11	14 39
12	04 29 54
13	19 44
14	09 33
15	01 24 50
16	18 43
17	08 39
18	04 28
19	00 22 52
20	22 52
21	17 42
22	05 30
23	02

SOBOTA, ROK SZKOLNY

5	30
6	29
7	10 39
8	17
9	07 41
10	17 56
11	36
12	17 57
13	36
14	17 57
15	37
16	17 53
17	37
18	18 50
19	27
20	07 41
21	16 46
22	19
23	04

DZIEŃ ŚWIĄTECZNY, ROK SZKOLNY

5	30
6	29
7	09 38
8	17
9	07 41
10	17 56
11	36
12	17 57
13	36
14	17 57
15	37
16	17 53
17	37
18	18 50
19	27
20	07 47
21	16 46
22	26
23	04

WSZYSTKICH ŚWIĘTYCH

5	27 49
6	12 35 59
7	26 46
8	10 37
9	08 33 58
10	23 48
11	13 38
12	03 28 53
13	18 43
14	08 33
15	00 23 49
16	17 42
17	07 38
18	03 33
19	00 22 52
20	21 51
21	16 41
22	04 29
23	01

WIGILIA I SYLWESTER

5	27 49
6	14 39
7	03 28 48
8	11 38
9	09 34 59
10	23 49
11	14 39
12	04 29 54
13	19 44
14	09 33
15	01 24 50
16	18 43
17	08 39
18	04 28
19	00 22 52
20	
21	17
22	
23	02

WIELKANOC,BOŻE NARODZENIE,NOWY ROK

5	
6	
7	36
8	31
9	35
10	27
11	22
12	15
13	12
14	07
15	02 57
16	52
17	55
18	47
19	37
20	36
21	26
22	19
23	

