OS.PORĘBA - GRANITOWA - JANA PAWŁA II - ROZTOCZE - WIELKOPOLSKA - ROZTOCZE - AL. KRAŚNICKA - B. M. CASSINO - ZANA - NADBYSTRZYCKA - KROCHMALNA - PLAC DWORCOWY - WOLSKA - DROGA M. MAJDANKA - DOŚWIADCZALNA - FELIN

DZIEŃ POWSZEDNI, ROK SZKOLNY

5	26 48
6	13 38
7	02 27 47
8	10 37
9	08 33 58
10	22 48
11	13 38
12	03 28 53
13	18 43
14	08 32
15	00 23 49
16	17 42
17	07 38
18	03 27 59
19	21 51
20	21 51
21	16 41
22	04 29
23	01

SOBOTA, ROK SZKOLNY

5	29
6	28
7	09 38
8	16
9	06 40
10	16 55
11	35
12	16 56
13	35
14	16 56
15	36
16	16 52
17	36
18	17 49
19	26
20	06 40
21	15 45
22	18
23	03

DZIEŃ ŚWIĄTECZNY, ROK SZKOLNY

5	29
6	28
7	08 37
8	16
9	06 40
10	16 55
11	35
12	16 56
13	35
14	16 56
15	36
16	16 52
17	36
18	17 49
19	26
20	06 46
21	15 45
22	25
23	03

WSZYSTKICH ŚWIĘTYCH

5	26 48
6	11 34 58
7	25 45
8	09 36
9	07 32 57
10	22 47
11	12 37
12	02 27 52
13	17 42
14	07 32 59
15	22 48
16	16 41
17	06 37
18	02 32 59
19	21 51
20	20 50
21	15 40
22	03 28
23	00

WIGILIA I SYLWESTER

5	26 48
6	13 38
7	02 27 47
8	10 37
9	08 33 58
10	22 48
11	13 38
12	03 28 53
13	18 43
14	08 32
15	00 23 49
16	17 42
17	07 38
18	03 27 59
19	21 51
20	
21	16
22	
23	01

WIELKANOC,BOŻE NARODZENIE,NOWY ROK

5	
6	
7	35
8	30
9	34
10	26
11	21
12	14
13	11
14	06
15	01 56
16	51
17	54
18	46
19	36
20	35
21	25
22	18
23	

