MAJDANEK - DROGA M. MAJDANKA - FABRYCZNA - AL. ZYGMUNTOWSKIE - AL. PIŁSUDSKIEGO - LIPOWA - AL. RACŁAWICKIE - AL. KRAŚNICKA - ZANA - ZANA ZUS

DZIEŃ POWSZEDNI, ROK SZKOLNY

4	
5	01 21 41
6	01 11 23 30 40 50
7	00 10 20 30 40 50
8	00 10 20 30 40 53
9	06 16 26 36 46 55
10	06 16 26 36 46 56
11	06 16 26 36 46 56
12	06 16 26 36 46 56
13	06 16 26 36 44
14	01 11 21 31 41 51
15	01 11 21 31 41 51
16	01 11 21 31 41 54
17	05 16 25 35 45 56
18	05 25 45
19	05 25 47
20	09 29 59
21	29
22	10

SOBOTA, ROK SZKOLNY

4	59
5	29 59
6	21 41
7	00 20 40
8	00 20 40
9	00 20 40
10	00 20 40 59
11	19 39 59
12	19 39 59
13	19 39 59
14	19 39 59
15	19 39 59
16	19 39 59
17	19 39 59
18	19 39 59
19	19 39 59
20	29 59
21	29 59
22	19

DZIEŃ ŚWIĄTECZNY, ROK SZKOLNY

4	
5	29 59
6	29 59
7	29 59
8	29 59
9	29 59
10	29 59
11	19 39 59
12	19 39 59
13	19 39 59
14	19 39 59
15	19 39
16	00 20 40
17	00 20 40
18	00 20 40
19	00 20 40
20	04 29 59
21	29 59
22	20

WSZYSTKICH ŚWIĘTYCH

4	
5	29 59
6	29 59
7	29 59
8	29 46 59
9	16 29 46 59
10	16 29 46 59
11	08 19 28 39 48 59
12	08 19 28 39 48 59
13	08 19 28 39 48 59
14	08 19 28 39 48 59
15	08 19 28 39 48
16	00 08 20 28 40 48
17	00 08 20 40 48
18	00 08 20 40
19	00 20 40
20	04 29 59
21	29 59
22	20

WIGILIA I SYLWESTER

4	
5	01 21 41
6	01 11 23 30 40 50
7	00 10 20 30 40 50
8	00 10 20 30 40 53
9	06 16 26 36 46 55
10	06 16 26 36 46 56
11	06 16 26 36 46 56
12	06 16 26 36 46 56
13	06 16 26 36 44
14	01 11 21 31 41 51
15	01 11 21 31 41 51
16	01 11 21 31 41 54
17	05 16 25 35 45 56
18	05 25 45
19	05 25 47
20	
21	
22	

WIELKANOC,BOŻE NARODZENIE,NOWY ROK

4	
5	
6	
7	20
8	05
9	00 45
10	30
11	15
12	00 45
13	30
14	15
15	00 45
16	30
17	25
18	10 55
19	40
20	25
21	10 55
22	35

