MAJDANEK - DROGA M. MAJDANKA - FABRYCZNA - AL. ZYGMUNTOWSKIE - AL. PIŁSUDSKIEGO - LIPOWA - AL. RACŁAWICKIE - AL. KRAŚNICKA - ZANA - ZANA ZUS

DZIEŃ POWSZEDNI, ROK SZKOLNY

5	02 22 42
6	02 12 24 31 41 51
7	01 11 21 31 41 51
8	01 11 21 31 41 54
9	07 17 27 37 47 56
10	07 17 27 37 47 57
11	07 17 27 37 47 57
12	07 17 27 37 47 57
13	07 17 27 37 45
14	02 12 22 32 42 52
15	02 12 22 32 42 52
16	02 12 22 32 42 55
17	06 17 26 36 46 57
18	06 26 46
19	06 26 48
20	10 30
21	00 30
22	11

SOBOTA, ROK SZKOLNY

5	00 30
6	00 22 42
7	01 21 41
8	01 21 41
9	01 21 41
10	01 21 41
11	00 20 40
12	00 20 40
13	00 20 40
14	00 20 40
15	00 20 40
16	00 20 40
17	00 20 40
18	00 20 40
19	00 20 40
20	00 30
21	00 30
22	00 20

DZIEŃ ŚWIĄTECZNY, ROK SZKOLNY

5	30
6	00 30
7	00 30
8	00 30
9	00 30
10	00 30
11	00 20 40
12	00 20 40
13	00 20 40
14	00 20 40
15	00 20 40
16	01 21 41
17	01 21 41
18	01 21 41
19	01 21 41
20	05 30
21	00 30
22	00 21

WSZYSTKICH ŚWIĘTYCH

5	30
6	00 30
7	00 30
8	00 30 47
9	00 17 30 47
10	00 17 30 47
11	00 09 20 29 40 49
12	00 09 20 29 40 49
13	00 09 20 29 40 49
14	00 09 20 29 40 49
15	00 09 20 29 40 49
16	01 09 21 29 41 49
17	01 09 21 41 49
18	01 09 21 41
19	01 21 41
20	05 30
21	00 30
22	00 21

WIGILIA I SYLWESTER

5	02 22 42
6	02 12 24 31 41 51
7	01 11 21 31 41 51
8	01 11 21 31 41 54
9	07 17 27 37 47 56
10	07 17 27 37 47 57
11	07 17 27 37 47 57
12	07 17 27 37 47 57
13	07 17 27 37 45
14	02 12 22 32 42 52
15	02 12 22 32 42 52
16	02 12 22 32 42 55
17	06 17 26 36 46 57
18	06 26 46
19	06 26 48
20	
21	
22	

WIELKANOC,BOŻE NARODZENIE,NOWY ROK

5	
6	
7	21
8	06
9	01 46
10	31
11	16
12	01 46
13	31
14	16
15	01 46
16	31
17	26
18	11 56
19	41
20	26
21	11 56
22	36

