MAJDANEK - DROGA M. MAJDANKA - FABRYCZNA - AL. ZYGMUNTOWSKIE - AL. PIŁSUDSKIEGO - LIPOWA - AL. RACŁAWICKIE - AL. KRAŚNICKA - ZANA - ZANA ZUS

DZIEŃ POWSZEDNI, ROK SZKOLNY

5	03 23 43
6	03 13 25 33 43 53
7	03 13 23 33 43 53
8	03 13 23 33 43 56
9	09 19 29 39 49 58
10	09 19 29 39 49 59
11	09 19 29 39 49 59
12	09 19 29 39 49 59
13	09 19 29 39 47
14	04 14 24 34 44 54
15	04 14 24 34 44 54
16	04 14 24 34 44 57
17	08 19 28 38 48 59
18	08 28 48
19	08 28 50
20	11 31
21	01 31
22	12

SOBOTA, ROK SZKOLNY

5	01 31
6	01 23 43
7	02 22 42
8	02 22 42
9	02 22 42
10	02 22 42
11	02 22 42
12	02 22 42
13	02 22 42
14	02 22 42
15	01 21 41
16	01 21 41
17	01 21 41
18	01 21 41
19	01 21 41
20	01 31
21	01 31
22	01 21

DZIEŃ ŚWIĄTECZNY, ROK SZKOLNY

5	31
6	01 31
7	01 31
8	01 31
9	01 31
10	01 31
11	02 22 42
12	02 22 42
13	02 22 42
14	02 22 42
15	02 22 42
16	02 22 42
17	02 22 42
18	02 22 42
19	02 22 42
20	06 31
21	01 31
22	01 22

WSZYSTKICH ŚWIĘTYCH

5	31
6	01 31
7	01 31
8	01 31 48
9	01 18 31 48
10	01 18 31 48
11	02 11 22 31 42 51
12	02 11 22 31 42 51
13	02 11 22 31 42 51
14	02 11 22 31 42 51
15	02 11 22 31 42 51
16	02 10 22 30 42 50
17	02 10 22 42 50
18	02 10 22 42
19	02 22 42
20	06 31
21	01 31
22	01 22

WIGILIA I SYLWESTER

5	03 23 43
6	03 13 25 33 43 53
7	03 13 23 33 43 53
8	03 13 23 33 43 56
9	09 19 29 39 49 58
10	09 19 29 39 49 59
11	09 19 29 39 49 59
12	09 19 29 39 49 59
13	09 19 29 39 47
14	04 14 24 34 44 54
15	04 14 24 34 44 54
16	04 14 24 34 44 57
17	08 19 28 38 48 59
18	08 28 48
19	08 28 50
20	
21	
22	

WIELKANOC,BOŻE NARODZENIE,NOWY ROK

5	
6	
7	22
8	07
9	02 47
10	32
11	18
12	03 48
13	33
14	18
15	03 48
16	32
17	27
18	12 57
19	42
20	27
21	12 57
22	37

