MAJDANEK - DROGA M. MAJDANKA - FABRYCZNA - AL. ZYGMUNTOWSKIE - AL. PIŁSUDSKIEGO - LIPOWA - AL. RACŁAWICKIE - AL. KRAŚNICKA - ZANA - ZANA ZUS

DZIEŃ POWSZEDNI, ROK SZKOLNY

5	13 33 53
6	13 23 35 45 55
7	05 15 25 35 45 55
8	05 15 25 35 45 55
9	07 20 30 40 50
10	00 09 20 30 40 50
11	00 10 20 30 40 50
12	00 10 20 30 40 50
13	00 10 20 30 40 50 58
14	18 28 38 48 58
15	08 18 28 38 48 58
16	08 18 28 38 48 58
17	09 19 30 39 49 59
18	10 19 39 59
19	19 39
20	01 21 41
21	11 41
22	22

SOBOTA, ROK SZKOLNY

5	11 41
6	11 33 53
7	12 32 52
8	12 32 52
9	12 32 52
10	12 32 52
11	12 32 52
12	12 32 52
13	12 32 52
14	12 32 52
15	11 31 51
16	11 31 51
17	11 31 51
18	11 31 51
19	11 31 51
20	11 41
21	11 41
22	11 31

DZIEŃ ŚWIĄTECZNY, ROK SZKOLNY

5	41
6	11 41
7	11 41
8	11 41
9	11 41
10	11 41
11	12 32 52
12	12 32 52
13	12 32 52
14	12 32 52
15	12 32 52
16	12 32 52
17	12 32 52
18	12 32 52
19	12 32 52
20	16 41
21	11 41
22	11 32

WSZYSTKICH ŚWIĘTYCH

5	41
6	11 41
7	11 41
8	11 41 58
9	11 28 41 58
10	11 28 41 58
11	12 21 32 41 52
12	01 12 21 32 41 52
13	01 12 21 32 41 52
14	01 12 21 32 41 52
15	01 12 21 32 41 52
16	01 12 20 32 40 52
17	00 12 20 32 52
18	00 12 20 32 52
19	12 32 52
20	16 41
21	11 41
22	11 32

WIGILIA I SYLWESTER

5	13 33 53
6	13 23 35 45 55
7	05 15 25 35 45 55
8	05 15 25 35 45 55
9	07 20 30 40 50
10	00 09 20 30 40 50
11	00 10 20 30 40 50
12	00 10 20 30 40 50
13	00 10 20 30 40 50 58
14	18 28 38 48 58
15	08 18 28 38 48 58
16	08 18 28 38 48 58
17	09 19 30 39 49 59
18	10 19 39 59
19	19 39
20	01
21	
22	

WIELKANOC,BOŻE NARODZENIE,NOWY ROK

5	
6	
7	32
8	17
9	12 57
10	42
11	28
12	13 58
13	43
14	28
15	13 58
16	42
17	37
18	22
19	07 52
20	37
21	22
22	07 47

