MAJDANEK - DROGA M. MAJDANKA - FABRYCZNA - AL. ZYGMUNTOWSKIE - AL. PIŁSUDSKIEGO - LIPOWA - AL. RACŁAWICKIE - AL. KRAŚNICKA - ZANA - ZANA ZUS

DZIEŃ POWSZEDNI, ROK SZKOLNY

5	05 21 27 47
6	07 18 27 39 53
7	03 13 23 33 43 53
8	03 13 23 33 43 53
9	03 14 26 39 49 59
10	09 19 28 39 49 59
11	09 19 29 39 49 59
12	09 19 29 39 49 59
13	09 19 29 39 49 59
14	11 21 38 41 51
15	01 11 21 31 41 51
16	01 11 21 31 41 51
17	01 09 17 27 37 48 57
18	07 17 28 37 57
19	17 37 57
20	16 36 56
21	26 56
22	36

SOBOTA, ROK SZKOLNY

5	10 25 55
6	25 47
7	07 27 47
8	07 27 47
9	07 27 47
10	07 27 47
11	07 27 47
12	07 27 47
13	07 27 47
14	07 27 47
15	07 26 46
16	06 26 46
17	06 26 46
18	06 26 46
19	06 26 46
20	06 26 56
21	26 56
22	25 45

DZIEŃ ŚWIĄTECZNY, ROK SZKOLNY

5	55
6	25 55
7	25 55
8	26 56
9	26 56
10	26 56
11	27 47
12	07 27 47
13	07 27 47
14	07 27 47
15	07 27 47
16	07 27 47
17	07 27 47
18	07 27 47
19	07 27 47
20	07 31 56
21	26 56
22	25 46

WSZYSTKICH ŚWIĘTYCH

5	55
6	25 55
7	25 55
8	26 56
9	13 26 43 56
10	13 26 43 56
11	13 27 36 47 56
12	07 16 27 36 47 56
13	07 16 27 36 47 56
14	07 16 27 36 47 56
15	07 16 27 36 47 56
16	07 16 27 35 47 55
17	07 15 27 35 47
18	07 15 27 35 47
19	07 27 47
20	07 31 56
21	26 56
22	25 46

WIGILIA I SYLWESTER

5	05 21 27 47
6	07 18 27 39 53
7	03 13 23 33 43 53
8	03 13 23 33 43 53
9	03 14 26 39 49 59
10	09 19 28 39 49 59
11	09 19 29 39 49 59
12	09 19 29 39 49 59
13	09 19 29 39 49 59
14	11 21 38 41 51
15	01 11 21 31 41 51
16	01 11 21 31 41 51
17	01 09 17 27 37 48 57
18	07 17 28 37 57
19	17 37 57
20	16
21	
22	

WIELKANOC,BOŻE NARODZENIE,NOWY ROK

5	
6	
7	46
8	32
9	27
10	12 57
11	43
12	28
13	13 58
14	43
15	28
16	13 57
17	52
18	37
19	22
20	07 52
21	37
22	21

