PARK BRONOWICE - FABRYCZNA - LUBELSKIEGO LIPCA 80 - KUNICKIEGO - ABRAMOWICKA -ĆMIŁÓW - MĘTÓW - MĘTÓW

DZIEŃ POWSZEDNI, ROK SZKOLNY

5	17 42
6	06 39
7	08 39
8	07 48
9	15 58
10	15
11	12
12	10 31
13	08 35
14	04 41
15	09 57
16	29
17	02 33
18	31
19	24
20	17
21	11
22	09
23	02

SOBOTA, ROK SZKOLNY

5	46
6	36
7	42
8	32
9	32
10	27
11	22
12	17
13	12
14	07
15	02 57
16	52
17	47
18	45
19	34
20	32
21	19
22	09 57
23	

DZIEŃ ŚWIĄTECZNY, ROK SZKOLNY

5	46
6	36
7	42
8	32
9	32
10	27
11	22
12	17
13	12
14	07
15	02 57
16	52
17	47
18	45
19	34
20	31
21	19
22	09 57
23	

WIGILIA I SYLWESTER

5	17 42
6	06 39
7	08 39
8	07 48
9	15 58
10	15
11	12
12	10 31
13	08 35
14	04 41
15	09 57
16	29
17	02 33
18	31
19	24
20	17
21	
22	
23	

WIELKANOC,BOŻE NARODZENIE,NOWY ROK

5	
6	
7	42
8	32
9	32
10	27
11	22
12	14
13	14
14	07
15	02 57
16	52
17	47
18	45
19	35
20	25
21	12
22	09 57
23	

