PARK BRONOWICE - FABRYCZNA - LUBELSKIEGO LIPCA 80 - KUNICKIEGO - ABRAMOWICKA -ĆMIŁÓW - MĘTÓW - MĘTÓW

DZIEŃ POWSZEDNI, ROK SZKOLNY

5	07 32 56
6	28 55
7	26 54
8	35
9	02 45
10	02 59
11	57
12	18 55
13	22 51
14	28 56
15	44
16	16 49
17	20
18	18
19	11
20	04 58
21	58
22	52

SOBOTA, ROK SZKOLNY

5	36
6	26
7	29
8	19
9	19
10	14
11	09
12	04 59
13	54
14	49
15	44
16	39
17	34
18	32
19	21
20	19
21	06 58
22	47

DZIEŃ ŚWIĄTECZNY, ROK SZKOLNY

5	36
6	26
7	29
8	19
9	19
10	14
11	09
12	04 59
13	54
14	49
15	44
16	39
17	34
18	32
19	21
20	18
21	06 58
22	47

WIGILIA I SYLWESTER

5	07 32 56
6	28 55
7	26 54
8	35
9	02 45
10	02 59
11	57
12	18 55
13	22 51
14	28 56
15	44
16	16 49
17	20
18	18
19	11
20	04
21	
22	

WIELKANOC,BOŻE NARODZENIE,NOWY ROK

5	
6	
7	29
8	19
9	19
10	14
11	09
12	01
13	01 54
14	49
15	44
16	39
17	34
18	32
19	22
20	12 59
21	58
22	47

