PARK BRONOWICE - FABRYCZNA - LUBELSKIEGO LIPCA 80 - KUNICKIEGO - ABRAMOWICKA -ĆMIŁÓW - MĘTÓW - MĘTÓW

DZIEŃ POWSZEDNI, ROK SZKOLNY

5	10 35 59
6	32
7	01 32
8	00 41
9	08 51
10	08
11	05
12	03 24
13	01 28 57
14	34
15	02 50
16	22 55
17	26
18	24
19	17
20	10
21	04
22	02 55

SOBOTA, ROK SZKOLNY

5	39
6	29
7	35
8	25
9	25
10	20
11	15
12	10
13	05
14	00 55
15	50
16	45
17	40
18	38
19	27
20	25
21	12
22	02 50

DZIEŃ ŚWIĄTECZNY, ROK SZKOLNY

5	39
6	29
7	35
8	25
9	25
10	20
11	15
12	10
13	05
14	00 55
15	50
16	45
17	40
18	38
19	27
20	24
21	12
22	02 50

WIGILIA I SYLWESTER

5	10 35 59
6	32
7	01 32
8	00 41
9	08 51
10	08
11	05
12	03 24
13	01 28 57
14	34
15	02 50
16	22 55
17	26
18	24
19	17
20	10
21	
22	

WIELKANOC,BOŻE NARODZENIE,NOWY ROK

5	
6	
7	35
8	25
9	25
10	20
11	15
12	07
13	07
14	00 55
15	50
16	45
17	40
18	38
19	28
20	18
21	05
22	02 50

