PARK BRONOWICE - FABRYCZNA - LUBELSKIEGO LIPCA 80 - KUNICKIEGO - ABRAMOWICKA -ĆMIŁÓW - MĘTÓW - MĘTÓW

DZIEŃ POWSZEDNI, ROK SZKOLNY

5	05 30 54
6	26 53
7	24 52
8	33
9	00 43
10	00 57
11	55
12	16 53
13	20 49
14	25 53
15	41
16	13 46
17	17
18	16
19	09
20	02 56
21	56
22	50

SOBOTA, ROK SZKOLNY

5	34
6	24
7	27
8	17
9	17
10	12
11	07
12	02 57
13	52
14	47
15	42
16	37
17	32
18	30
19	19
20	17
21	04 56
22	45

DZIEŃ ŚWIĄTECZNY, ROK SZKOLNY

5	34
6	24
7	27
8	17
9	17
10	12
11	07
12	02 57
13	52
14	47
15	42
16	37
17	32
18	30
19	19
20	16
21	04 56
22	45

WIGILIA I SYLWESTER

5	05 30 54
6	26 53
7	24 52
8	33
9	00 43
10	00 57
11	55
12	16 53
13	20 49
14	25 53
15	41
16	13 46
17	17
18	16
19	09
20	02
21	
22	

WIELKANOC,BOŻE NARODZENIE,NOWY ROK

5	
6	
7	27
8	17
9	17
10	12
11	07 59
12	59
13	52
14	47
15	42
16	37
17	32
18	30
19	20
20	10 57
21	56
22	45

