PARK BRONOWICE - FABRYCZNA - LUBELSKIEGO LIPCA 80 - KUNICKIEGO - ABRAMOWICKA -ĆMIŁÓW - MĘTÓW - MĘTÓW

DZIEŃ POWSZEDNI, ROK SZKOLNY

5	13 38
6	02 35
7	04 35
8	03 44
9	11 54
10	11
11	08
12	06 27
13	04 31
14	00 37
15	05 53
16	25 58
17	29
18	27
19	20
20	13
21	07
22	05 58

SOBOTA, ROK SZKOLNY

5	42
6	32
7	38
8	28
9	28
10	23
11	18
12	13
13	08
14	03 58
15	53
16	48
17	43
18	41
19	30
20	28
21	15
22	05 53

DZIEŃ ŚWIĄTECZNY, ROK SZKOLNY

5	42
6	32
7	38
8	28
9	28
10	23
11	18
12	13
13	08
14	03 58
15	53
16	48
17	43
18	41
19	30
20	27
21	15
22	05 53

WIGILIA I SYLWESTER

5	13 38
6	02 35
7	04 35
8	03 44
9	11 54
10	11
11	08
12	06 27
13	04 31
14	00 37
15	05 53
16	25 58
17	29
18	27
19	20
20	13
21	
22	

WIELKANOC,BOŻE NARODZENIE,NOWY ROK

5	
6	
7	38
8	28
9	28
10	23
11	18
12	10
13	10
14	03 58
15	53
16	48
17	43
18	41
19	31
20	21
21	08
22	05 53

