PARK BRONOWICE - FABRYCZNA - LUBELSKIEGO LIPCA 80 - KUNICKIEGO - ABRAMOWICKA -ĆMIŁÓW - MĘTÓW - MĘTÓW

DZIEŃ POWSZEDNI, ROK SZKOLNY

5	16 41
6	05 38
7	07 38
8	06 47
9	14 57
10	14
11	11
12	09 30
13	07 34
14	03 40
15	08 56
16	28
17	01 32
18	30
19	23
20	16
21	10
22	08
23	01

SOBOTA, ROK SZKOLNY

5	45
6	35
7	41
8	31
9	31
10	26
11	21
12	16
13	11
14	06
15	01 56
16	51
17	46
18	44
19	33
20	31
21	18
22	08 56
23	

DZIEŃ ŚWIĄTECZNY, ROK SZKOLNY

5	45
6	35
7	41
8	31
9	31
10	26
11	21
12	16
13	11
14	06
15	01 56
16	51
17	46
18	44
19	33
20	30
21	18
22	08 56
23	

WIGILIA I SYLWESTER

5	16 41
6	05 38
7	07 38
8	06 47
9	14 57
10	14
11	11
12	09 30
13	07 34
14	03 40
15	08 56
16	28
17	01 32
18	30
19	23
20	16
21	
22	
23	

WIELKANOC,BOŻE NARODZENIE,NOWY ROK

5	
6	
7	41
8	31
9	31
10	26
11	21
12	13
13	13
14	06
15	01 56
16	51
17	46
18	44
19	34
20	24
21	11
22	08 56
23	

