PARK BRONOWICE - FABRYCZNA - LUBELSKIEGO LIPCA 80 - KUNICKIEGO - ABRAMOWICKA -ĆMIŁÓW - MĘTÓW - MĘTÓW

DZIEŃ POWSZEDNI, ROK SZKOLNY

5	19 44
6	08 41
7	10 41
8	09 50
9	17
10	00 17
11	14
12	12 33
13	10 37
14	06 43
15	11 59
16	31
17	04 35
18	33
19	26
20	19
21	13
22	11
23	04

SOBOTA, ROK SZKOLNY

5	48
6	38
7	44
8	34
9	34
10	29
11	24
12	19
13	14
14	09
15	04 59
16	54
17	49
18	47
19	36
20	34
21	21
22	11 59
23	

DZIEŃ ŚWIĄTECZNY, ROK SZKOLNY

5	48
6	38
7	44
8	34
9	34
10	29
11	24
12	19
13	14
14	09
15	04 59
16	54
17	49
18	47
19	36
20	33
21	21
22	11 59
23	

WIGILIA I SYLWESTER

5	19 44
6	08 41
7	10 41
8	09 50
9	17
10	00 17
11	14
12	12 33
13	10 37
14	06 43
15	11 59
16	31
17	04 35
18	33
19	26
20	19
21	
22	
23	

WIELKANOC,BOŻE NARODZENIE,NOWY ROK

5	
6	
7	44
8	34
9	34
10	29
11	24
12	16
13	16
14	09
15	04 59
16	54
17	49
18	47
19	37
20	27
21	14
22	11 59
23	

