PARK BRONOWICE - FABRYCZNA - LUBELSKIEGO LIPCA 80 - KUNICKIEGO - ABRAMOWICKA -ĆMIŁÓW - MĘTÓW - MĘTÓW

DZIEŃ POWSZEDNI, ROK SZKOLNY

5	12 37
6	01 34
7	03 34
8	02 43
9	10 53
10	10
11	07
12	05 26
13	03 30 59
14	36
15	04 52
16	24 57
17	28
18	26
19	19
20	12
21	06
22	04 57

SOBOTA, ROK SZKOLNY

5	41
6	31
7	37
8	27
9	27
10	22
11	17
12	12
13	07
14	02 57
15	52
16	47
17	42
18	40
19	29
20	27
21	14
22	04 52

DZIEŃ ŚWIĄTECZNY, ROK SZKOLNY

5	41
6	31
7	37
8	27
9	27
10	22
11	17
12	12
13	07
14	02 57
15	52
16	47
17	42
18	40
19	29
20	26
21	14
22	04 52

WIGILIA I SYLWESTER

5	12 37
6	01 34
7	03 34
8	02 43
9	10 53
10	10
11	07
12	05 26
13	03 30 59
14	36
15	04 52
16	24 57
17	28
18	26
19	19
20	12
21	
22	

WIELKANOC,BOŻE NARODZENIE,NOWY ROK

5	
6	
7	37
8	27
9	27
10	22
11	17
12	09
13	09
14	02 57
15	52
16	47
17	42
18	40
19	30
20	20
21	07
22	04 52

