PARK BRONOWICE - FABRYCZNA - LUBELSKIEGO LIPCA 80 - KUNICKIEGO - ABRAMOWICKA -ĆMIŁÓW - MĘTÓW - MĘTÓW

DZIEŃ POWSZEDNI, ROK SZKOLNY

5	15 40
6	04 37
7	06 37
8	05 46
9	13 56
10	13
11	10
12	08 29
13	06 33
14	02 39
15	07 55
16	27
17	00 31
18	29
19	22
20	15
21	09
22	07
23	00

SOBOTA, ROK SZKOLNY

5	44
6	34
7	40
8	30
9	30
10	25
11	20
12	15
13	10
14	05
15	00 55
16	50
17	45
18	43
19	32
20	30
21	17
22	07 55
23	

DZIEŃ ŚWIĄTECZNY, ROK SZKOLNY

5	44
6	34
7	40
8	30
9	30
10	25
11	20
12	15
13	10
14	05
15	00 55
16	50
17	45
18	43
19	32
20	29
21	17
22	07 55
23	

WIGILIA I SYLWESTER

5	15 40
6	04 37
7	06 37
8	05 46
9	13 56
10	13
11	10
12	08 29
13	06 33
14	02 39
15	07 55
16	27
17	00 31
18	29
19	22
20	15
21	
22	
23	

WIELKANOC,BOŻE NARODZENIE,NOWY ROK

5	
6	
7	40
8	30
9	30
10	25
11	20
12	12
13	12
14	05
15	00 55
16	50
17	45
18	43
19	33
20	23
21	10
22	07 55
23	

