PARK BRONOWICE - FABRYCZNA - LUBELSKIEGO LIPCA 80 - KUNICKIEGO - ABRAMOWICKA -ĆMIŁÓW - MĘTÓW - MĘTÓW

DZIEŃ POWSZEDNI, ROK SZKOLNY

5	01 26 50
6	22 48
7	19 47
8	28 55
9	38 55
10	52
11	50
12	11 48
13	15 44
14	19 47
15	35
16	07 40
17	11
18	12
19	05 58
20	52
21	52
22	46

SOBOTA, ROK SZKOLNY

5	30
6	20
7	22
8	12
9	12
10	07
11	02 57
12	52
13	47
14	42
15	37
16	32
17	27
18	26
19	15
20	13
21	00 52
22	41

DZIEŃ ŚWIĄTECZNY, ROK SZKOLNY

5	30
6	20
7	22
8	12
9	12
10	07
11	02 57
12	52
13	47
14	42
15	37
16	32
17	27
18	26
19	15
20	12
21	00 52
22	41

WIGILIA I SYLWESTER

5	01 26 50
6	22 48
7	19 47
8	28 55
9	38 55
10	52
11	50
12	11 48
13	15 44
14	19 47
15	35
16	07 40
17	11
18	12
19	05 58
20	
21	
22	

WIELKANOC,BOŻE NARODZENIE,NOWY ROK

5	
6	
7	22
8	12
9	12
10	07
11	02 54
12	54
13	47
14	42
15	37
16	32
17	27
18	26
19	16
20	06 53
21	52
22	41

