PARK BRONOWICE - FABRYCZNA - LUBELSKIEGO LIPCA 80 - KUNICKIEGO - ABRAMOWICKA -ĆMIŁÓW - MĘTÓW - MĘTÓW

DZIEŃ POWSZEDNI, ROK SZKOLNY

5	09 34 58
6	30 59
7	30 58
8	39
9	06 49
10	06
11	03
12	01 22 59
13	26 55
14	32
15	00 48
16	20 53
17	24
18	22
19	15
20	08
21	02
22	01 54

SOBOTA, ROK SZKOLNY

5	38
6	28
7	33
8	23
9	23
10	18
11	13
12	08
13	03 58
14	53
15	48
16	43
17	38
18	36
19	25
20	23
21	10
22	01 49

DZIEŃ ŚWIĄTECZNY, ROK SZKOLNY

5	38
6	28
7	33
8	23
9	23
10	18
11	13
12	08
13	03 58
14	53
15	48
16	43
17	38
18	36
19	25
20	22
21	10
22	01 49

WIGILIA I SYLWESTER

5	09 34 58
6	30 59
7	30 58
8	39
9	06 49
10	06
11	03
12	01 22 59
13	26 55
14	32
15	00 48
16	20 53
17	24
18	22
19	15
20	08
21	
22	

WIELKANOC,BOŻE NARODZENIE,NOWY ROK

5	
6	
7	33
8	23
9	23
10	18
11	13
12	05
13	05 58
14	53
15	48
16	43
17	38
18	36
19	26
20	16
21	03
22	01 49

