PARK BRONOWICE - FABRYCZNA - LUBELSKIEGO LIPCA 80 - KUNICKIEGO - ABRAMOWICKA -ĆMIŁÓW - MĘTÓW - MĘTÓW

DZIEŃ POWSZEDNI, ROK SZKOLNY

5	08 33 57
6	29 57
7	28 56
8	37
9	04 47
10	04
11	01 59
12	20 57
13	24 53
14	30 58
15	46
16	18 51
17	22
18	20
19	13
20	06
21	00
22	00 53

SOBOTA, ROK SZKOLNY

5	37
6	27
7	31
8	21
9	21
10	16
11	11
12	06
13	01 56
14	51
15	46
16	41
17	36
18	34
19	23
20	21
21	08
22	00 48

DZIEŃ ŚWIĄTECZNY, ROK SZKOLNY

5	37
6	27
7	31
8	21
9	21
10	16
11	11
12	06
13	01 56
14	51
15	46
16	41
17	36
18	34
19	23
20	20
21	08
22	00 48

WIGILIA I SYLWESTER

5	08 33 57
6	29 57
7	28 56
8	37
9	04 47
10	04
11	01 59
12	20 57
13	24 53
14	30 58
15	46
16	18 51
17	22
18	20
19	13
20	06
21	
22	

WIELKANOC,BOŻE NARODZENIE,NOWY ROK

5	
6	
7	31
8	21
9	21
10	16
11	11
12	03
13	03 56
14	51
15	46
16	41
17	36
18	34
19	24
20	14
21	01
22	00 48

