PARK BRONOWICE - FABRYCZNA - LUBELSKIEGO LIPCA 80 - KUNICKIEGO - ABRAMOWICKA -ĆMIŁÓW - MĘTÓW - MĘTÓW

DZIEŃ POWSZEDNI, ROK SZKOLNY

5	11 36
6	00 33
7	02 33
8	01 42
9	09 52
10	09
11	06
12	04 25
13	02 29 58
14	35
15	03 51
16	23 56
17	27
18	25
19	18
20	11
21	05
22	03 56

SOBOTA, ROK SZKOLNY

5	40
6	30
7	36
8	26
9	26
10	21
11	16
12	11
13	06
14	01 56
15	51
16	46
17	41
18	39
19	28
20	26
21	13
22	03 51

DZIEŃ ŚWIĄTECZNY, ROK SZKOLNY

5	40
6	30
7	36
8	26
9	26
10	21
11	16
12	11
13	06
14	01 56
15	51
16	46
17	41
18	39
19	28
20	25
21	13
22	03 51

WIGILIA I SYLWESTER

5	11 36
6	00 33
7	02 33
8	01 42
9	09 52
10	09
11	06
12	04 25
13	02 29 58
14	35
15	03 51
16	23 56
17	27
18	25
19	18
20	11
21	
22	

WIELKANOC,BOŻE NARODZENIE,NOWY ROK

5	
6	
7	36
8	26
9	26
10	21
11	16
12	08
13	08
14	01 56
15	51
16	46
17	41
18	39
19	29
20	19
21	06
22	03 51

