PARK BRONOWICE - FABRYCZNA - LUBELSKIEGO LIPCA 80 - KUNICKIEGO - ABRAMOWICKA -ĆMIŁÓW - MĘTÓW - MĘTÓW

DZIEŃ POWSZEDNI, ROK SZKOLNY

5	03 28 52
6	24 50
7	21 49
8	30 57
9	40 57
10	54
11	52
12	13 50
13	17 46
14	22 50
15	38
16	10 43
17	14
18	14
19	07
20	00 54
21	54
22	48

SOBOTA, ROK SZKOLNY

5	32
6	22
7	24
8	14
9	14
10	09
11	04 59
12	54
13	49
14	44
15	39
16	34
17	29
18	28
19	17
20	15
21	02 54
22	43

DZIEŃ ŚWIĄTECZNY, ROK SZKOLNY

5	32
6	22
7	24
8	14
9	14
10	09
11	04 59
12	54
13	49
14	44
15	39
16	34
17	29
18	28
19	17
20	14
21	02 54
22	43

WIGILIA I SYLWESTER

5	03 28 52
6	24 50
7	21 49
8	30 57
9	40 57
10	54
11	52
12	13 50
13	17 46
14	22 50
15	38
16	10 43
17	14
18	14
19	07
20	00
21	
22	

WIELKANOC,BOŻE NARODZENIE,NOWY ROK

5	
6	
7	24
8	14
9	14
10	09
11	04 56
12	56
13	49
14	44
15	39
16	34
17	29
18	28
19	18
20	08 55
21	54
22	43

