OKOPOWA - OKOPOWA - LIPOWA - NARUTOWICZA - NADBYSTRZYCKA - JANOWSKA - KRĘŻNICKA - ZEMBORZYCE GÓRNE

DZIEŃ POWSZEDNI, ROK SZKOLNY

5	07 43 58
6	17 40
7	05 42
8	12 32
9	13
10	01 42
11	27
12	13 57
13	43
14	03 25
15	06 29 55
16	30 54
17	09
18	03 41
19	31
20	11
21	27
22	38

SOBOTA, ROK SZKOLNY

5	49
6	
7	06
8	25
9	51
10	
11	07
12	23
13	41
14	55
15	
16	11
17	27
18	50
19	
20	08
21	22
22	38

DZIEŃ ŚWIĄTECZNY, ROK SZKOLNY

5	49
6	59
7	
8	14
9	40
10	55
11	
12	12
13	32
14	57
15	
16	28
17	45
18	59
19	
20	21
21	36
22	43

WIGILIA I SYLWESTER

5	07 43 58
6	17 40
7	05 42
8	12 32
9	13
10	01 42
11	27
12	13 57
13	43
14	03 25
15	06 29 55
16	30 54
17	09
18	03 41
19	
20	
21	
22	

WIELKANOC,BOŻE NARODZENIE,NOWY ROK

5	
6	
7	03
8	25
9	51
10	
11	07
12	23
13	42
14	55
15	
16	11
17	27
18	52
19	
20	08
21	
22	

DZIEŃ SPECJALNY

5	07 43 58
6	17 38
7	01 42
8	12 32
9	13
10	01 42
11	27
12	13 57
13	43
14	03 23
15	04 27 53
16	28 52
17	07
18	01 41
19	31
20	11
21	27
22	38

