OKOPOWA - OKOPOWA - LIPOWA - NARUTOWICZA - NADBYSTRZYCKA - JANOWSKA - KRĘŻNICKA - ZEMBORZYCE GÓRNE

DZIEŃ POWSZEDNI, ROK SZKOLNY

5	09 45
6	00 19 42
7	07 44
8	14 34
9	15
10	03 44
11	29
12	15 59
13	45
14	05 27
15	08 31 57
16	32 56
17	11
18	05 43
19	33
20	13
21	29
22	40

SOBOTA, ROK SZKOLNY

5	51
6	
7	08
8	27
9	53
10	
11	09
12	25
13	43
14	57
15	
16	13
17	29
18	52
19	
20	10
21	24
22	40

DZIEŃ ŚWIĄTECZNY, ROK SZKOLNY

5	51
6	
7	01
8	16
9	42
10	57
11	
12	14
13	34
14	59
15	
16	30
17	47
18	
19	01
20	23
21	38
22	45

WIGILIA I SYLWESTER

5	09 45
6	00 19 42
7	07 44
8	14 34
9	15
10	03 44
11	29
12	15 59
13	45
14	05 27
15	08 31 57
16	32 56
17	11
18	05 43
19	
20	
21	
22	

WIELKANOC,BOŻE NARODZENIE,NOWY ROK

5	
6	
7	05
8	27
9	53
10	
11	09
12	25
13	44
14	57
15	
16	13
17	29
18	54
19	
20	10
21	
22	

DZIEŃ SPECJALNY

5	09 45
6	00 19 40
7	03 44
8	14 34
9	15
10	03 44
11	29
12	15 59
13	45
14	05 25
15	06 29 55
16	30 54
17	09
18	03 43
19	33
20	13
21	29
22	40

