OKOPOWA - OKOPOWA - LIPOWA - NARUTOWICZA - NADBYSTRZYCKA - JANOWSKA - KRĘŻNICKA - ZEMBORZYCE GÓRNE

DZIEŃ POWSZEDNI, ROK SZKOLNY

5	17 53
6	08 27 51
7	16 53
8	23 43
9	24
10	12 53
11	38
12	24
13	08 54
14	14 36
15	17 40
16	06 41
17	05 20
18	13 51
19	41
20	21
21	37
22	48

SOBOTA, ROK SZKOLNY

5	59
6	
7	17
8	36
9	
10	02
11	18
12	34
13	52
14	
15	06
16	22
17	38
18	
19	00
20	18
21	32
22	48

DZIEŃ ŚWIĄTECZNY, ROK SZKOLNY

5	59
6	
7	10
8	25
9	51
10	
11	06
12	23
13	43
14	
15	08
16	39
17	56
18	
19	09
20	31
21	46
22	53

WIGILIA I SYLWESTER

5	17 53
6	08 27 51
7	16 53
8	23 43
9	24
10	12 53
11	38
12	24
13	08 54
14	14 36
15	17 40
16	06 41
17	05 20
18	13 51
19	
20	
21	
22	

WIELKANOC,BOŻE NARODZENIE,NOWY ROK

5	
6	
7	14
8	36
9	
10	02
11	18
12	34
13	53
14	
15	06
16	22
17	38
18	
19	02
20	18
21	
22	

DZIEŃ SPECJALNY

5	17 53
6	08 27 48
7	12 53
8	23 43
9	24
10	12 53
11	38
12	24
13	08 54
14	14 34
15	15 38
16	04 39
17	03 18
18	11 51
19	41
20	21
21	37
22	48

