OKOPOWA - OKOPOWA - LIPOWA - NARUTOWICZA - NADBYSTRZYCKA - JANOWSKA - KRĘŻNICKA - ZEMBORZYCE GÓRNE

DZIEŃ POWSZEDNI, ROK SZKOLNY

5	14 50
6	05 24 48
7	13 50
8	20 40
9	21
10	09 50
11	35
12	21
13	05 51
14	11 33
15	14 37
16	03 38
17	02 17
18	10 48
19	38
20	18
21	34
22	45

SOBOTA, ROK SZKOLNY

5	56
6	
7	14
8	33
9	59
10	
11	15
12	31
13	49
14	
15	03
16	19
17	35
18	57
19	
20	15
21	29
22	45

DZIEŃ ŚWIĄTECZNY, ROK SZKOLNY

5	56
6	
7	07
8	22
9	48
10	
11	03
12	20
13	40
14	
15	05
16	36
17	53
18	
19	06
20	28
21	43
22	50

WIGILIA I SYLWESTER

5	14 50
6	05 24 48
7	13 50
8	20 40
9	21
10	09 50
11	35
12	21
13	05 51
14	11 33
15	14 37
16	03 38
17	02 17
18	10 48
19	
20	
21	
22	

WIELKANOC,BOŻE NARODZENIE,NOWY ROK

5	
6	
7	11
8	33
9	59
10	
11	15
12	31
13	50
14	
15	03
16	19
17	35
18	59
19	
20	15
21	
22	

DZIEŃ SPECJALNY

5	14 50
6	05 24 45
7	09 50
8	20 40
9	21
10	09 50
11	35
12	21
13	05 51
14	11 31
15	12 35
16	01 36
17	00 15
18	08 48
19	38
20	18
21	34
22	45

