OKOPOWA - OKOPOWA - LIPOWA - NARUTOWICZA - NADBYSTRZYCKA - JANOWSKA - KRĘŻNICKA - ZEMBORZYCE GÓRNE

DZIEŃ POWSZEDNI, ROK SZKOLNY

5	10 46
6	01 20 43
7	08 45
8	15 35
9	16
10	04 45
11	30
12	16
13	00 46
14	06 28
15	09 32 58
16	33 57
17	12
18	06 44
19	34
20	14
21	30
22	41

SOBOTA, ROK SZKOLNY

5	52
6	
7	09
8	28
9	54
10	
11	10
12	26
13	44
14	58
15	
16	14
17	30
18	53
19	
20	11
21	25
22	41

DZIEŃ ŚWIĄTECZNY, ROK SZKOLNY

5	52
6	
7	02
8	17
9	43
10	58
11	
12	15
13	35
14	
15	00
16	31
17	48
18	
19	02
20	24
21	39
22	46

WIGILIA I SYLWESTER

5	10 46
6	01 20 43
7	08 45
8	15 35
9	16
10	04 45
11	30
12	16
13	00 46
14	06 28
15	09 32 58
16	33 57
17	12
18	06 44
19	
20	
21	
22	

WIELKANOC,BOŻE NARODZENIE,NOWY ROK

5	
6	
7	06
8	28
9	54
10	
11	10
12	26
13	45
14	58
15	
16	14
17	30
18	55
19	
20	11
21	
22	

DZIEŃ SPECJALNY

5	10 46
6	01 20 41
7	04 45
8	15 35
9	16
10	04 45
11	30
12	16
13	00 46
14	06 26
15	07 30 56
16	31 55
17	10
18	04 44
19	34
20	14
21	30
22	41

