OKOPOWA - OKOPOWA - LIPOWA - NARUTOWICZA - NADBYSTRZYCKA - JANOWSKA - KRĘŻNICKA - ZEMBORZYCE GÓRNE

DZIEŃ POWSZEDNI, ROK SZKOLNY

5	16 52
6	07 26 50
7	15 52
8	22 42
9	23
10	11 52
11	37
12	23
13	07 53
14	13 35
15	16 39
16	05 40
17	04 19
18	12 50
19	40
20	20
21	36
22	47

SOBOTA, ROK SZKOLNY

5	58
6	
7	16
8	35
9	
10	01
11	17
12	33
13	51
14	
15	05
16	21
17	37
18	59
19	
20	17
21	31
22	47

DZIEŃ ŚWIĄTECZNY, ROK SZKOLNY

5	58
6	
7	09
8	24
9	50
10	
11	05
12	22
13	42
14	
15	07
16	38
17	55
18	
19	08
20	30
21	45
22	52

WIGILIA I SYLWESTER

5	16 52
6	07 26 50
7	15 52
8	22 42
9	23
10	11 52
11	37
12	23
13	07 53
14	13 35
15	16 39
16	05 40
17	04 19
18	12 50
19	
20	
21	
22	

WIELKANOC,BOŻE NARODZENIE,NOWY ROK

5	
6	
7	13
8	35
9	
10	01
11	17
12	33
13	52
14	
15	05
16	21
17	37
18	
19	01
20	17
21	
22	

DZIEŃ SPECJALNY

5	16 52
6	07 26 47
7	11 52
8	22 42
9	23
10	11 52
11	37
12	23
13	07 53
14	13 33
15	14 37
16	03 38
17	02 17
18	10 50
19	40
20	20
21	36
22	47

