OKOPOWA - OKOPOWA - LIPOWA - NARUTOWICZA - NADBYSTRZYCKA - JANOWSKA - KRĘŻNICKA - ZEMBORZYCE GÓRNE

DZIEŃ POWSZEDNI, ROK SZKOLNY

5	13 49
6	04 23 47
7	12 49
8	19 39
9	20
10	08 49
11	34
12	20
13	04 50
14	10 32
15	13 36
16	02 37
17	01 16
18	09 47
19	37
20	17
21	33
22	44

SOBOTA, ROK SZKOLNY

5	55
6	
7	13
8	32
9	58
10	
11	14
12	30
13	48
14	
15	02
16	18
17	34
18	56
19	
20	14
21	28
22	44

DZIEŃ ŚWIĄTECZNY, ROK SZKOLNY

5	55
6	
7	06
8	21
9	47
10	
11	02
12	19
13	39
14	
15	04
16	35
17	52
18	
19	05
20	27
21	42
22	49

WIGILIA I SYLWESTER

5	13 49
6	04 23 47
7	12 49
8	19 39
9	20
10	08 49
11	34
12	20
13	04 50
14	10 32
15	13 36
16	02 37
17	01 16
18	09 47
19	
20	
21	
22	

WIELKANOC,BOŻE NARODZENIE,NOWY ROK

5	
6	
7	10
8	32
9	58
10	
11	14
12	30
13	49
14	
15	02
16	18
17	34
18	58
19	
20	14
21	
22	

DZIEŃ SPECJALNY

5	13 49
6	04 23 44
7	08 49
8	19 39
9	20
10	08 49
11	34
12	20
13	04 50
14	10 30
15	11 34
16	00 35 59
17	14
18	07 47
19	37
20	17
21	33
22	44

