OKOPOWA - OKOPOWA - LIPOWA - NARUTOWICZA - NADBYSTRZYCKA - JANOWSKA - KRĘŻNICKA - ZEMBORZYCE GÓRNE

DZIEŃ POWSZEDNI, ROK SZKOLNY

5	11 47
6	02 21 44
7	09 46
8	16 36
9	17
10	05 46
11	31
12	17
13	01 47
14	07 29
15	10 33 59
16	34 58
17	13
18	07 45
19	35
20	15
21	31
22	42

SOBOTA, ROK SZKOLNY

5	53
6	
7	10
8	29
9	55
10	
11	11
12	27
13	45
14	59
15	
16	15
17	31
18	54
19	
20	12
21	26
22	42

DZIEŃ ŚWIĄTECZNY, ROK SZKOLNY

5	53
6	
7	03
8	18
9	44
10	59
11	
12	16
13	36
14	
15	01
16	32
17	49
18	
19	03
20	25
21	40
22	47

WIGILIA I SYLWESTER

5	11 47
6	02 21 44
7	09 46
8	16 36
9	17
10	05 46
11	31
12	17
13	01 47
14	07 29
15	10 33 59
16	34 58
17	13
18	07 45
19	
20	
21	
22	

WIELKANOC,BOŻE NARODZENIE,NOWY ROK

5	
6	
7	07
8	29
9	55
10	
11	11
12	27
13	46
14	59
15	
16	15
17	31
18	56
19	
20	12
21	
22	

DZIEŃ SPECJALNY

5	11 47
6	02 21 42
7	05 46
8	16 36
9	17
10	05 46
11	31
12	17
13	01 47
14	07 27
15	08 31 57
16	32 56
17	11
18	05 45
19	35
20	15
21	31
22	42

