OKOPOWA - OKOPOWA - LIPOWA - NARUTOWICZA - NADBYSTRZYCKA - JANOWSKA - KRĘŻNICKA - ZEMBORZYCE GÓRNE

DZIEŃ POWSZEDNI, ROK SZKOLNY

4	55
5	31 46
6	05 26 50
7	27 57
8	17 58
9	46
10	27
11	12 58
12	42
13	28 48
14	09 50
15	13 39
16	14 38 53
17	47
18	27
19	17 57
20	
21	13
22	26

SOBOTA, ROK SZKOLNY

4	
5	37
6	53
7	
8	10
9	36
10	52
11	
12	08
13	26
14	40
15	56
16	
17	12
18	36
19	54
20	
21	08
22	26

DZIEŃ ŚWIĄTECZNY, ROK SZKOLNY

4	
5	37
6	47
7	59
8	
9	25
10	40
11	57
12	
13	17
14	42
15	
16	13
17	30
18	45
19	
20	07
21	22
22	31

WIGILIA I SYLWESTER

4	55
5	31 46
6	05 26 50
7	27 57
8	17 58
9	46
10	27
11	12 58
12	42
13	28 48
14	09 50
15	13 39
16	14 38 53
17	47
18	27
19	
20	
21	
22	

WIELKANOC,BOŻE NARODZENIE,NOWY ROK

4	
5	
6	51
7	
8	10
9	36
10	52
11	
12	08
13	27
14	40
15	56
16	
17	12
18	38
19	54
20	
21	
22	

DZIEŃ SPECJALNY

4	55
5	31 46
6	05 26 49
7	27 57
8	17 58
9	46
10	27
11	12 58
12	42
13	28 48
14	08 49
15	12 38
16	13 37 52
17	46
18	27
19	17 57
20	
21	13
22	26

