OKOPOWA - OKOPOWA - LIPOWA - NARUTOWICZA - NADBYSTRZYCKA - JANOWSKA - KRĘŻNICKA - ZEMBORZYCE GÓRNE

DZIEŃ POWSZEDNI, ROK SZKOLNY

5	03 39 54
6	13 36
7	01 38
8	08 28
9	09 57
10	38
11	23
12	09 53
13	39 59
14	21
15	02 25 51
16	26 50
17	05 59
18	37
19	27
20	07
21	23
22	34

SOBOTA, ROK SZKOLNY

5	45
6	
7	02
8	21
9	47
10	
11	03
12	19
13	37
14	51
15	
16	07
17	23
18	46
19	
20	04
21	18
22	34

DZIEŃ ŚWIĄTECZNY, ROK SZKOLNY

5	45
6	55
7	
8	10
9	36
10	51
11	
12	08
13	28
14	53
15	
16	24
17	41
18	55
19	
20	17
21	32
22	39

WIGILIA I SYLWESTER

5	03 39 54
6	13 36
7	01 38
8	08 28
9	09 57
10	38
11	23
12	09 53
13	39 59
14	21
15	02 25 51
16	26 50
17	05 59
18	37
19	
20	
21	
22	

WIELKANOC,BOŻE NARODZENIE,NOWY ROK

5	
6	59
7	
8	21
9	47
10	
11	03
12	19
13	38
14	51
15	
16	07
17	23
18	48
19	
20	04
21	
22	

DZIEŃ SPECJALNY

5	03 39 54
6	13 34 57
7	38
8	08 28
9	09 57
10	38
11	23
12	09 53
13	39 59
14	19
15	00 23 49
16	24 48
17	03 57
18	37
19	27
20	07
21	23
22	34

