OKOPOWA - OKOPOWA - LIPOWA - NARUTOWICZA - NADBYSTRZYCKA - JANOWSKA - KRĘŻNICKA - ZEMBORZYCE GÓRNE

DZIEŃ POWSZEDNI, ROK SZKOLNY

4	57
5	33 48
6	07 28 52
7	29 59
8	19
9	00 48
10	29
11	14
12	00 44
13	30 50
14	12 53
15	16 42
16	17 41 56
17	50
18	29
19	19 59
20	
21	15
22	28

SOBOTA, ROK SZKOLNY

4	
5	39
6	55
7	
8	12
9	38
10	54
11	
12	10
13	28
14	42
15	58
16	
17	14
18	38
19	56
20	
21	10
22	28

DZIEŃ ŚWIĄTECZNY, ROK SZKOLNY

4	
5	39
6	49
7	
8	01
9	27
10	42
11	59
12	
13	19
14	44
15	
16	15
17	32
18	47
19	
20	09
21	24
22	33

WIGILIA I SYLWESTER

4	57
5	33 48
6	07 28 52
7	29 59
8	19
9	00 48
10	29
11	14
12	00 44
13	30 50
14	12 53
15	16 42
16	17 41 56
17	50
18	29
19	
20	
21	
22	

WIELKANOC,BOŻE NARODZENIE,NOWY ROK

4	
5	
6	53
7	
8	12
9	38
10	54
11	
12	10
13	29
14	42
15	58
16	
17	14
18	40
19	56
20	
21	
22	

DZIEŃ SPECJALNY

4	57
5	33 48
6	07 28 51
7	29 59
8	19
9	00 48
10	29
11	14
12	00 44
13	30 50
14	10 51
15	14 40
16	15 39 54
17	48
18	29
19	19 59
20	
21	15
22	28

