OKOPOWA - OKOPOWA - LIPOWA - NARUTOWICZA - NADBYSTRZYCKA - JANOWSKA - KRĘŻNICKA - ZEMBORZYCE GÓRNE

DZIEŃ POWSZEDNI, ROK SZKOLNY

4	54
5	30 45
6	04 25 48
7	25 55
8	15 56
9	44
10	25
11	10 56
12	40
13	26 46
14	06 47
15	10 36
16	11 35 50
17	44
18	25
19	15 55
20	
21	11
22	25

SOBOTA, ROK SZKOLNY

4	
5	36
6	52
7	
8	08
9	34
10	50
11	
12	06
13	24
14	38
15	54
16	
17	10
18	34
19	52
20	
21	06
22	25

DZIEŃ ŚWIĄTECZNY, ROK SZKOLNY

4	
5	36
6	46
7	57
8	
9	23
10	38
11	55
12	
13	15
14	40
15	
16	11
17	28
18	43
19	
20	05
21	20
22	30

WIGILIA I SYLWESTER

4	54
5	30 45
6	04 25 48
7	25 55
8	15 56
9	44
10	25
11	10 56
12	40
13	26 46
14	06 47
15	10 36
16	11 35 50
17	44
18	25
19	
20	
21	
22	

WIELKANOC,BOŻE NARODZENIE,NOWY ROK

4	
5	
6	50
7	
8	08
9	34
10	50
11	
12	06
13	25
14	38
15	54
16	
17	10
18	36
19	52
20	
21	
22	

DZIEŃ SPECJALNY

4	54
5	30 45
6	04 25 48
7	25 55
8	15 56
9	44
10	25
11	10 56
12	40
13	26 46
14	06 47
15	10 36
16	11 35 50
17	44
18	25
19	15 55
20	
21	11
22	25

