PADEREWSKIEGO - CHOINY - ZWIĄZKOWA - AL. SPÓŁDZIELCZOŚCI PRACY - PODZAMCZE - AL. TYSIĄCLECIA - WODOPOJNA - KRÓLEWSKA - ZAMOJSKA - FABRYCZNA - WOLSKA - KUNICKIEGO - ZEMBORZYCKA - DIAMENTOWA - KROCHMALNA - JANA PAWŁA II - FILARETÓW - OS. WIDOK

DZIEŃ POWSZEDNI, ROK SZKOLNY

4	
5	22 37 47. 58.
6	10 24 39 54
7	11. 26 38. 50
8	02. 14. 26 38 51
9	04 17. 30 43.
10	05 18. 31. 44 57
11	10 23 36. 49
12	02. 14 27. 40. 53
13	06 19 32 45. 58
14	11. 25 39. 52.
15	05 18 31 44 56.
16	08 20. 33 46. 59.
17	12 25 38 51
18	06. 19 30. 43 58.
19	13. 26 41
20	00 16 30. 48
21	08. 28 48
22	06 22. 41

SOBOTA, ROK SZKOLNY

4	
5	13 30 41 58
6	11. 24 39. 53
7	14 37 56
8	12. 29 48.
9	09 28 47
10	06 21. 38 59.
11	18 40 58
12	16 34. 52
13	10. 28 47
14	05 22 39. 56
15	14. 32 49
16	06 24 42. 57
17	17. 38 56
18	15 26 44. 58
19	15. 35 55
20	20 37. 54
21	20 42
22	09 38

DZIEŃ ŚWIĄTECZNY, ROK SZKOLNY

4	
5	38 59
6	18 36 53
7	29 54
8	13 43
9	12 37
10	01 28 54
11	19 45
12	10 37
13	00 24 49
14	14 37
15	03 30 54
16	19 44
17	11 33
18	02 24 45
19	05 29 59
20	16 43 59
21	21 48
22	13 36

WIELKANOC,BOŻE NARODZENIE,NOWY ROK

4	59
5	51
6	31
7	05 50
8	33
9	17
10	00 44
11	25
12	10 53
13	36
14	19
15	02 45
16	28
17	10 54
18	30
19	12 56
20	31
21	06 46
22	46

