PADEREWSKIEGO - CHOINY - ZWIĄZKOWA - AL. SPÓŁDZIELCZOŚCI PRACY - PODZAMCZE - AL. TYSIĄCLECIA - WODOPOJNA - KRÓLEWSKA - ZAMOJSKA - FABRYCZNA - WOLSKA - KUNICKIEGO - ZEMBORZYCKA - DIAMENTOWA - KROCHMALNA - JANA PAWŁA II - FILARETÓW - OS. WIDOK

DZIEŃ POWSZEDNI, ROK SZKOLNY

4	
5	15 30 40. 51.
6	03 17 29 43
7	00. 15 27. 39 51.
8	03. 15 27 40 53
9	06. 19 32. 54
10	07. 20. 33 46 59
11	12 25. 38 51.
12	03 16. 29. 42 55
13	08 21 34. 47
14	00. 14 28. 41. 54
15	07 20 33 45. 57
16	09. 22 35. 48.
17	01 14 27 40 56.
18	09 20. 33 48.
19	03. 16 31 50
20	06 20. 38 58.
21	18 38 58
22	15. 34

SOBOTA, ROK SZKOLNY

4	
5	06 23 34 51
6	04. 17 32. 46
7	03 26 45
8	01. 18 37. 58
9	17 36 55
10	10. 27 48.
11	07 29 47
12	05 23. 41 59.
13	17 36 54
14	11 28. 45
15	03. 21 38 55
16	13 31. 46
17	06. 27 45
18	05 16 34. 48
19	05. 25 45
20	10 27. 44
21	10 32
22	02 31

DZIEŃ ŚWIĄTECZNY, ROK SZKOLNY

4	
5	31 52
6	11 29 46
7	18 43
8	02 32
9	01 26 50
10	17 43
11	08 34 59
12	26 49
13	13 38
14	03 26 52
15	19 43
16	08 33
17	00 22 51
18	14 35 55
19	19 49
20	06 33 49
21	11 38
22	06 29

WIELKANOC,BOŻE NARODZENIE,NOWY ROK

4	52
5	44
6	24 57
7	39
8	22
9	06 49
10	33
11	14 59
12	42
13	25
14	08 51
15	34
16	17 59
17	43
18	20
19	02 46
20	21 56
21	36
22	39

