PADEREWSKIEGO - CHOINY - ZWIĄZKOWA - AL. SPÓŁDZIELCZOŚCI PRACY - PODZAMCZE - AL. TYSIĄCLECIA - WODOPOJNA - KRÓLEWSKA - ZAMOJSKA - FABRYCZNA - WOLSKA - KUNICKIEGO - ZEMBORZYCKA - DIAMENTOWA - KROCHMALNA - JANA PAWŁA II - FILARETÓW - OS. WIDOK

DZIEŃ POWSZEDNI, ROK SZKOLNY

4	
5	13 28 38. 49.
6	01 15 27 41 58.
7	13 25. 37 49.
8	01. 13 25 38 51
9	04. 17 30. 52
10	05. 18. 31 44 57
11	10 23. 36 49.
12	01 14. 27. 40 53
13	06 19 32. 45 58.
14	11 25. 38. 51
15	04 17 30 42. 54
16	06. 19 32. 45. 58
17	11 24 37 53.
18	07 18. 31 46.
19	01. 14 29 48
20	04 18. 36 56.
21	16 36 56
22	13. 32

SOBOTA, ROK SZKOLNY

4	
5	04 21 32 49
6	02. 15 30. 44
7	01 24 43 59.
8	16 35. 56
9	15 34 53
10	08. 25 46.
11	05 27 45
12	03 21. 39 57.
13	15 34 52
14	09 26. 43
15	01. 19 36 53
16	11 29. 44
17	04. 25 43
18	03 14 32. 46
19	03. 23 43
20	08 25. 42
21	08 30
22	00 29

DZIEŃ ŚWIĄTECZNY, ROK SZKOLNY

4	
5	29 50
6	09 27 44
7	16 41
8	00 30 59
9	24 48
10	15 41
11	06 32 57
12	24 47
13	11 36
14	01 24 50
15	17 41
16	06 31 58
17	20 49
18	12 33 53
19	17 47
20	04 31 47
21	09 36
22	04 27

WIELKANOC,BOŻE NARODZENIE,NOWY ROK

4	50
5	42
6	22 55
7	37
8	20
9	04 47
10	31
11	12 57
12	40
13	23
14	06 49
15	32
16	15 57
17	41
18	18
19	00 44
20	19 54
21	34
22	37

