PADEREWSKIEGO - CHOINY - ZWIĄZKOWA - AL. SPÓŁDZIELCZOŚCI PRACY - PODZAMCZE - AL. TYSIĄCLECIA - WODOPOJNA - KRÓLEWSKA - ZAMOJSKA - FABRYCZNA - WOLSKA - KUNICKIEGO - ZEMBORZYCKA - DIAMENTOWA - KROCHMALNA - JANA PAWŁA II - FILARETÓW - OS. WIDOK

DZIEŃ POWSZEDNI, ROK SZKOLNY

4	
5	16 31 41. 52.
6	04 18 30 45
7	02. 17 29. 41 53.
8	05. 17 29 42 55
9	08. 21 34. 56
10	09. 22. 35 48
11	01 14 27. 40 53.
12	05 18. 31. 44 57
13	10 23 36. 49
14	02. 16 30. 43. 56
15	09 22 35 47. 59
16	11. 24 37. 50.
17	03 16 29 42 58.
18	11 22. 35 50.
19	05. 18 33 52
20	08 22. 40
21	00. 20 40
22	00 16. 35

SOBOTA, ROK SZKOLNY

4	
5	07 24 35 52
6	05. 18 33. 47
7	05 28 47
8	03. 20 39.
9	00 19 38 57
10	12. 29 50.
11	09 31 49
12	07 25. 43
13	01. 19 38 56
14	13 30. 47
15	05. 23 40 57
16	15 33. 48
17	08. 29 47
18	07 18 36. 50
19	07. 27 47
20	12 29. 46
21	12 34
22	03 32

DZIEŃ ŚWIĄTECZNY, ROK SZKOLNY

4	
5	32 53
6	12 30 47
7	20 45
8	04 34
9	03 28 52
10	19 45
11	10 36
12	01 28 51
13	15 40
14	05 28 54
15	21 45
16	10 35
17	02 24 53
18	16 37 57
19	21 51
20	08 35 51
21	13 40
22	07 30

WIELKANOC,BOŻE NARODZENIE,NOWY ROK

4	53
5	45
6	25 58
7	41
8	24
9	08 51
10	35
11	16
12	01 44
13	27
14	10 53
15	36
16	19
17	01 45
18	22
19	04 48
20	23 58
21	38
22	40

