PADEREWSKIEGO - CHOINY - ZWIĄZKOWA - AL. SPÓŁDZIELCZOŚCI PRACY - PODZAMCZE - AL. TYSIĄCLECIA - WODOPOJNA - KRÓLEWSKA - ZAMOJSKA - FABRYCZNA - WOLSKA - KUNICKIEGO - ZEMBORZYCKA - DIAMENTOWA - KROCHMALNA - JANA PAWŁA II - FILARETÓW - OS. WIDOK

DZIEŃ POWSZEDNI, ROK SZKOLNY

4	
5	20 35 45. 56.
6	08 22 36 51
7	08. 23 35. 47 59.
8	11. 23 35 48
9	01 14. 27 40.
10	02 15. 28. 41 54
11	07 20 33. 46 59.
12	11 24. 37. 50
13	03 16 29 42. 55
14	08. 22 36. 49.
15	02 15 28 41 53.
16	05 17. 30 43. 56.
17	09 22 35 48
18	03. 16 27. 40 55.
19	10. 23 38 57
20	13 27. 45
21	05. 25 45
22	04 20. 39

SOBOTA, ROK SZKOLNY

4	
5	11 28 39 56
6	09. 22 37. 51
7	11 34 53
8	09. 26 45.
9	06 25 44
10	03 18. 35 56.
11	15 37 55
12	13 31. 49
13	07. 25 44
14	02 19 36. 53
15	11. 29 46
16	03 21 39. 54
17	14. 35 53
18	12 23 41. 55
19	12. 32 52
20	17 34. 51
21	17 39
22	07 36

DZIEŃ ŚWIĄTECZNY, ROK SZKOLNY

4	
5	36 57
6	16 34 51
7	26 51
8	10 40
9	09 34 58
10	25 51
11	16 42
12	07 34 57
13	21 46
14	11 34
15	00 27 51
16	16 41
17	08 30 59
18	21 42
19	02 26 56
20	13 40 56
21	18 45
22	11 34

WIELKANOC,BOŻE NARODZENIE,NOWY ROK

4	57
5	49
6	29
7	02 47
8	30
9	14 57
10	41
11	22
12	07 50
13	33
14	16 59
15	42
16	25
17	07 51
18	27
19	09 53
20	28
21	03 43
22	44

