PADEREWSKIEGO - CHOINY - ZWIĄZKOWA - AL. SPÓŁDZIELCZOŚCI PRACY - PODZAMCZE - AL. TYSIĄCLECIA - WODOPOJNA - KRÓLEWSKA - ZAMOJSKA - FABRYCZNA - WOLSKA - KUNICKIEGO - ZEMBORZYCKA - DIAMENTOWA - KROCHMALNA - JANA PAWŁA II - FILARETÓW - OS. WIDOK

DZIEŃ POWSZEDNI, ROK SZKOLNY

4	
5	17 32 42. 53.
6	05 19 32 47
7	04. 19 31. 43 55.
8	07. 19 31 44 57
9	10. 23 36. 58
10	11. 24. 37 50
11	03 16 29. 42 55.
12	07 20. 33. 46 59
13	12 25 38. 51
14	04. 18 32. 45. 58
15	11 24 37 49.
16	01 13. 26 39. 52.
17	05 18 31 44
18	00. 13 24. 37 52.
19	07. 20 35 54
20	10 24. 42
21	02. 22 42
22	01 17. 36

SOBOTA, ROK SZKOLNY

4	
5	08 25 36 53
6	06. 19 34. 48
7	07 30 49
8	05. 22 41.
9	02 21 40 59
10	14. 31 52.
11	11 33 51
12	09 27. 45
13	03. 21 40 58
14	15 32. 49
15	07. 25 42 59
16	17 35. 50
17	10. 31 49
18	09 20 38. 52
19	09. 29 49
20	14 31. 48
21	14 36
22	04 33

DZIEŃ ŚWIĄTECZNY, ROK SZKOLNY

4	
5	33 54
6	13 31 48
7	22 47
8	06 36
9	05 30 54
10	21 47
11	12 38
12	03 30 53
13	17 42
14	07 30 56
15	23 47
16	12 37
17	04 26 55
18	18 39 59
19	23 53
20	10 37 53
21	15 42
22	08 31

WIELKANOC,BOŻE NARODZENIE,NOWY ROK

4	54
5	46
6	26 59
7	43
8	26
9	10 53
10	37
11	18
12	03 46
13	29
14	12 55
15	38
16	21
17	03 47
18	24
19	06 50
20	25
21	00 40
22	41

