PADEREWSKIEGO - CHOINY - ZWIĄZKOWA - AL. SPÓŁDZIELCZOŚCI PRACY - PODZAMCZE - AL. TYSIĄCLECIA - WODOPOJNA - KRÓLEWSKA - ZAMOJSKA - FABRYCZNA - WOLSKA - KUNICKIEGO - ZEMBORZYCKA - DIAMENTOWA - KROCHMALNA - JANA PAWŁA II - FILARETÓW - OS. WIDOK

DZIEŃ POWSZEDNI, ROK SZKOLNY

4	
5	19 34 44. 55.
6	07 21 35 50
7	07. 22 34. 46 58.
8	10. 22 34 47
9	00 13. 26 39.
10	01 14. 27. 40 53
11	06 19 32. 45 58.
12	10 23. 36. 49
13	02 15 28 41. 54
14	07. 21 35. 48.
15	01 14 27 40 52.
16	04 16. 29 42. 55.
17	08 21 34 47
18	02. 15 26. 39 54.
19	09. 22 37 56
20	12 26. 44
21	04. 24 44
22	03 19. 38

SOBOTA, ROK SZKOLNY

4	
5	10 27 38 55
6	08. 21 36. 50
7	10 33 52
8	08. 25 44.
9	05 24 43
10	02 17. 34 55.
11	14 36 54
12	12 30. 48
13	06. 24 43
14	01 18 35. 52
15	10. 28 45
16	02 20 38. 53
17	13. 34 52
18	11 22 40. 54
19	11. 31 51
20	16 33. 50
21	16 38
22	06 35

DZIEŃ ŚWIĄTECZNY, ROK SZKOLNY

4	
5	35 56
6	15 33 50
7	25 50
8	09 39
9	08 33 57
10	24 50
11	15 41
12	06 33 56
13	20 45
14	10 33 59
15	26 50
16	15 40
17	07 29 58
18	20 41
19	01 25 55
20	12 39 55
21	17 44
22	10 33

WIELKANOC,BOŻE NARODZENIE,NOWY ROK

4	56
5	48
6	28
7	01 46
8	29
9	13 56
10	40
11	21
12	06 49
13	32
14	15 58
15	41
16	24
17	06 50
18	26
19	08 52
20	27
21	02 42
22	43

