PADEREWSKIEGO - CHOINY - ZWIĄZKOWA - AL. SPÓŁDZIELCZOŚCI PRACY - PODZAMCZE - AL. TYSIĄCLECIA - WODOPOJNA - KRÓLEWSKA - ZAMOJSKA - FABRYCZNA - WOLSKA - KUNICKIEGO - ZEMBORZYCKA - DIAMENTOWA - KROCHMALNA - JANA PAWŁA II - FILARETÓW - OS. WIDOK

DZIEŃ POWSZEDNI, ROK SZKOLNY

4	
5	21 36 46. 57.
6	09 23 37 52
7	09. 24 36. 48
8	00. 12. 24 36 49
9	02 15. 28 41.
10	03 16. 29. 42 55
11	08 21 34. 47
12	00. 12 25. 38. 51
13	04 17 30 43. 56
14	09. 23 37. 50.
15	03 16 29 42 54.
16	06 18. 31 44. 57.
17	10 23 36 49
18	04. 17 28. 41 56.
19	11. 24 39 58
20	14 28. 46
21	06. 26 46
22	05 21. 40

SOBOTA, ROK SZKOLNY

4	
5	12 29 40 57
6	10. 23 38. 52
7	12 35 54
8	10. 27 46.
9	07 26 45
10	04 19. 36 57.
11	16 38 56
12	14 32. 50
13	08. 26 45
14	03 20 37. 54
15	12. 30 47
16	04 22 40. 55
17	15. 36 54
18	13 24 42. 56
19	13. 33 53
20	18 35. 52
21	18 40
22	08 37

DZIEŃ ŚWIĄTECZNY, ROK SZKOLNY

4	
5	37 58
6	17 35 52
7	27 52
8	11 41
9	10 35 59
10	26 52
11	17 43
12	08 35 58
13	22 47
14	12 35
15	01 28 52
16	17 42
17	09 31
18	00 22 43
19	03 27 57
20	14 41 57
21	19 46
22	12 35

WIELKANOC,BOŻE NARODZENIE,NOWY ROK

4	58
5	50
6	30
7	03 48
8	31
9	15 58
10	42
11	23
12	08 51
13	34
14	17
15	00 43
16	26
17	08 52
18	28
19	10 54
20	29
21	04 44
22	45

