MEŁGIEWSKA FS - MEŁGIEWSKA - GOSPODARCZA - ŁĘCZYŃSKA - WOLSKA - AL. PIŁSUDSKIEGO - LIPOWA - AL. RACŁAWICKIE - AL. KRAŚNICKA - ZANA - ZANA ZUS

DZIEŃ POWSZEDNI, ROK SZKOLNY

5	06 37 57
6	17 27 45
7	05 25 45
8	05 25 45 59
9	19 39
10	00 19 39 59
11	19 39 59
12	19 39 59
13	19 39 54
14	14 34 54
15	14 34 54
16	14 34 57
17	17 37 57
18	17 37 57
19	17 37
20	04 37
21	07 37
22	18
23	

SOBOTA, ROK SZKOLNY

5	08 38 56
6	17 37 51
7	11 31 51
8	11 31 51
9	11 31 51
10	11 31 53
11	11 31 51
12	11 31 51
13	11 31 51
14	11 31 50
15	11 31 51
16	11 31 51
17	11 31 51
18	11 31 51
19	11 31 51
20	08 38
21	08 38
22	18
23	

DZIEŃ ŚWIĄTECZNY, ROK SZKOLNY

5	08 38
6	08 38
7	08 38
8	08 38
9	08 38
10	08 38
11	11 31 51
12	11 31 51
13	11 31 51
14	11 31 51
15	11 31 51
16	11 31 51
17	11 31 51
18	11 31 51
19	11 31 51
20	08 38
21	08 38
22	15
23	

WIGILIA I SYLWESTER

5	06 37 57
6	17 27 45
7	05 25 45
8	05 25 45 59
9	19 39
10	00 19 39 59
11	19 39 59
12	19 39 59
13	19 39 54
14	14 34 54
15	14 34 54
16	14 34 57
17	17 37 57
18	17 37 57
19	17
20	04
21	
22	
23	

WIELKANOC,BOŻE NARODZENIE,NOWY ROK

5	
6	19
7	04 49
8	43
9	31
10	14 59
11	44
12	29
13	14 59
14	44
15	29
16	14 59
17	53
18	41
19	24
20	09 54
21	39
22	24
23	23

