MEŁGIEWSKA FS - MEŁGIEWSKA - GOSPODARCZA - ŁĘCZYŃSKA - WOLSKA - AL. PIŁSUDSKIEGO - LIPOWA - AL. RACŁAWICKIE - AL. KRAŚNICKA - ZANA - ZANA ZUS

DZIEŃ POWSZEDNI, ROK SZKOLNY

5	11 42
6	02 22 32 50
7	10 30 50
8	10 30 50
9	04 24 44
10	05 24 44
11	04 24 44
12	04 24 44
13	04 24 44 59
14	19 39 59
15	19 39 59
16	19 39
17	02 22 42
18	02 22 42
19	02 22 42
20	09 42
21	12 42
22	23
23	

SOBOTA, ROK SZKOLNY

5	13 43
6	01 22 42 56
7	16 36 56
8	16 36 56
9	16 36 56
10	16 36 58
11	16 36 56
12	16 36 56
13	16 36 56
14	16 36 55
15	16 36 56
16	16 36 56
17	16 36 56
18	16 36 56
19	16 36 56
20	13 43
21	13 43
22	23
23	

DZIEŃ ŚWIĄTECZNY, ROK SZKOLNY

5	13 43
6	13 43
7	13 43
8	13 43
9	13 43
10	13 43
11	16 36 56
12	16 36 56
13	16 36 56
14	16 36 56
15	16 36 56
16	16 36 56
17	16 36 56
18	16 36 56
19	16 36 56
20	13 43
21	13 43
22	20
23	

WIGILIA I SYLWESTER

5	11 42
6	02 22 32 50
7	10 30 50
8	10 30 50
9	04 24 44
10	05 24 44
11	04 24 44
12	04 24 44
13	04 24 44 59
14	19 39 59
15	19 39 59
16	19 39
17	02 22 42
18	02 22 42
19	02 22
20	09
21	
22	
23	

WIELKANOC,BOŻE NARODZENIE,NOWY ROK

5	
6	24
7	09 54
8	48
9	36
10	19
11	04 49
12	34
13	19
14	04 49
15	34
16	19
17	04 58
18	46
19	29
20	14 59
21	44
22	29
23	28

