MEŁGIEWSKA FS - MEŁGIEWSKA - GOSPODARCZA - ŁĘCZYŃSKA - WOLSKA - AL. PIŁSUDSKIEGO - LIPOWA - AL. RACŁAWICKIE - AL. KRAŚNICKA - ZANA - ZANA ZUS

DZIEŃ POWSZEDNI, ROK SZKOLNY

4	
5	29
6	00 20 43 58
7	16 36 56
8	16 36 56
9	17 30 50
10	10 31 50
11	10 30 50
12	10 30 50
13	10 30 50
14	12 31 51
15	11 31 51
16	11 31 51
17	09 28 48
18	08 28 48
19	08 28 48
20	05 29
21	02 32
22	02 41

SOBOTA, ROK SZKOLNY

4	
5	31
6	01 19 40
7	00 15 35 55
8	15 35 55
9	15 35 55
10	15 35 55
11	17 37 57
12	17 37 57
13	17 37 57
14	17 37 57
15	16 36 56
16	16 36 56
17	16 36 56
18	16 36 56
19	16 36 56
20	16 33
21	03 33
22	03 41

DZIEŃ ŚWIĄTECZNY, ROK SZKOLNY

4	58
5	31
6	01 31
7	01 31
8	01 32
9	02 32
10	02 32
11	02 36 56
12	16 36 56
13	16 36 56
14	16 36 56
15	16 36 56
16	16 36 56
17	16 36 56
18	16 36 56
19	16 36 56
20	16 33
21	03 33
22	03 38

WIGILIA I SYLWESTER

4	
5	29
6	00 20 43 58
7	16 36 56
8	16 36 56
9	17 30 50
10	10 31 50
11	10 30 50
12	10 30 50
13	10 30 50
14	12 31 51
15	11 31 51
16	11 31 51
17	09 28 48
18	08 28 48
19	08 28 48
20	29
21	
22	

WIELKANOC,BOŻE NARODZENIE,NOWY ROK

4	
5	
6	42
7	27
8	13
9	07 55
10	38
11	24
12	09 54
13	39
14	24
15	09 54
16	39
17	24
18	18
19	06 49
20	34
21	19
22	04 47

