MEŁGIEWSKA FS - MEŁGIEWSKA - GOSPODARCZA - ŁĘCZYŃSKA - WOLSKA - AL. PIŁSUDSKIEGO - LIPOWA - AL. RACŁAWICKIE - AL. KRAŚNICKA - ZANA - ZANA ZUS

DZIEŃ POWSZEDNI, ROK SZKOLNY

5	09 40
6	00 20 30 48
7	08 28 48
8	08 28 48
9	02 22 42
10	03 22 42
11	02 22 42
12	02 22 42
13	02 22 42 57
14	17 37 57
15	17 37 57
16	17 37
17	00 20 40
18	00 20 40
19	00 20 40
20	07 40
21	10 40
22	21
23	

SOBOTA, ROK SZKOLNY

5	11 41 59
6	20 40 54
7	14 34 54
8	14 34 54
9	14 34 54
10	14 34 56
11	14 34 54
12	14 34 54
13	14 34 54
14	14 34 53
15	14 34 54
16	14 34 54
17	14 34 54
18	14 34 54
19	14 34 54
20	11 41
21	11 41
22	21
23	

DZIEŃ ŚWIĄTECZNY, ROK SZKOLNY

5	11 41
6	11 41
7	11 41
8	11 41
9	11 41
10	11 41
11	14 34 54
12	14 34 54
13	14 34 54
14	14 34 54
15	14 34 54
16	14 34 54
17	14 34 54
18	14 34 54
19	14 34 54
20	11 41
21	11 41
22	18
23	

WIGILIA I SYLWESTER

5	09 40
6	00 20 30 48
7	08 28 48
8	08 28 48
9	02 22 42
10	03 22 42
11	02 22 42
12	02 22 42
13	02 22 42 57
14	17 37 57
15	17 37 57
16	17 37
17	00 20 40
18	00 20 40
19	00 20
20	07
21	
22	
23	

WIELKANOC,BOŻE NARODZENIE,NOWY ROK

5	
6	22
7	07 52
8	46
9	34
10	17
11	02 47
12	32
13	17
14	02 47
15	32
16	17
17	02 56
18	44
19	27
20	12 57
21	42
22	27
23	26

