TURYSTYCZNA - TURYSTYCZNA - AL. ANDERSA - LWOWSKA - AL. TYSIĄCLECIA - 3 MAJA - NARUTOWICZA - NADBYSTRZYCKA - JANA PAWŁA II - FILARETÓW - ZANA - ZANA LECLERC

DZIEŃ POWSZEDNI, ROK SZKOLNY

4	50
5	07 29 37 48
6	03 16 29 45 59
7	10 22 38 53
8	09 24 40
9	05 13 21 37 52
10	08 23 39 54
11	02 10 26 41 57
12	12 28 44 52 59
13	15 32 48
14	06 22 38 45 52
15	11 28 45
16	02 19 36 44 51
17	06 21 37 52
18	17 40 48
19	02 16 33 44 58
20	22 38 52
21	07 35
22	14

SOBOTA, ROK SZKOLNY

4	52
5	12 21 37
6	01 15 41 57
7	17 37
8	02 23 49
9	15 36 58
10	19 40
11	01 22 44
12	05 26 47
13	08 31 51
14	12 33 53
15	18 37 59
16	20 42
17	04 24 44
18	12 34 54
19	10 31 50
20	09 27 47
21	07 27
22	10

DZIEŃ ŚWIĄTECZNY, ROK SZKOLNY

4	52
5	12 21 37
6	15 41 57
7	17 37
8	02 23 44
9	15 36 58
10	19 40
11	01 22 44
12	06 27 49
13	10 31 52
14	12 32 55
15	18 34 56
16	17 39
17	00 20 40
18	08 30 51
19	11 30 47
20	06 25 46
21	07 25
22	10

WIGILIA I SYLWESTER

4	50
5	07 29 37 48
6	03 16 29 45 59
7	10 22 38 53
8	09 24 40
9	05 13 21 37 52
10	08 23 39 54
11	02 10 26 41 57
12	12 28 44 52 59
13	15 32 48
14	06 22 38 45 52
15	11 28 45
16	02 19 36 44 51
17	06 21 37 52
18	17 40 48
19	02 58
20	
21	
22	

WIELKANOC,BOŻE NARODZENIE,NOWY ROK

4	
5	29
6	07 51
7	41
8	45
9	35
10	33
11	23
12	17
13	09
14	03 55
15	49
16	41
17	45
18	33
19	25
20	09
21	35
22	

