TURYSTYCZNA - TURYSTYCZNA - AL. ANDERSA - LWOWSKA - AL. TYSIĄCLECIA - 3 MAJA - NARUTOWICZA - NADBYSTRZYCKA - JANA PAWŁA II - FILARETÓW - ZANA - ZANA LECLERC

DZIEŃ POWSZEDNI, ROK SZKOLNY

4	51
5	08 30 38 49
6	04 17 30 46
7	00 11 23 39 54
8	10 25 41
9	06 14 22 38 53
10	09 24 40 55
11	03 11 27 42 58
12	13 29 45 53
13	00 16 33 49
14	07 23 39 46 53
15	12 29 46
16	03 20 37 45 52
17	07 22 38 53
18	18 41 49
19	03 17 34 45 59
20	23 39 53
21	08 36
22	15

SOBOTA, ROK SZKOLNY

4	53
5	13 22 38
6	02 16 42 58
7	18 38
8	03 24 50
9	16 37 59
10	20 41
11	02 23 45
12	06 27 48
13	09 32 52
14	13 34 54
15	19 38
16	00 21 43
17	05 25 45
18	13 35 55
19	11 32 51
20	10 28 48
21	08 28
22	11

DZIEŃ ŚWIĄTECZNY, ROK SZKOLNY

4	53
5	13 22 38
6	16 42 58
7	18 38
8	03 24 45
9	16 37 59
10	20 41
11	02 23 45
12	07 28 50
13	11 32 53
14	13 33 56
15	19 35 57
16	18 40
17	01 21 41
18	09 31 52
19	12 31 48
20	07 26 47
21	08 26
22	11

WIGILIA I SYLWESTER

4	51
5	08 30 38 49
6	04 17 30 46
7	00 11 23 39 54
8	10 25 41
9	06 14 22 38 53
10	09 24 40 55
11	03 11 27 42 58
12	13 29 45 53
13	00 16 33 49
14	07 23 39 46 53
15	12 29 46
16	03 20 37 45 52
17	07 22 38 53
18	18 41 49
19	03 59
20	
21	
22	

WIELKANOC,BOŻE NARODZENIE,NOWY ROK

4	
5	30
6	08 52
7	42
8	46
9	36
10	34
11	24
12	18
13	10
14	04 56
15	50
16	42
17	46
18	34
19	26
20	10
21	36
22	

