TURYSTYCZNA - TURYSTYCZNA - AL. ANDERSA - LWOWSKA - AL. TYSIĄCLECIA - 3 MAJA - NARUTOWICZA - NADBYSTRZYCKA - JANA PAWŁA II - FILARETÓW - ZANA - ZANA LECLERC

DZIEŃ POWSZEDNI, ROK SZKOLNY

4	52
5	09 31 39 50
6	05 18 31 47
7	01 12 24 40 55
8	11 26 42
9	07 15 23 39 54
10	10 25 41 56
11	04 12 28 43 59
12	14 30 46 54
13	01 17 34 50
14	08 24 40 47 54
15	13 30 47
16	04 21 38 46 53
17	08 23 39 54
18	19 42 50
19	04 18 35 46
20	00 24 40 54
21	09 37
22	16

SOBOTA, ROK SZKOLNY

4	54
5	14 23 39
6	03 17 43 59
7	19 39
8	04 25 51
9	17 38
10	00 21 42
11	03 24 46
12	07 28 49
13	10 33 53
14	14 35 55
15	20 39
16	01 22 44
17	06 26 46
18	14 36 56
19	12 33 52
20	11 29 49
21	09 29
22	12

DZIEŃ ŚWIĄTECZNY, ROK SZKOLNY

4	54
5	14 23 39
6	17 43 59
7	19 39
8	04 25 46
9	17 38
10	00 21 42
11	03 24 46
12	08 29 51
13	12 33 54
14	14 34 57
15	20 36 58
16	19 41
17	02 22 42
18	10 32 53
19	13 32 49
20	08 27 48
21	09 27
22	12

WIGILIA I SYLWESTER

4	52
5	09 31 39 50
6	05 18 31 47
7	01 12 24 40 55
8	11 26 42
9	07 15 23 39 54
10	10 25 41 56
11	04 12 28 43 59
12	14 30 46 54
13	01 17 34 50
14	08 24 40 47 54
15	13 30 47
16	04 21 38 46 53
17	08 23 39 54
18	19 42 50
19	04
20	00
21	
22	

WIELKANOC,BOŻE NARODZENIE,NOWY ROK

4	
5	31
6	09 53
7	43
8	47
9	37
10	35
11	25
12	19
13	11
14	05 57
15	51
16	43
17	47
18	35
19	27
20	11
21	37
22	

