TURYSTYCZNA - TURYSTYCZNA - AL. ANDERSA - LWOWSKA - AL. TYSIĄCLECIA - 3 MAJA - NARUTOWICZA - NADBYSTRZYCKA - JANA PAWŁA II - FILARETÓW - ZANA - ZANA LECLERC

DZIEŃ POWSZEDNI, ROK SZKOLNY

5	03 12 20 42 50
6	01 16 29 48
7	04 18 29 41 57
8	12 28 43 59
9	24 32 40 56
10	11 27 42 58
11	13 21 29 45
12	00 16 31 47
13	03 11 18 34 51
14	08 26 42 58
15	05 12 31 48
16	05 22 39 56
17	04 11 26 41 57
18	08 31 54
19	02 16 30 47 58
20	12 36 52
21	06 21 49
22	27

SOBOTA, ROK SZKOLNY

5	05 25 34 50
6	16 30 56
7	14 35 55
8	20 41
9	07 33 54
10	16 37 58
11	19 40
12	02 23 44
13	05 26 49
14	09 30 51
15	11 36 55
16	17 38
17	00 21 41
18	01 25 47
19	07 23 44
20	03 22 40
21	00 20 40
22	23

DZIEŃ ŚWIĄTECZNY, ROK SZKOLNY

5	05 25 34 50
6	30 56
7	14 35 55
8	20 41
9	02 33 54
10	16 37 58
11	19 40
12	02 24 45
13	07 28 49
14	10 30 50
15	13 36 52
16	14 35 57
17	18 38 58
18	21 43
19	04 24 43
20	00 19 38 59
21	20 38
22	23

WIGILIA I SYLWESTER

5	03 12 20 42 50
6	01 16 29 48
7	04 18 29 41 57
8	12 28 43 59
9	24 32 40 56
10	11 27 42 58
11	13 21 29 45
12	00 16 31 47
13	03 11 18 34 51
14	08 26 42 58
15	05 12 31 48
16	05 22 39 56
17	04 11 26 41 57
18	08 31 54
19	02 16
20	12
21	
22	

WIELKANOC,BOŻE NARODZENIE,NOWY ROK

5	42
6	22
7	08 59
8	
9	03 53
10	51
11	41
12	35
13	27
14	21
15	13
16	07 59
17	
18	02 46
19	38
20	22
21	48
22	

