TURYSTYCZNA - TURYSTYCZNA - AL. ANDERSA - LWOWSKA - AL. TYSIĄCLECIA - 3 MAJA - NARUTOWICZA - NADBYSTRZYCKA - JANA PAWŁA II - FILARETÓW - ZANA - ZANA LECLERC

DZIEŃ POWSZEDNI, ROK SZKOLNY

4	59
5	08 16 38 46 57
6	12 25 42 58
7	12 23 35 51
8	06 22 37 53
9	18 26 34 50
10	05 21 36 52
11	07 15 23 39 54
12	10 25 41 57
13	05 12 28 45
14	01 19 35 51 58
15	05 24 41 58
16	15 32 49 57
17	04 19 34 50
18	04 27 50 58
19	12 26 43 54
20	08 32 48
21	02 17 45
22	23

SOBOTA, ROK SZKOLNY

4	
5	01 21 30 46
6	12 26 52
7	08 29 49
8	14 35
9	01 27 48
10	10 31 52
11	13 34 56
12	17 38 59
13	20 43
14	03 24 45
15	05 30 49
16	11 32 54
17	16 36 56
18	21 43
19	03 19 40 59
20	18 36 56
21	16 36
22	19

DZIEŃ ŚWIĄTECZNY, ROK SZKOLNY

4	
5	01 21 30 46
6	26 52
7	08 29 49
8	14 35 56
9	27 48
10	10 31 52
11	13 34 56
12	18 39
13	01 22 43
14	04 24 44
15	07 30 46
16	08 29 51
17	12 32 52
18	17 39
19	00 20 39 56
20	15 34 55
21	16 34
22	19

WIGILIA I SYLWESTER

4	59
5	08 16 38 46 57
6	12 25 42 58
7	12 23 35 51
8	06 22 37 53
9	18 26 34 50
10	05 21 36 52
11	07 15 23 39 54
12	10 25 41 57
13	05 12 28 45
14	01 19 35 51 58
15	05 24 41 58
16	15 32 49 57
17	04 19 34 50
18	04 27 50 58
19	12
20	08
21	
22	

WIELKANOC,BOŻE NARODZENIE,NOWY ROK

4	
5	38
6	18
7	02 53
8	57
9	47
10	45
11	35
12	29
13	21
14	15
15	07
16	01 53
17	57
18	42
19	34
20	18
21	44
22	

