PADEREWSKIEGO - CHOINY - SZELIGOWSKIEGO - AL. KOMPOZYTORÓW  - KONCERTOWA - KOSMOWSKIEJ - AL. SIKORSKIEGO - POPIEŁUSZKI - AL. RACŁAWICKIE - KRAKOWSKIE PRZEDMIEŚCIE - NARUTOWICZA - ZAMOJSKA - LUBELSKIEGO LIPCA 80 - PLAC DWORCOWY - DWORZEC GŁ. PKP

DZIEŃ POWSZEDNI, ROK SZKOLNY

4	
5	05 23 38 53
6	04 17 30 42 58
7	08 21 30 47 58
8	17 35 47
9	02 13 26 44 55
10	10 25 35 50
11	05 18 31 44 58
12	11 26 37 52
13	06 19 32 45 57
14	11 26 44 56
15	10 25 40 53
16	04 20 37 56
17	08 23 34 50
18	05 26 41
19	07 20 35 52
20	10 30 50
21	07 33 58
22	15

SOBOTA, ROK SZKOLNY

4	56
5	15 30 52
6	15 37
7	00 22 45
8	07 40
9	02 25 47
10	10 32 55
11	17 40
12	02 25 44
13	10 32 55
14	17 40
15	02 25 47
16	10 32 52
17	17 50
18	12 35 57
19	20 42
20	05 27 50
21	10 30 50
22	15

DZIEŃ ŚWIĄTECZNY, ROK SZKOLNY

4	
5	10 40
6	10 40
7	10 40
8	10 50
9	20 50
10	20 50
11	20 50
12	20 50
13	20 50
14	20 50
15	20 50
16	20 50
17	24
18	00 30
19	00 30
20	00 30
21	00 25
22	00

WIGILIA I SYLWESTER

4	
5	05 23 38 53
6	04 17 30 42 58
7	08 21 30 47 58
8	17 35 47
9	02 13 26 44 55
10	10 25 35 50
11	05 18 31 44 58
12	11 26 37 52
13	06 19 32 45 57
14	11 26 44 56
15	10 25 40 53
16	04 20 37 56
17	08 23 34 50
18	05 26 41
19	07 20
20	50
21	
22	15

WIELKANOC,BOŻE NARODZENIE,NOWY ROK

4	
5	38
6	13
7	00 44
8	43
9	27
10	13 57
11	43
12	27
13	13 57
14	43
15	27
16	12 57
17	52
18	37
19	22
20	05 50
21	35
22	

