PADEREWSKIEGO - CHOINY - SZELIGOWSKIEGO - AL. KOMPOZYTORÓW  - KONCERTOWA - KOSMOWSKIEJ - AL. SIKORSKIEGO - POPIEŁUSZKI - AL. RACŁAWICKIE - KRAKOWSKIE PRZEDMIEŚCIE - NARUTOWICZA - ZAMOJSKA - LUBELSKIEGO LIPCA 80 - PLAC DWORCOWY - DWORZEC GŁ. PKP

DZIEŃ POWSZEDNI, ROK SZKOLNY

5	14 32 47
6	02 13 26 40 52
7	08 18 31 40 57
8	08 27 45 57
9	12 23 36 54
10	05 20 35 45
11	00 15 28 41 54
12	08 21 36 47
13	02 16 29 42 55
14	07 21 36 54
15	06 20 35 50
16	03 14 30 47
17	06 18 33 44
18	00 14 35 50
19	16 29 44
20	01 19 39 59
21	16 42
22	07 24

SOBOTA, ROK SZKOLNY

5	05 24 39
6	01 24 46
7	09 31 54
8	16 49
9	11 34 56
10	19 41
11	04 26 49
12	11 34 53
13	19 41
14	04 26 49
15	11 34 56
16	19 41
17	01 26 59
18	21 44
19	06 29 51
20	14 36 59
21	19 39 59
22	24

DZIEŃ ŚWIĄTECZNY, ROK SZKOLNY

5	19 49
6	19 49
7	19 49
8	19 59
9	29 59
10	29 59
11	29 59
12	29 59
13	29 59
14	29 59
15	29 59
16	29 59
17	33
18	09 39
19	09 39
20	09 39
21	09 34
22	09

WIGILIA I SYLWESTER

5	14 32 47
6	02 13 26 40 52
7	08 18 31 40 57
8	08 27 45 57
9	12 23 36 54
10	05 20 35 45
11	00 15 28 41 54
12	08 21 36 47
13	02 16 29 42 55
14	07 21 36 54
15	06 20 35 50
16	03 14 30 47
17	06 18 33 44
18	00 14 35 50
19	16 29
20	59
21	
22	24

WIELKANOC,BOŻE NARODZENIE,NOWY ROK

5	47
6	22
7	09 53
8	52
9	36
10	22
11	06 52
12	36
13	22
14	06 52
15	36
16	21
17	06
18	01 46
19	31
20	14 59
21	44
22	

