PADEREWSKIEGO - CHOINY - SZELIGOWSKIEGO - AL. KOMPOZYTORÓW  - KONCERTOWA - KOSMOWSKIEJ - AL. SIKORSKIEGO - POPIEŁUSZKI - AL. RACŁAWICKIE - KRAKOWSKIE PRZEDMIEŚCIE - NARUTOWICZA - ZAMOJSKA - LUBELSKIEGO LIPCA 80 - PLAC DWORCOWY - DWORZEC GŁ. PKP

DZIEŃ POWSZEDNI, ROK SZKOLNY

5	26 44 59
6	14 25 41 57
7	09 25 35 48 57
8	14 25 44
9	02 14 29 40 53
10	11 22 37 52
11	02 17 32 45 58
12	11 25 38 53
13	04 19 33 46 59
14	13 26 40 55
15	13 25 39 54
16	09 22 33 49
17	06 25 37 52
18	03 15 29 50
19	05 31 44 59
20	16 34 54
21	14 31 57
22	19 36

SOBOTA, ROK SZKOLNY

5	17 36 51
6	13 36 58
7	26 48
8	11 33
9	06 28 51
10	13 36 58
11	21 43
12	06 28 51
13	10 36 58
14	21 43
15	06 28 51
16	13 36 58
17	18 43
18	15 36 59
19	21 44
20	06 29 51
21	14 34 54
22	12 36

DZIEŃ ŚWIĄTECZNY, ROK SZKOLNY

5	31
6	01 31
7	02 36
8	06 36
9	16 46
10	16 46
11	16 46
12	16 46
13	16 46
14	16 46
15	16 46
16	16 46
17	16 50
18	24 54
19	24 54
20	24 54
21	24 49
22	21

WIGILIA I SYLWESTER

5	26 44 59
6	14 25 41 57
7	09 25 35 48 57
8	14 25 44
9	02 14 29 40 53
10	11 22 37 52
11	02 17 32 45 58
12	11 25 38 53
13	04 19 33 46 59
14	13 26 40 55
15	13 25 39 54
16	09 22 33 49
17	06 25 37 52
18	03 15 29 50
19	05 31 44
20	
21	14
22	36

WIELKANOC,BOŻE NARODZENIE,NOWY ROK

5	59
6	34
7	26
8	10
9	09 53
10	39
11	23
12	09 53
13	39
14	23
15	09 53
16	38
17	23
18	16
19	01 46
20	29
21	14 59
22	

