PADEREWSKIEGO - CHOINY - SZELIGOWSKIEGO - AL. KOMPOZYTORÓW  - KONCERTOWA - KOSMOWSKIEJ - AL. SIKORSKIEGO - POPIEŁUSZKI - AL. RACŁAWICKIE - KRAKOWSKIE PRZEDMIEŚCIE - NARUTOWICZA - ZAMOJSKA - LUBELSKIEGO LIPCA 80 - PLAC DWORCOWY - DWORZEC GŁ. PKP

DZIEŃ POWSZEDNI, ROK SZKOLNY

5	25 43 58
6	13 24 39 55
7	07 23 33 46 55
8	12 23 42
9	00 12 27 38 51
10	09 20 35 50
11	00 15 30 43 56
12	09 23 36 51
13	02 17 31 44 57
14	11 24 38 53
15	11 23 37 52
16	07 20 31 47
17	04 23 35 50
18	01 13 27 48
19	03 29 42 57
20	14 32 52
21	12 29 55
22	18 35

SOBOTA, ROK SZKOLNY

5	16 35 50
6	12 35 57
7	24 46
8	09 31
9	04 26 49
10	11 34 56
11	19 41
12	04 26 49
13	08 34 56
14	19 41
15	04 26 49
16	11 34 56
17	16 41
18	13 34 57
19	19 42
20	04 27 49
21	12 32 52
22	11 35

DZIEŃ ŚWIĄTECZNY, ROK SZKOLNY

5	30
6	00 30
7	00 34
8	04 34
9	14 44
10	14 44
11	14 44
12	14 44
13	14 44
14	14 44
15	14 44
16	14 44
17	14 48
18	22 52
19	22 52
20	22 52
21	22 47
22	20

WIGILIA I SYLWESTER

5	25 43 58
6	13 24 39 55
7	07 23 33 46 55
8	12 23 42
9	00 12 27 38 51
10	09 20 35 50
11	00 15 30 43 56
12	09 23 36 51
13	02 17 31 44 57
14	11 24 38 53
15	11 23 37 52
16	07 20 31 47
17	04 23 35 50
18	01 13 27 48
19	03 29 42
20	
21	12
22	35

WIELKANOC,BOŻE NARODZENIE,NOWY ROK

5	58
6	33
7	24
8	08
9	07 51
10	37
11	21
12	07 51
13	37
14	21
15	07 51
16	36
17	21
18	14 59
19	44
20	27
21	12 57
22	

