PADEREWSKIEGO - CHOINY - SZELIGOWSKIEGO - AL. KOMPOZYTORÓW  - KONCERTOWA - KOSMOWSKIEJ - AL. SIKORSKIEGO - POPIEŁUSZKI - AL. RACŁAWICKIE - KRAKOWSKIE PRZEDMIEŚCIE - NARUTOWICZA - ZAMOJSKA - LUBELSKIEGO LIPCA 80 - PLAC DWORCOWY - DWORZEC GŁ. PKP

DZIEŃ POWSZEDNI, ROK SZKOLNY

5	31 49
6	04 19 30 48
7	04 16 32 42 55
8	04 21 32 51
9	09 21 36 47
10	00 18 29 44 59
11	09 24 39 52
12	05 18 32 45
13	00 11 26 40 53
14	06 20 33 47
15	02 20 32 46
16	01 16 29 40 56
17	13 32 44 59
18	10 22 36 57
19	12 38 51
20	06 23 41
21	01 21 38
22	03 24 41

SOBOTA, ROK SZKOLNY

5	22 41 56
6	18 41
7	05 33 55
8	18 40
9	13 35 58
10	20 43
11	05 28 50
12	13 35 58
13	17 43
14	05 28 50
15	13 35 58
16	20 43
17	05 25 50
18	20 41
19	04 26 49
20	11 34 56
21	19 39 59
22	17 41

DZIEŃ ŚWIĄTECZNY, ROK SZKOLNY

5	36
6	06 36
7	09 43
8	13 43
9	23 53
10	23 53
11	23 53
12	23 53
13	23 53
14	23 53
15	23 53
16	23 53
17	23 57
18	29 59
19	29 59
20	29 59
21	29 54
22	26

WIGILIA I SYLWESTER

5	31 49
6	04 19 30 48
7	04 16 32 42 55
8	04 21 32 51
9	09 21 36 47
10	00 18 29 44 59
11	09 24 39 52
12	05 18 32 45
13	00 11 26 40 53
14	06 20 33 47
15	02 20 32 46
16	01 16 29 40 56
17	13 32 44 59
18	10 22 36 57
19	12 38 51
20	
21	21
22	41

WIELKANOC,BOŻE NARODZENIE,NOWY ROK

5	
6	04 39
7	33
8	17
9	16
10	00 46
11	30
12	16
13	00 46
14	30
15	16
16	00 45
17	30
18	21
19	06 51
20	34
21	19
22	04

