PADEREWSKIEGO - CHOINY - SZELIGOWSKIEGO - AL. KOMPOZYTORÓW  - KONCERTOWA - KOSMOWSKIEJ - AL. SIKORSKIEGO - POPIEŁUSZKI - AL. RACŁAWICKIE - KRAKOWSKIE PRZEDMIEŚCIE - NARUTOWICZA - ZAMOJSKA - LUBELSKIEGO LIPCA 80 - PLAC DWORCOWY - DWORZEC GŁ. PKP

DZIEŃ POWSZEDNI, ROK SZKOLNY

5	28 46
6	01 16 27 43 59
7	11 27 37 50 59
8	16 27 46
9	04 16 31 42 55
10	13 24 39 54
11	04 19 34 47
12	00 13 27 40 55
13	06 21 35 48
14	01 15 28 42 57
15	15 27 41 56
16	11 24 35 51
17	08 27 39 54
18	05 17 31 52
19	07 33 46
20	01 18 36 56
21	16 33 59
22	21 38

SOBOTA, ROK SZKOLNY

5	19 38 53
6	15 38
7	00 28 50
8	13 35
9	08 30 53
10	15 38
11	00 23 45
12	08 30 53
13	12 38
14	00 23 45
15	08 30 53
16	15 38
17	00 20 45
18	17 38
19	01 23 46
20	08 31 53
21	16 36 56
22	14 38

DZIEŃ ŚWIĄTECZNY, ROK SZKOLNY

5	33
6	03 33
7	04 38
8	08 38
9	18 48
10	18 48
11	18 48
12	18 48
13	18 48
14	18 48
15	18 48
16	18 48
17	18 52
18	26 56
19	26 56
20	26 56
21	26 51
22	23

WIGILIA I SYLWESTER

5	28 46
6	01 16 27 43 59
7	11 27 37 50 59
8	16 27 46
9	04 16 31 42 55
10	13 24 39 54
11	04 19 34 47
12	00 13 27 40 55
13	06 21 35 48
14	01 15 28 42 57
15	15 27 41 56
16	11 24 35 51
17	08 27 39 54
18	05 17 31 52
19	07 33 46
20	
21	16
22	38

WIELKANOC,BOŻE NARODZENIE,NOWY ROK

5	
6	01 36
7	28
8	12
9	11 55
10	41
11	25
12	11 55
13	41
14	25
15	11 55
16	40
17	25
18	18
19	03 48
20	31
21	16
22	01

