PADEREWSKIEGO - CHOINY - SZELIGOWSKIEGO - AL. KOMPOZYTORÓW  - KONCERTOWA - KOSMOWSKIEJ - AL. SIKORSKIEGO - POPIEŁUSZKI - AL. RACŁAWICKIE - KRAKOWSKIE PRZEDMIEŚCIE - NARUTOWICZA - ZAMOJSKA - LUBELSKIEGO LIPCA 80 - PLAC DWORCOWY - DWORZEC GŁ. PKP

DZIEŃ POWSZEDNI, ROK SZKOLNY

5	18 36 51
6	06 17 30 46 58
7	14 24 37 46
8	03 14 33 51
9	03 18 29 42
10	00 11 26 41 51
11	06 21 34 47
12	00 14 27 42 53
13	08 22 35 48
14	01 14 28 43
15	01 13 27 42 57
16	10 21 37 54
17	13 25 40 51
18	05 19 40 55
19	21 34 49
20	06 24 44
21	04 21 47
22	11 28

SOBOTA, ROK SZKOLNY

5	09 28 43
6	05 28 50
7	15 37
8	00 22 55
9	17 40
10	02 25 47
11	10 32 55
12	17 40 59
13	25 47
14	10 32 55
15	17 40
16	02 25 47
17	07 32
18	05 26 49
19	11 34 56
20	19 41
21	04 24 44
22	04 28

DZIEŃ ŚWIĄTECZNY, ROK SZKOLNY

5	23 53
6	23 53
7	25 55
8	25
9	05 35
10	05 35
11	05 35
12	05 35
13	05 35
14	05 35
15	05 35
16	05 35
17	05 39
18	14 44
19	14 44
20	14 44
21	14 39
22	13

WIGILIA I SYLWESTER

5	18 36 51
6	06 17 30 46 58
7	14 24 37 46
8	03 14 33 51
9	03 18 29 42
10	00 11 26 41 51
11	06 21 34 47
12	00 14 27 42 53
13	08 22 35 48
14	01 14 28 43
15	01 13 27 42 57
16	10 21 37 54
17	13 25 40 51
18	05 19 40 55
19	21 34
20	
21	04
22	28

WIELKANOC,BOŻE NARODZENIE,NOWY ROK

5	51
6	26
7	15 59
8	58
9	42
10	28
11	12 58
12	42
13	28
14	12 58
15	42
16	27
17	12
18	06 51
19	36
20	19
21	04 49
22	

