PADEREWSKIEGO - CHOINY - SZELIGOWSKIEGO - AL. KOMPOZYTORÓW  - KONCERTOWA - KOSMOWSKIEJ - AL. SIKORSKIEGO - POPIEŁUSZKI - AL. RACŁAWICKIE - KRAKOWSKIE PRZEDMIEŚCIE - NARUTOWICZA - ZAMOJSKA - LUBELSKIEGO LIPCA 80 - PLAC DWORCOWY - DWORZEC GŁ. PKP

DZIEŃ POWSZEDNI, ROK SZKOLNY

5	19 37 52
6	07 18 31 47 59
7	15 25 38 47
8	04 15 34 52
9	04 19 30 43
10	01 12 27 42 52
11	07 22 35 48
12	01 15 28 43 54
13	09 23 36 49
14	02 15 29 44
15	02 14 28 43 58
16	11 22 38 55
17	14 26 41 52
18	06 20 41 56
19	22 35 50
20	07 25 45
21	05 22 48
22	12 29

SOBOTA, ROK SZKOLNY

5	10 29 44
6	06 29 51
7	16 38
8	01 23 56
9	18 41
10	03 26 48
11	11 33 56
12	18 41
13	00 26 48
14	11 33 56
15	18 41
16	03 26 48
17	08 33
18	06 27 50
19	12 35 57
20	20 42
21	05 25 45
22	05 29

DZIEŃ ŚWIĄTECZNY, ROK SZKOLNY

5	24 54
6	24 54
7	26 56
8	26
9	06 36
10	06 36
11	06 36
12	06 36
13	06 36
14	06 36
15	06 36
16	06 36
17	06 40
18	15 45
19	15 45
20	15 45
21	15 40
22	14

WIGILIA I SYLWESTER

5	19 37 52
6	07 18 31 47 59
7	15 25 38 47
8	04 15 34 52
9	04 19 30 43
10	01 12 27 42 52
11	07 22 35 48
12	01 15 28 43 54
13	09 23 36 49
14	02 15 29 44
15	02 14 28 43 58
16	11 22 38 55
17	14 26 41 52
18	06 20 41 56
19	22 35
20	
21	05
22	29

WIELKANOC,BOŻE NARODZENIE,NOWY ROK

5	52
6	27
7	16
8	00 59
9	43
10	29
11	13 59
12	43
13	29
14	13 59
15	43
16	28
17	13
18	07 52
19	37
20	20
21	05 50
22	

