PADEREWSKIEGO - CHOINY - SZELIGOWSKIEGO - AL. KOMPOZYTORÓW  - KONCERTOWA - KOSMOWSKIEJ - AL. SIKORSKIEGO - POPIEŁUSZKI - AL. RACŁAWICKIE - KRAKOWSKIE PRZEDMIEŚCIE - NARUTOWICZA - ZAMOJSKA - LUBELSKIEGO LIPCA 80 - PLAC DWORCOWY - DWORZEC GŁ. PKP

DZIEŃ POWSZEDNI, ROK SZKOLNY

4	
5	08 26 41 56
6	07 20 33 45
7	01 11 24 33 50
8	01 20 38 50
9	05 16 29 47 58
10	13 28 38 53
11	08 21 34 47
12	01 14 29 40 55
13	09 22 35 48
14	00 14 29 47 59
15	13 28 43 56
16	07 23 40 59
17	11 26 37 53
18	08 29 44
19	10 23 38 55
20	13 33 53
21	10 36
22	01 18

SOBOTA, ROK SZKOLNY

4	59
5	18 33 55
6	18 40
7	03 25 48
8	10 43
9	05 28 50
10	13 35 58
11	20 43
12	05 28 47
13	13 35 58
14	20 43
15	05 28 50
16	13 35 55
17	20 53
18	15 38
19	00 23 45
20	08 30 53
21	13 33 53
22	18

DZIEŃ ŚWIĄTECZNY, ROK SZKOLNY

4	
5	13 43
6	13 43
7	13 43
8	13 53
9	23 53
10	23 53
11	23 53
12	23 53
13	23 53
14	23 53
15	23 53
16	23 53
17	27
18	03 33
19	03 33
20	03 33
21	03 28
22	03

WIGILIA I SYLWESTER

4	
5	08 26 41 56
6	07 20 33 45
7	01 11 24 33 50
8	01 20 38 50
9	05 16 29 47 58
10	13 28 38 53
11	08 21 34 47
12	01 14 29 40 55
13	09 22 35 48
14	00 14 29 47 59
15	13 28 43 56
16	07 23 40 59
17	11 26 37 53
18	08 29 44
19	10 23
20	53
21	
22	18

WIELKANOC,BOŻE NARODZENIE,NOWY ROK

4	
5	41
6	16
7	03 47
8	46
9	30
10	16
11	00 46
12	30
13	16
14	00 46
15	30
16	15
17	00 55
18	40
19	25
20	08 53
21	38
22	

