ZANA ZUS - ZANA - AL. KRAŚNICKA - AL. RACŁAWICKIE - LIPOWA - AL. PIŁSUDSKIEGO - AL. ZYGMUNTOWSKIE - FABRYCZNA - DROGA M. MAJDANKA - MAJDANEK

DZIEŃ POWSZEDNI, ROK SZKOLNY

4	48 58
5	08 16 24 33 53
6	13 20 26 35 43 52 59
7	03 13 23 33 43 53
8	03 13 23 33 43 53
9	03 11 21 31 41 51
10	01 11 21 31 41 51
11	01 11 21 31 41 51
12	01 11 21 31 41 51
13	01 11 21 31 41 51 56
14	01 14 26 37 47 57
15	07 17 27 37 47 57
16	07 17 27 37 47 57
17	07 16 26 36 46 56
18	06 16 26 36 56
19	16 36 56
20	15 41
21	11 41
22	09 35

SOBOTA, ROK SZKOLNY

4	49
5	01 22 39 59
6	09 21 33 53
7	17 32 37 57
8	17 37 57
9	17 37 57
10	17 37 57
11	17 37 57
12	17 37 57
13	17 37 57
14	17 37 57
15	17 27 37 57
16	17 37 57
17	17 37 57
18	17 37 57
19	17 37 57
20	17 42
21	12 42
22	10 39

DZIEŃ ŚWIĄTECZNY, ROK SZKOLNY

4	
5	10 19 39
6	09 39
7	09 39
8	12 42
9	12 42
10	12 42 52
11	02 12 36 56
12	16 36 56
13	16 36 56
14	16 36 56
15	16 36 56
16	16 36 56
17	16 36 56
18	16 36 56
19	16 36 56
20	16 43
21	13 43
22	11 39

WSZYSTKICH ŚWIĘTYCH

4	
5	10 19 39
6	09 39
7	09 39
8	12 27 42 57
9	12 27 42 57
10	12 27 42 52 57
11	02 07 12 23 36 43 56
12	03 16 23 36 43 56
13	03 16 23 36 43 56
14	03 16 23 36 43 56
15	03 16 23 36 43 56
16	03 16 23 36 43 56
17	03 16 23 36 43 56
18	16 36 56
19	16 36 56
20	16 43
21	13 43
22	11 39

WIGILIA I SYLWESTER

4	48 58
5	08 16 24 33 53
6	13 20 26 35 43 52 59
7	03 13 23 33 43 53
8	03 13 23 33 43 53
9	03 11 21 31 41 51
10	01 11 21 31 41 51
11	01 11 21 31 41 51
12	01 11 21 31 41 51
13	01 11 21 31 41 51 56
14	01 14 26 37 47 57
15	07 17 27 37 47 57
16	07 17 27 37 47 57
17	07 16 26 36 46 56
18	06 16 26 36 56
19	16
20	
21	
22	

WIELKANOC,BOŻE NARODZENIE,NOWY ROK

4	
5	
6	
7	00 45
8	34
9	29
10	14 59
11	44
12	29
13	14 59
14	44
15	29
16	14 59
17	54
18	39
19	24
20	09 54
21	39
22	20

