ZANA ZUS - ZANA - AL. KRAŚNICKA - AL. RACŁAWICKIE - LIPOWA - AL. PIŁSUDSKIEGO - AL. ZYGMUNTOWSKIE - FABRYCZNA - DROGA M. MAJDANKA - MAJDANEK

DZIEŃ POWSZEDNI, ROK SZKOLNY

4	50
5	00 10 18 26 35 55
6	15 22 28 37 45 54
7	01 05 15 25 35 45 55
8	05 15 25 35 45 55
9	05 13 23 33 43 53
10	03 13 23 33 43 53
11	03 13 23 33 43 53
12	03 13 23 33 43 53
13	03 13 23 33 43 53 58
14	03 16 28 39 49 59
15	09 19 29 39 49 59
16	09 19 29 39 49 59
17	09 18 28 38 48 58
18	08 18 28 38 58
19	18 38 58
20	17 43
21	13 43
22	11 37

SOBOTA, ROK SZKOLNY

4	51
5	03 24 41
6	01 11 23 35 55
7	19 34 39 59
8	19 39 59
9	19 39 59
10	19 39 59
11	19 39 59
12	19 39 59
13	19 39 59
14	19 39 59
15	19 29 39 59
16	19 39 59
17	19 39 59
18	19 39 59
19	19 39 59
20	19 44
21	14 44
22	12 41

DZIEŃ ŚWIĄTECZNY, ROK SZKOLNY

4	
5	12 21 41
6	11 41
7	11 41
8	14 44
9	14 44
10	14 44 54
11	04 14 38 58
12	18 38 58
13	18 38 58
14	18 38 58
15	18 38 58
16	18 38 58
17	18 38 58
18	18 38 58
19	18 38 58
20	18 45
21	15 45
22	13 41

WSZYSTKICH ŚWIĘTYCH

4	
5	12 21 41
6	11 41
7	11 41
8	14 29 44 59
9	14 29 44 59
10	14 29 44 54 59
11	04 09 14 25 38 45 58
12	05 18 25 38 45 58
13	05 18 25 38 45 58
14	05 18 25 38 45 58
15	05 18 25 38 45 58
16	05 18 25 38 45 58
17	05 18 25 38 45 58
18	18 38 58
19	18 38 58
20	18 45
21	15 45
22	13 41

WIGILIA I SYLWESTER

4	50
5	00 10 18 26 35 55
6	15 22 28 37 45 54
7	01 05 15 25 35 45 55
8	05 15 25 35 45 55
9	05 13 23 33 43 53
10	03 13 23 33 43 53
11	03 13 23 33 43 53
12	03 13 23 33 43 53
13	03 13 23 33 43 53 58
14	03 16 28 39 49 59
15	09 19 29 39 49 59
16	09 19 29 39 49 59
17	09 18 28 38 48 58
18	08 18 28 38 58
19	18
20	
21	
22	

WIELKANOC,BOŻE NARODZENIE,NOWY ROK

4	
5	
6	
7	02 47
8	36
9	31
10	16
11	01 46
12	31
13	16
14	01 46
15	31
16	16
17	01 56
18	41
19	26
20	11 56
21	41
22	22

