ZANA ZUS - ZANA - AL. KRAŚNICKA - AL. RACŁAWICKIE - LIPOWA - AL. PIŁSUDSKIEGO - AL. ZYGMUNTOWSKIE - FABRYCZNA - DROGA M. MAJDANKA - MAJDANEK

DZIEŃ POWSZEDNI, ROK SZKOLNY

4	40 50
5	00 08 16 25 45
6	05 12 18 25 33 42 49 53
7	03 13 23 33 43 53
8	03 13 23 33 43 53
9	01 11 21 31 41 51
10	01 11 21 31 41 51
11	01 11 21 31 41 51
12	01 11 21 31 41 51
13	01 11 21 31 41 46 51
14	01 13 24 34 44 54
15	04 14 24 34 44 54
16	04 14 24 34 44 54
17	06 16 26 36 46 56
18	06 16 26 46
19	06 26 46
20	06 32
21	02 32
22	01 27

SOBOTA, ROK SZKOLNY

4	41 53
5	14 31 51
6	01 13 25 45
7	08 23 28 48
8	08 28 48
9	08 28 48
10	08 28 48
11	08 28 48
12	08 28 48
13	08 28 48
14	08 28 48
15	08 18 28 48
16	08 28 48
17	08 28 48
18	08 28 48
19	08 28 48
20	08 33
21	03 33
22	02 31

DZIEŃ ŚWIĄTECZNY, ROK SZKOLNY

4	
5	02 11 31
6	01 31
7	01 31
8	03 33
9	03 33
10	03 33 43 53
11	03 27 47
12	07 27 47
13	07 27 47
14	07 27 47
15	07 27 47
16	07 27 47
17	07 27 47
18	07 27 47
19	07 27 47
20	07 34
21	04 34
22	03 31

WSZYSTKICH ŚWIĘTYCH

4	
5	02 11 31
6	01 31
7	01 31
8	03 18 33 48
9	03 18 33 48
10	03 18 33 43 48 53 58
11	03 14 27 34 47 54
12	07 14 27 34 47 54
13	07 14 27 34 47 54
14	07 14 27 34 47 54
15	07 14 27 34 47 54
16	07 14 27 34 47 54
17	07 14 27 34 47
18	07 27 47
19	07 27 47
20	07 34
21	04 34
22	03 31

WIGILIA I SYLWESTER

4	40 50
5	00 08 16 25 45
6	05 12 18 25 33 42 49 53
7	03 13 23 33 43 53
8	03 13 23 33 43 53
9	01 11 21 31 41 51
10	01 11 21 31 41 51
11	01 11 21 31 41 51
12	01 11 21 31 41 51
13	01 11 21 31 41 46 51
14	01 13 24 34 44 54
15	04 14 24 34 44 54
16	04 14 24 34 44 54
17	06 16 26 36 46 56
18	06 16 26 46
19	06
20	
21	
22	

WIELKANOC,BOŻE NARODZENIE,NOWY ROK

4	
5	
6	52
7	37
8	25
9	20
10	05 50
11	35
12	20
13	05 50
14	35
15	20
16	05 50
17	45
18	30
19	15
20	00 45
21	30
22	12

