ZANA ZUS - ZANA - AL. KRAŚNICKA - AL. RACŁAWICKIE - LIPOWA - AL. PIŁSUDSKIEGO - AL. ZYGMUNTOWSKIE - FABRYCZNA - DROGA M. MAJDANKA - MAJDANEK

DZIEŃ POWSZEDNI, ROK SZKOLNY

4	39 49 59
5	07 15 24 44
6	04 11 17 24 31 40 47 51
7	01 11 21 31 41 51
8	01 11 21 31 41 51 59
9	09 19 29 39 49 59
10	09 19 29 39 49 59
11	09 19 29 39 49 59
12	09 19 29 39 49 59
13	09 19 29 39 44 49 59
14	11 22 32 42 52
15	02 12 22 32 42 52
16	02 12 22 32 42 52
17	04 14 24 34 44 54
18	04 14 24 44
19	04 24 44
20	04 30
21	00 30
22	00 26

SOBOTA, ROK SZKOLNY

4	40 52
5	13 30 50
6	00 12 24 44
7	06 21 26 46
8	06 26 46
9	06 26 46
10	06 26 46
11	06 26 46
12	06 26 46
13	06 26 46
14	06 26 46
15	06 16 26 46
16	06 26 46
17	06 26 46
18	06 26 46
19	06 26 46
20	06 31
21	01 31
22	01 30

DZIEŃ ŚWIĄTECZNY, ROK SZKOLNY

4	
5	01 10 30
6	00 30
7	00 30
8	01 31
9	01 31
10	01 31 41 51
11	01 25 45
12	05 25 45
13	05 25 45
14	05 25 45
15	05 25 45
16	05 25 45
17	05 25 45
18	05 25 45
19	05 25 45
20	05 32
21	02 32
22	02 30

WSZYSTKICH ŚWIĘTYCH

4	
5	01 10 30
6	00 30
7	00 30
8	01 16 31 46
9	01 16 31 46
10	01 16 31 41 46 51 56
11	01 12 25 32 45 52
12	05 12 25 32 45 52
13	05 12 25 32 45 52
14	05 12 25 32 45 52
15	05 12 25 32 45 52
16	05 12 25 32 45 52
17	05 12 25 32 45
18	05 25 45
19	05 25 45
20	05 32
21	02 32
22	02 30

WIGILIA I SYLWESTER

4	39 49 59
5	07 15 24 44
6	04 11 17 24 31 40 47 51
7	01 11 21 31 41 51
8	01 11 21 31 41 51 59
9	09 19 29 39 49 59
10	09 19 29 39 49 59
11	09 19 29 39 49 59
12	09 19 29 39 49 59
13	09 19 29 39 44 49 59
14	11 22 32 42 52
15	02 12 22 32 42 52
16	02 12 22 32 42 52
17	04 14 24 34 44 54
18	04 14 24 44
19	04
20	
21	
22	

WIELKANOC,BOŻE NARODZENIE,NOWY ROK

4	
5	
6	51
7	36
8	23
9	18
10	03 48
11	33
12	18
13	03 48
14	33
15	18
16	03 48
17	43
18	28
19	13 58
20	43
21	28
22	11

