ZANA ZUS - ZANA - AL. KRAŚNICKA - AL. RACŁAWICKIE - LIPOWA - AL. PIŁSUDSKIEGO - AL. ZYGMUNTOWSKIE - FABRYCZNA - DROGA M. MAJDANKA - MAJDANEK

DZIEŃ POWSZEDNI, ROK SZKOLNY

5	14 34 54
6	14 21 32 42 52
7	02 12 22 32 42 52
8	02 12 22 32 40 52
9	06 16 26 36 46 56
10	06 16 26 36 46 56
11	06 16 26 36 46 56
12	06 16 26 36 46 56
13	06 16 26 36 46 57
14	08 18 28 38 48 58
15	08 18 28 38 48 58
16	08 18 28 38 51
17	01 11 21 31 41 51
18	01 11 31 51
19	11 31 51
20	19 49
21	19 49
22	16

SOBOTA, ROK SZKOLNY

5	20 50
6	14 34 55
7	14 34 54
8	14 34 54
9	14 34 54
10	14 34 54
11	14 34 54
12	14 34 54
13	14 34 54
14	14 34 54
15	14 34 54
16	14 34 54
17	14 34 54
18	14 34 54
19	14 34 54
20	20 50
21	20 50
22	20

DZIEŃ ŚWIĄTECZNY, ROK SZKOLNY

5	20 50
6	20 50
7	20 51
8	19 49
9	19 49
10	19 49
11	13 33 53
12	13 33 53
13	13 33 53
14	13 33 53
15	13 33 53
16	13 33 53
17	13 33 53
18	13 33 53
19	13 33 53
20	20 50
21	20 50
22	20

WSZYSTKICH ŚWIĘTYCH

5	20 50
6	20 50
7	20 51
8	04 19 34 49
9	04 19 34 49
10	04 19 34 49
11	00 13 20 33 40 53
12	00 13 20 33 40 53
13	00 13 20 33 40 53
14	00 13 20 33 40 53
15	00 13 20 33 40 53
16	00 13 20 33 40 53
17	00 13 20 33 53
18	13 33 53
19	13 33 53
20	20 50
21	20 50
22	20

WIGILIA I SYLWESTER

5	14 34 54
6	14 21 32 42 52
7	02 12 22 32 42 52
8	02 12 22 32 40 52
9	06 16 26 36 46 56
10	06 16 26 36 46 56
11	06 16 26 36 46 56
12	06 16 26 36 46 56
13	06 16 26 36 46 57
14	08 18 28 38 48 58
15	08 18 28 38 48 58
16	08 18 28 38 51
17	01 11 21 31 41 51
18	01 11 31 51
19	
20	
21	
22	

WIELKANOC,BOŻE NARODZENIE,NOWY ROK

5	
6	41
7	26
8	11
9	06 51
10	36
11	21
12	06 51
13	36
14	21
15	06 51
16	36
17	31
18	16
19	01 46
20	31
21	16
22	01

