ABRAMOWICE  - ABRAMOWICKA - KUNICKIEGO - AL. PIŁSUDSKIEGO - LIPOWA - AL. RACŁAWICKIE - AL. KRAŚNICKA - ZANA - FILARETÓW - GŁĘBOKA - NARUTOWICZA - AL. PIŁSUDSKIEGO - KUNICKIEGO - ABRAMOWICE - ŚNIADECKIEGO

DZIEŃ POWSZEDNI, ROK SZKOLNY

4	25 41
5	00 17 33 57
6	17 37 53
7	04 20 32 52
8	12 32 52
9	13 26 46
10	06 25 46
11	05 26 46
12	06 26 45
13	06 26 46
14	06 27 38 47
15	07 27 47
16	07 27 47
17	07 24 43
18	05 25 45
19	05 25 45
20	05 22 54
21	23 53
22	22

SOBOTA, ROK SZKOLNY

4	30 45
5	04 23 56
6	18 37 57
7	18 27 36 56
8	16 36 56
9	16 36 56
10	16 36 56
11	16 36 56
12	16 36 56
13	16 36 56
14	16 36 56
15	16 36 56
16	16 36 56
17	16 36 56
18	16 36 56
19	16 36 56
20	16 36 54
21	24 54
22	23

DZIEŃ ŚWIĄTECZNY, ROK SZKOLNY

4	53
5	23 53
6	23 53
7	23 38 53
8	24 54
9	24 54
10	24 54
11	21 56
12	16 36 56
13	16 36 56
14	06 16 36 56
15	16 36 56
16	16 36 56
17	16 36 56
18	16 36 56
19	16 36 56
20	16 36 54
21	24 54
22	23

WIGILIA I SYLWESTER

4	25 41
5	00 17 33 57
6	17 37 53
7	04 20 32 52
8	12 32 52
9	13 26 46
10	06 25 46
11	05 26 46
12	06 26 45
13	06 26 46
14	06 27 38 47
15	07 27 47
16	07 27 47
17	07 24 43
18	
19	
20	
21	
22	

WIELKANOC,BOŻE NARODZENIE,NOWY ROK

4	
5	
6	24
7	18
8	29
9	49
10	59
11	
12	09
13	19
14	29
15	35
16	49
17	
18	09
19	19
20	29
21	39
22	

