ABRAMOWICE  - ABRAMOWICKA - KUNICKIEGO - AL. PIŁSUDSKIEGO - LIPOWA - AL. RACŁAWICKIE - AL. KRAŚNICKA - ZANA - FILARETÓW - GŁĘBOKA - NARUTOWICZA - AL. PIŁSUDSKIEGO - KUNICKIEGO - ABRAMOWICE - ŚNIADECKIEGO

DZIEŃ POWSZEDNI, ROK SZKOLNY

4	38 54
5	13 30 46
6	10 30 55
7	11 22 38 50
8	10 30 50
9	09 28 41
10	01 21 40
11	01 20 41
12	01 21 41
13	00 21 41
14	01 24 45 56
15	05 25 45
16	05 25 45
17	05 20 37 56
18	18 38 58
19	18 38 58
20	18 35
21	07 36
22	06 35

SOBOTA, ROK SZKOLNY

4	43 58
5	17 36
6	09 31 50
7	10 32 41 50
8	10 30 50
9	10 30 50
10	10 30 50
11	10 30 50
12	10 30 50
13	10 30 50
14	10 30 50
15	10 29 49
16	09 29 49
17	09 29 49
18	09 29 49
19	09 29 49
20	09 29 49
21	07 37
22	07 36

DZIEŃ ŚWIĄTECZNY, ROK SZKOLNY

4	
5	06 36
6	06 36
7	06 36 51
8	06 37
9	07 37
10	07 37
11	07 35
12	10 30 50
13	10 30 50
14	10 20 30 50
15	10 30 50
16	10 29 49
17	09 29 49
18	09 29 49
19	09 29 49
20	09 29 49
21	07 37
22	07 36

WIGILIA I SYLWESTER

4	38 54
5	13 30 46
6	10 30 55
7	11 22 38 50
8	10 30 50
9	09 28 41
10	01 21 40
11	01 20 41
12	01 21 41
13	00 21 41
14	01 24 45 56
15	05 25 45
16	05 25 45
17	05 20 37 56
18	
19	
20	
21	
22	

WIELKANOC,BOŻE NARODZENIE,NOWY ROK

4	
5	
6	37
7	31
8	42
9	
10	02
11	12
12	23
13	33
14	43
15	49
16	
17	02
18	22
19	32
20	42
21	52
22	

