ABRAMOWICE  - ABRAMOWICKA - KUNICKIEGO - AL. PIŁSUDSKIEGO - LIPOWA - AL. RACŁAWICKIE - AL. KRAŚNICKA - ZANA - FILARETÓW - GŁĘBOKA - NARUTOWICZA - AL. PIŁSUDSKIEGO - KUNICKIEGO - ABRAMOWICE - ŚNIADECKIEGO

DZIEŃ POWSZEDNI, ROK SZKOLNY

4	49
5	05 29 49
6	09 29 57
7	17 37 57
8	17 38 50
9	13 33 52
10	13 32 53
11	13 33 53
12	12 33 53
13	13 33 50
14	08 28 48
15	08 28 48
16	08 28 51
17	11 33 53
18	13 33 53
19	13 33 53
20	25 54
21	24 54
22	

SOBOTA, ROK SZKOLNY

4	55
5	28 50
6	09 29 49
7	07 27 47
8	07 27 47
9	07 27 47
10	07 27 47
11	07 27 47
12	07 27 47
13	07 27 47
14	07 27 47
15	07 27 47
16	07 27 47
17	07 27 47
18	07 27 47
19	07 27 47
20	07 25 55
21	25 55
22	

DZIEŃ ŚWIĄTECZNY, ROK SZKOLNY

4	
5	25 55
6	25 55
7	25 55
8	25 55
9	25 55
10	25 52
11	27 47
12	07 27 47
13	07 27 47
14	07 27 47
15	07 27 47
16	07 27 47
17	07 27 47
18	07 27 47
19	07 27 47
20	07 25 55
21	25 55
22	

WIGILIA I SYLWESTER

4	49
5	05 29 49
6	09 29 57
7	17 37 57
8	17 38 50
9	13 33 52
10	13 32 53
11	13 33 53
12	12 33 53
13	13 33 50
14	08 28 48
15	08 28 48
16	08 28 51
17	11 33 53
18	13 33 53
19	
20	
21	
22	

WIELKANOC,BOŻE NARODZENIE,NOWY ROK

4	
5	
6	50
7	
8	00
9	20
10	30
11	40
12	50
13	
14	00
15	06
16	20
17	40
18	50
19	
20	00
21	10
22	15

