ABRAMOWICE  - ABRAMOWICKA - KUNICKIEGO - AL. PIŁSUDSKIEGO - LIPOWA - AL. RACŁAWICKIE - AL. KRAŚNICKA - ZANA - FILARETÓW - GŁĘBOKA - NARUTOWICZA - AL. PIŁSUDSKIEGO - KUNICKIEGO - ABRAMOWICE - ŚNIADECKIEGO

DZIEŃ POWSZEDNI, ROK SZKOLNY

4	51
5	07 31 51
6	11 31 59
7	19 39 59
8	19 40 52
9	15 35 54
10	15 34 55
11	15 35 55
12	14 35 55
13	15 35 52
14	10 30 50
15	10 30 50
16	10 30 53
17	13 35 55
18	15 35 55
19	15 35 55
20	27 56
21	26 56
22	

SOBOTA, ROK SZKOLNY

4	57
5	30 52
6	11 31 51
7	09 29 49
8	09 29 49
9	09 29 49
10	09 29 49
11	09 29 49
12	09 29 49
13	09 29 49
14	09 29 49
15	09 29 49
16	09 29 49
17	09 29 49
18	09 29 49
19	09 29 49
20	09 27 57
21	27 57
22	

DZIEŃ ŚWIĄTECZNY, ROK SZKOLNY

4	
5	27 57
6	27 57
7	27 57
8	27 57
9	27 57
10	27 54
11	29 49
12	09 29 49
13	09 29 49
14	09 29 49
15	09 29 49
16	09 29 49
17	09 29 49
18	09 29 49
19	09 29 49
20	09 27 57
21	27 57
22	

WIGILIA I SYLWESTER

4	51
5	07 31 51
6	11 31 59
7	19 39 59
8	19 40 52
9	15 35 54
10	15 34 55
11	15 35 55
12	14 35 55
13	15 35 52
14	10 30 50
15	10 30 50
16	10 30 53
17	13 35 55
18	15 35 55
19	
20	
21	
22	

WIELKANOC,BOŻE NARODZENIE,NOWY ROK

4	
5	
6	52
7	
8	02
9	22
10	32
11	42
12	52
13	
14	02
15	08
16	22
17	42
18	52
19	
20	02
21	12
22	17

