ABRAMOWICE  - ABRAMOWICKA - KUNICKIEGO - AL. PIŁSUDSKIEGO - LIPOWA - AL. RACŁAWICKIE - AL. KRAŚNICKA - ZANA - FILARETÓW - GŁĘBOKA - NARUTOWICZA - AL. PIŁSUDSKIEGO - KUNICKIEGO - ABRAMOWICE - ŚNIADECKIEGO

DZIEŃ POWSZEDNI, ROK SZKOLNY

4	53
5	09 33 53
6	13 35
7	03 23 43
8	03 23 44 56
9	17 37 56
10	17 36 57
11	17 37 57
12	16 37 57
13	17 37 54
14	13 33 53
15	13 33 53
16	13 33 56
17	15 37 57
18	17 37 57
19	17 37 57
20	29 58
21	28 58
22	

SOBOTA, ROK SZKOLNY

4	59
5	32 54
6	13 33 53
7	11 31 51
8	11 31 51
9	11 31 51
10	11 31 51
11	11 31 51
12	11 31 51
13	11 31 51
14	11 31 51
15	11 31 51
16	11 31 51
17	11 31 51
18	11 31 51
19	11 31 51
20	11 29 59
21	29 59
22	

DZIEŃ ŚWIĄTECZNY, ROK SZKOLNY

4	
5	29 59
6	29 59
7	29 59
8	29 59
9	29 59
10	29 56
11	31 51
12	11 31 51
13	11 31 51
14	11 31 51
15	11 31 51
16	11 31 51
17	11 31 51
18	11 31 51
19	11 31 51
20	11 29 59
21	29 59
22	

WIGILIA I SYLWESTER

4	53
5	09 33 53
6	13 35
7	03 23 43
8	03 23 44 56
9	17 37 56
10	17 36 57
11	17 37 57
12	16 37 57
13	17 37 54
14	13 33 53
15	13 33 53
16	13 33 56
17	15 37 57
18	17 37 57
19	
20	
21	
22	

WIELKANOC,BOŻE NARODZENIE,NOWY ROK

4	
5	
6	54
7	
8	04
9	24
10	34
11	44
12	54
13	
14	04
15	10
16	24
17	44
18	54
19	
20	04
21	14
22	19

