ABRAMOWICE  - ABRAMOWICKA - KUNICKIEGO - AL. PIŁSUDSKIEGO - LIPOWA - AL. RACŁAWICKIE - AL. KRAŚNICKA - ZANA - FILARETÓW - GŁĘBOKA - NARUTOWICZA - AL. PIŁSUDSKIEGO - KUNICKIEGO - ABRAMOWICE - ŚNIADECKIEGO

DZIEŃ POWSZEDNI, ROK SZKOLNY

4	48
5	04 28 48
6	08 28 56
7	16 36 56
8	16 37 49
9	12 32 51
10	12 31 52
11	12 32 52
12	11 32 52
13	12 32 49
14	07 27 47
15	07 27 47
16	07 27 50
17	10 32 52
18	12 32 52
19	12 32 52
20	24 53
21	23 53
22	

SOBOTA, ROK SZKOLNY

4	54
5	27 49
6	08 28 48
7	06 26 46
8	06 26 46
9	06 26 46
10	06 26 46
11	06 26 46
12	06 26 46
13	06 26 46
14	06 26 46
15	06 26 46
16	06 26 46
17	06 26 46
18	06 26 46
19	06 26 46
20	06 24 54
21	24 54
22	

DZIEŃ ŚWIĄTECZNY, ROK SZKOLNY

4	
5	24 54
6	24 54
7	24 54
8	24 54
9	24 54
10	24 51
11	26 46
12	06 26 46
13	06 26 46
14	06 26 46
15	06 26 46
16	06 26 46
17	06 26 46
18	06 26 46
19	06 26 46
20	06 24 54
21	24 54
22	

WIGILIA I SYLWESTER

4	48
5	04 28 48
6	08 28 56
7	16 36 56
8	16 37 49
9	12 32 51
10	12 31 52
11	12 32 52
12	11 32 52
13	12 32 49
14	07 27 47
15	07 27 47
16	07 27 50
17	10 32 52
18	12 32 52
19	
20	
21	
22	

WIELKANOC,BOŻE NARODZENIE,NOWY ROK

4	
5	
6	49
7	59
8	
9	19
10	29
11	39
12	49
13	59
14	
15	05
16	19
17	39
18	49
19	59
20	
21	09
22	14

