ABRAMOWICE  - ABRAMOWICKA - KUNICKIEGO - AL. PIŁSUDSKIEGO - LIPOWA - AL. RACŁAWICKIE - AL. KRAŚNICKA - ZANA - FILARETÓW - GŁĘBOKA - NARUTOWICZA - AL. PIŁSUDSKIEGO - KUNICKIEGO - ABRAMOWICE - ŚNIADECKIEGO

DZIEŃ POWSZEDNI, ROK SZKOLNY

4	35 51
5	10 27 43
6	07 27 52
7	08 19 35 47
8	07 27 47
9	05 24 37 57
10	17 36 57
11	16 37 57
12	17 37 56
13	17 37 57
14	18 39 50 59
15	19 39 59
16	19 39 59
17	17 34 53
18	15 35 55
19	15 35 55
20	15 32
21	04 33
22	03 32

SOBOTA, ROK SZKOLNY

4	40 55
5	14 33
6	06 28 47
7	07 29 38 47
8	07 27 47
9	07 27 47
10	07 27 47
11	07 27 47
12	07 27 47
13	07 27 47
14	07 27 47
15	07 26 46
16	06 26 46
17	06 26 46
18	06 26 46
19	06 26 46
20	06 26 46
21	04 34
22	04 33

DZIEŃ ŚWIĄTECZNY, ROK SZKOLNY

4	
5	03 33
6	03 33
7	03 33 48
8	03 34
9	04 34
10	04 34
11	04 32
12	07 27 47
13	07 27 47
14	07 17 27 47
15	07 27 47
16	07 26 46
17	06 26 46
18	06 26 46
19	06 26 46
20	06 26 46
21	04 34
22	04 33

WIGILIA I SYLWESTER

4	35 51
5	10 27 43
6	07 27 52
7	08 19 35 47
8	07 27 47
9	05 24 37 57
10	17 36 57
11	16 37 57
12	17 37 56
13	17 37 57
14	18 39 50 59
15	19 39 59
16	19 39 59
17	17 34 53
18	
19	
20	
21	
22	

WIELKANOC,BOŻE NARODZENIE,NOWY ROK

4	
5	
6	34
7	28
8	39
9	59
10	
11	09
12	20
13	30
14	40
15	46
16	59
17	
18	19
19	29
20	39
21	49
22	

