ABRAMOWICE  - ABRAMOWICKA - KUNICKIEGO - AL. PIŁSUDSKIEGO - LIPOWA - AL. RACŁAWICKIE - AL. KRAŚNICKA - ZANA - FILARETÓW - GŁĘBOKA - NARUTOWICZA - AL. PIŁSUDSKIEGO - KUNICKIEGO - ABRAMOWICE - ŚNIADECKIEGO

DZIEŃ POWSZEDNI, ROK SZKOLNY

4	45
5	01 25 45
6	05 25 52
7	12 32 52
8	12 33 45
9	09 29 48
10	09 28 49
11	09 29 49
12	08 29 49
13	09 29 46
14	04 24 44
15	04 24 44
16	04 24 47
17	07 29 49
18	09 29 49
19	09 29 49
20	21 50
21	20 50
22	

SOBOTA, ROK SZKOLNY

4	51
5	24 46
6	05 25 45
7	03 23 43
8	03 23 43
9	03 23 43
10	03 23 43
11	03 23 43
12	03 23 43
13	03 23 43
14	03 23 43
15	03 23 43
16	03 23 43
17	03 23 43
18	03 23 43
19	03 23 43
20	03 21 51
21	21 51
22	

DZIEŃ ŚWIĄTECZNY, ROK SZKOLNY

4	
5	21 51
6	21 51
7	21 51
8	21 51
9	21 51
10	21 48
11	23 43
12	03 23 43
13	03 23 43
14	03 23 43
15	03 23 43
16	03 23 43
17	03 23 43
18	03 23 43
19	03 23 43
20	03 21 51
21	21 51
22	

WIGILIA I SYLWESTER

4	45
5	01 25 45
6	05 25 52
7	12 32 52
8	12 33 45
9	09 29 48
10	09 28 49
11	09 29 49
12	08 29 49
13	09 29 46
14	04 24 44
15	04 24 44
16	04 24 47
17	07 29 49
18	09 29 49
19	
20	
21	
22	

WIELKANOC,BOŻE NARODZENIE,NOWY ROK

4	
5	
6	46
7	56
8	
9	16
10	26
11	36
12	46
13	56
14	
15	02
16	16
17	36
18	46
19	56
20	
21	06
22	11

