ABRAMOWICE  - ABRAMOWICKA - KUNICKIEGO - AL. PIŁSUDSKIEGO - LIPOWA - AL. RACŁAWICKIE - AL. KRAŚNICKA - ZANA - FILARETÓW - GŁĘBOKA - NARUTOWICZA - AL. PIŁSUDSKIEGO - KUNICKIEGO - ABRAMOWICE - ŚNIADECKIEGO

DZIEŃ POWSZEDNI, ROK SZKOLNY

4	39 55
5	14 31 47
6	11 32 57
7	13 24 40 52
8	12 32 52
9	11 30 43
10	03 23 42
11	03 22 43
12	03 23 43
13	02 23 43
14	05 28 49
15	00 09 29 49
16	09 29 49
17	07 22 39 58
18	20 40
19	00 20 40
20	00 20 37
21	09 38
22	07 36

SOBOTA, ROK SZKOLNY

4	44 59
5	18 37
6	10 32 51
7	12 34 43 52
8	12 32 52
9	12 32 52
10	12 32 52
11	12 32 52
12	12 32 52
13	12 32 52
14	12 32 52
15	12 31 51
16	11 31 51
17	11 31 51
18	11 31 51
19	11 31 51
20	11 31 51
21	09 39
22	08 37

DZIEŃ ŚWIĄTECZNY, ROK SZKOLNY

4	
5	07 37
6	07 37
7	07 37 52
8	08 39
9	09 39
10	09 39
11	09 37
12	12 32 52
13	12 32 52
14	12 22 32 52
15	12 32 52
16	12 31 51
17	11 31 51
18	11 31 51
19	11 31 51
20	11 31 51
21	09 39
22	08 37

WIGILIA I SYLWESTER

4	39 55
5	14 31 47
6	11 32 57
7	13 24 40 52
8	12 32 52
9	11 30 43
10	03 23 42
11	03 22 43
12	03 23 43
13	02 23 43
14	05 28 49
15	00 09 29 49
16	09 29 49
17	07 22 39 58
18	
19	
20	
21	
22	

WIELKANOC,BOŻE NARODZENIE,NOWY ROK

4	
5	
6	38
7	32
8	44
9	
10	04
11	14
12	25
13	35
14	45
15	51
16	
17	04
18	24
19	34
20	44
21	54
22	

