ABRAMOWICE  - ABRAMOWICKA - KUNICKIEGO - AL. PIŁSUDSKIEGO - LIPOWA - AL. RACŁAWICKIE - AL. KRAŚNICKA - ZANA - FILARETÓW - GŁĘBOKA - NARUTOWICZA - AL. PIŁSUDSKIEGO - KUNICKIEGO - ABRAMOWICE - ŚNIADECKIEGO

DZIEŃ POWSZEDNI, ROK SZKOLNY

4	59
5	15 39 59
6	19 42
7	10 30 50
8	10 30 51
9	03 23 43
10	02 23 42
11	03 23 43
12	03 22 43
13	03 23 43
14	00 20 40
15	00 20 40
16	00 20 40
17	02 21 43
18	03 23 43
19	03 23 43
20	03 35
21	04 34
22	04

SOBOTA, ROK SZKOLNY

4	
5	05 38
6	00 19 39 59
7	17 37 57
8	17 37 57
9	17 37 57
10	17 37 57
11	17 37 57
12	17 37 57
13	17 37 57
14	17 37 57
15	17 37 57
16	17 37 57
17	17 37 57
18	17 37 57
19	17 37 57
20	17 35
21	05 35
22	05

DZIEŃ ŚWIĄTECZNY, ROK SZKOLNY

4	
5	35
6	05 35
7	05 35
8	05 35
9	05 35
10	05 35
11	02 37 57
12	17 37 57
13	17 37 57
14	17 37 57
15	17 37 57
16	17 37 57
17	17 37 57
18	17 37 57
19	17 37 57
20	17 35
21	05 35
22	05

WIGILIA I SYLWESTER

4	59
5	15 39 59
6	19 42
7	10 30 50
8	10 30 51
9	03 23 43
10	02 23 42
11	03 23 43
12	03 22 43
13	03 23 43
14	00 20 40
15	00 20 40
16	00 20 40
17	02 21 43
18	03 23 43
19	03
20	
21	
22	

WIELKANOC,BOŻE NARODZENIE,NOWY ROK

4	
5	
6	
7	00
8	10
9	30
10	40
11	50
12	
13	00
14	10
15	16
16	30
17	50
18	
19	00
20	10
21	20
22	25

