ABRAMOWICE  - ABRAMOWICKA - KUNICKIEGO - AL. PIŁSUDSKIEGO - LIPOWA - AL. RACŁAWICKIE - AL. KRAŚNICKA - ZANA - FILARETÓW - GŁĘBOKA - NARUTOWICZA - AL. PIŁSUDSKIEGO - KUNICKIEGO - ABRAMOWICE - ŚNIADECKIEGO

DZIEŃ POWSZEDNI, ROK SZKOLNY

4	30 46
5	05 22 38
6	02 22 45
7	01 12 28 40
8	00 20 40
9	00 19 32 52
10	12 31 52
11	11 32 52
12	12 32 51
13	12 32 52
14	12 33 44 53
15	13 33 53
16	13 33 53
17	12 29 48
18	10 30 50
19	10 30 50
20	10 27 59
21	28 58
22	27

SOBOTA, ROK SZKOLNY

4	35 50
5	09 28
6	01 23 42
7	02 24 33 42
8	02 22 42
9	02 22 42
10	02 22 42
11	02 22 42
12	02 22 42
13	02 22 42
14	02 22 42
15	02 21 41
16	01 21 41
17	01 21 41
18	01 21 41
19	01 21 41
20	01 21 41 59
21	29 59
22	28

DZIEŃ ŚWIĄTECZNY, ROK SZKOLNY

4	58
5	28 58
6	28 58
7	28 43 58
8	29 59
9	29 59
10	29 59
11	27
12	02 22 42
13	02 22 42
14	02 12 22 42
15	02 22 42
16	02 21 41
17	01 21 41
18	01 21 41
19	01 21 41
20	01 21 41 59
21	29 59
22	28

WIGILIA I SYLWESTER

4	30 46
5	05 22 38
6	02 22 45
7	01 12 28 40
8	00 20 40
9	00 19 32 52
10	12 31 52
11	11 32 52
12	12 32 51
13	12 32 52
14	12 33 44 53
15	13 33 53
16	13 33 53
17	12 29 48
18	
19	
20	
21	
22	

WIELKANOC,BOŻE NARODZENIE,NOWY ROK

4	
5	
6	29
7	23
8	34
9	54
10	
11	04
12	15
13	25
14	35
15	41
16	54
17	
18	14
19	24
20	34
21	44
22	

