ABRAMOWICE  - ABRAMOWICKA - KUNICKIEGO - AL. PIŁSUDSKIEGO - LIPOWA - AL. RACŁAWICKIE - AL. KRAŚNICKA - ZANA - FILARETÓW - GŁĘBOKA - NARUTOWICZA - AL. PIŁSUDSKIEGO - KUNICKIEGO - ABRAMOWICE - ŚNIADECKIEGO

DZIEŃ POWSZEDNI, ROK SZKOLNY

4	21 37 56
5	13 29 53
6	13 33 49
7	00 16 28 48
8	08 28 48
9	09 22 42
10	02 21 42
11	01 22 42
12	02 22 41
13	02 22 42
14	02 23 34 43
15	03 23 43
16	03 23 43
17	03 20 39
18	01 21 41
19	01 21 41
20	01 18 50
21	19 49
22	18

SOBOTA, ROK SZKOLNY

4	26 41
5	00 19 52
6	14 33 53
7	14 23 32 52
8	12 32 52
9	12 32 52
10	12 32 52
11	12 32 52
12	12 32 52
13	12 32 52
14	12 32 52
15	12 32 52
16	12 32 52
17	12 32 52
18	12 32 52
19	12 32 52
20	12 32 50
21	20 50
22	19

DZIEŃ ŚWIĄTECZNY, ROK SZKOLNY

4	49
5	19 49
6	19 49
7	19 34 49
8	20 50
9	20 50
10	20 50
11	17 52
12	12 32 52
13	12 32 52
14	02 12 32 52
15	12 32 52
16	12 32 52
17	12 32 52
18	12 32 52
19	12 32 52
20	12 32 50
21	20 50
22	19

WIGILIA I SYLWESTER

4	21 37 56
5	13 29 53
6	13 33 49
7	00 16 28 48
8	08 28 48
9	09 22 42
10	02 21 42
11	01 22 42
12	02 22 41
13	02 22 42
14	02 23 34 43
15	03 23 43
16	03 23 43
17	03 20 39
18	
19	
20	
21	
22	

WIELKANOC,BOŻE NARODZENIE,NOWY ROK

4	
5	
6	20
7	14
8	25
9	45
10	55
11	
12	05
13	15
14	25
15	31
16	45
17	
18	05
19	15
20	25
21	35
22	

