ABRAMOWICE  - ABRAMOWICKA - KUNICKIEGO - AL. PIŁSUDSKIEGO - LIPOWA - AL. RACŁAWICKIE - AL. KRAŚNICKA - ZANA - FILARETÓW - GŁĘBOKA - NARUTOWICZA - AL. PIŁSUDSKIEGO - KUNICKIEGO - ABRAMOWICE - ŚNIADECKIEGO

DZIEŃ POWSZEDNI, ROK SZKOLNY

4	18 34 53
5	10 26 50
6	10 30 46 57
7	13 25 45
8	05 25 45
9	06 19 39 59
10	18 39 58
11	19 39 59
12	19 38 59
13	19 39 59
14	20 31 40
15	00 20 40
16	00 20 40
17	00 17 36 58
18	18 38 58
19	18 38 58
20	15 47
21	16 46
22	15

SOBOTA, ROK SZKOLNY

4	23 38 57
5	16 49
6	11 30 50
7	11 20 29 49
8	09 29 49
9	09 29 49
10	09 29 49
11	09 29 49
12	09 29 49
13	09 29 49
14	09 29 49
15	09 29 49
16	09 29 49
17	09 29 49
18	09 29 49
19	09 29 49
20	09 29 47
21	17 47
22	16

DZIEŃ ŚWIĄTECZNY, ROK SZKOLNY

4	46
5	16 46
6	16 46
7	16 31 46
8	17 47
9	17 47
10	17 47
11	14 49
12	09 29 49
13	09 29 49 59
14	09 29 49
15	09 29 49
16	09 29 49
17	09 29 49
18	09 29 49
19	09 29 49
20	09 29 47
21	17 47
22	16

WIGILIA I SYLWESTER

4	18 34 53
5	10 26 50
6	10 30 46 57
7	13 25 45
8	05 25 45
9	06 19 39 59
10	18 39 58
11	19 39 59
12	19 38 59
13	19 39 59
14	20 31 40
15	00 20 40
16	00 20 40
17	00 17 36
18	
19	
20	
21	
22	

WIELKANOC,BOŻE NARODZENIE,NOWY ROK

4	
5	
6	17
7	11
8	22
9	42
10	52
11	
12	02
13	12
14	22
15	28
16	42
17	
18	02
19	12
20	22
21	32
22	

