ABRAMOWICE  - ABRAMOWICKA - KUNICKIEGO - AL. PIŁSUDSKIEGO - LIPOWA - AL. RACŁAWICKIE - AL. KRAŚNICKA - ZANA - FILARETÓW - GŁĘBOKA - NARUTOWICZA - AL. PIŁSUDSKIEGO - KUNICKIEGO - ABRAMOWICE - ŚNIADECKIEGO

DZIEŃ POWSZEDNI, ROK SZKOLNY

4	19 35 54
5	11 27 51
6	11 31 47 58
7	14 26 46
8	06 26 46
9	07 20 40
10	00 19 40 59
11	20 40
12	00 20 39
13	00 20 40
14	00 21 32 41
15	01 21 41
16	01 21 41
17	01 18 37 59
18	19 39 59
19	19 39 59
20	16 48
21	17 47
22	16

SOBOTA, ROK SZKOLNY

4	24 39 58
5	17 50
6	12 31 51
7	12 21 30 50
8	10 30 50
9	10 30 50
10	10 30 50
11	10 30 50
12	10 30 50
13	10 30 50
14	10 30 50
15	10 30 50
16	10 30 50
17	10 30 50
18	10 30 50
19	10 30 50
20	10 30 48
21	18 48
22	17

DZIEŃ ŚWIĄTECZNY, ROK SZKOLNY

4	47
5	17 47
6	17 47
7	17 32 47
8	18 48
9	18 48
10	18 48
11	15 50
12	10 30 50
13	10 30 50
14	00 10 30 50
15	10 30 50
16	10 30 50
17	10 30 50
18	10 30 50
19	10 30 50
20	10 30 48
21	18 48
22	17

WIGILIA I SYLWESTER

4	19 35 54
5	11 27 51
6	11 31 47 58
7	14 26 46
8	06 26 46
9	07 20 40
10	00 19 40 59
11	20 40
12	00 20 39
13	00 20 40
14	00 21 32 41
15	01 21 41
16	01 21 41
17	01 18 37
18	
19	
20	
21	
22	

WIELKANOC,BOŻE NARODZENIE,NOWY ROK

4	
5	
6	18
7	12
8	23
9	43
10	53
11	
12	03
13	13
14	23
15	29
16	43
17	
18	03
19	13
20	23
21	33
22	

