MEŁGIEWSKA FS - MEŁGIEWSKA - GOSPODARCZA - ŁĘCZYŃSKA - WOLSKA - PLAC DWORCOWY - KROCHMALNA - JANA PAWŁA II - FILARETÓW - JANA PAWŁA II - ARMII KRAJOWEJ - ORKANA - AL. KRAŚNICKA - WĘGLIN

DZIEŃ POWSZEDNI, ROK SZKOLNY

4	57
5	11 30 57
6	10 22 38
7	05 30
8	01 29 53
9	16 44
10	09 33 58
11	23 49
12	14 39
13	04 29 54
14	21 46
15	09 36 59
16	29 51
17	16 41
18	06 27 57
19	17 42
20	07 32
21	22 47
22	27

SOBOTA, ROK SZKOLNY

4	
5	11 41
6	06 36
7	01 44
8	15
9	02 33
10	11 51
11	27
12	06 41
13	21 56
14	36
15	11 49
16	26
17	04 42
18	17 54
19	26
20	01 36
21	11 41
22	22

DZIEŃ ŚWIĄTECZNY, ROK SZKOLNY

4	
5	11 41
6	06 36
7	01 44
8	15
9	02 33
10	11 51
11	25
12	06 41
13	21 56
14	36
15	11 49
16	26
17	04 42
18	17 54
19	26
20	01 36
21	11 41
22	22

WIGILIA I SYLWESTER

4	57
5	11 30 57
6	10 22 38
7	05 30
8	01 29 53
9	16 44
10	09 33 58
11	23 49
12	14 39
13	04 29 54
14	21 46
15	09 36 59
16	29 51
17	16 41
18	06 27 57
19	42
20	32
21	
22	27

WIELKANOC,BOŻE NARODZENIE,NOWY ROK

4	
5	41
6	36
7	44
8	
9	05
10	16
11	25
12	41
13	56
14	
15	11
16	26
17	41
18	56
19	
20	01
21	11
22	22

DZIEŃ SPECJALNY

4	57
5	11 30 57
6	10 22 35 58
7	28 59
8	27 51
9	14 42
10	07 31 56
11	21 47
12	12 37
13	02 27 52
14	17 42
15	05 32 55
16	25 47
17	12 37
18	02 25 55
19	15 40
20	05 30
21	20 45
22	27

