MEŁGIEWSKA FS - MEŁGIEWSKA - GOSPODARCZA - ŁĘCZYŃSKA - WOLSKA - PLAC DWORCOWY - KROCHMALNA - JANA PAWŁA II - FILARETÓW - JANA PAWŁA II - ARMII KRAJOWEJ - ORKANA - AL. KRAŚNICKA - WĘGLIN

DZIEŃ POWSZEDNI, ROK SZKOLNY

4	56
5	10 29 56
6	09 21 37
7	04 29
8	00 28 52
9	15 43
10	08 32 57
11	22 48
12	13 38
13	03 28 53
14	20 45
15	08 35 58
16	28 50
17	15 40
18	05 26 56
19	16 41
20	06 31
21	21 46
22	26

SOBOTA, ROK SZKOLNY

4	
5	10 40
6	05 35
7	00 43
8	14
9	01 32
10	10 50
11	26
12	05 40
13	20 55
14	35
15	10 48
16	25
17	03 41
18	16 53
19	25
20	00 35
21	10 40
22	21

DZIEŃ ŚWIĄTECZNY, ROK SZKOLNY

4	
5	10 40
6	05 35
7	00 43
8	14
9	01 32
10	10 50
11	24
12	05 40
13	20 55
14	35
15	10 48
16	25
17	03 41
18	16 53
19	25
20	00 35
21	10 40
22	21

WIGILIA I SYLWESTER

4	56
5	10 29 56
6	09 21 37
7	04 29
8	00 28 52
9	15 43
10	08 32 57
11	22 48
12	13 38
13	03 28 53
14	20 45
15	08 35 58
16	28 50
17	15 40
18	05 26 56
19	41
20	31
21	
22	26

WIELKANOC,BOŻE NARODZENIE,NOWY ROK

4	
5	40
6	35
7	43
8	
9	04
10	15
11	24
12	40
13	55
14	
15	10
16	25
17	40
18	55
19	
20	00
21	10
22	21

DZIEŃ SPECJALNY

4	56
5	10 29 56
6	09 21 34 57
7	27 58
8	26 50
9	13 41
10	06 30 55
11	20 46
12	11 36
13	01 26 51
14	16 41
15	04 31 54
16	24 46
17	11 36
18	01 24 54
19	14 39
20	04 29
21	19 44
22	26

