MEŁGIEWSKA FS - MEŁGIEWSKA - GOSPODARCZA - ŁĘCZYŃSKA - WOLSKA - PLAC DWORCOWY - KROCHMALNA - JANA PAWŁA II - FILARETÓW - JANA PAWŁA II - ARMII KRAJOWEJ - ORKANA - AL. KRAŚNICKA - WĘGLIN

DZIEŃ POWSZEDNI, ROK SZKOLNY

5	09 23 42
6	09 22 34 55
7	22 47
8	18 46
9	10 33
10	01 26 50
11	15 40
12	06 31 56
13	21 46
14	11 39
15	04 27 54
16	17 47
17	09 34 59
18	20 41
19	11 31 56
20	21 46
21	36
22	01 39

SOBOTA, ROK SZKOLNY

5	23 53
6	18 48
7	16 59
8	30
9	17 48
10	26
11	06 42
12	21 56
13	36
14	11 51
15	26
16	04 41
17	19 57
18	31
19	08 40
20	15 50
21	25 55
22	34

DZIEŃ ŚWIĄTECZNY, ROK SZKOLNY

5	23 53
6	18 48
7	16 59
8	30
9	17 48
10	26
11	06 40
12	21 56
13	36
14	11 51
15	26
16	04 41
17	19 57
18	31
19	08 40
20	15 50
21	25 55
22	34

WIGILIA I SYLWESTER

5	09 23 42
6	09 22 34 55
7	22 47
8	18 46
9	10 33
10	01 26 50
11	15 40
12	06 31 56
13	21 46
14	11 39
15	04 27 54
16	17 47
17	09 34 59
18	20 41
19	11 56
20	46
21	
22	39

WIELKANOC,BOŻE NARODZENIE,NOWY ROK

5	53
6	48
7	59
8	
9	20
10	31
11	40
12	56
13	
14	11
15	26
16	41
17	56
18	
19	10
20	15
21	25
22	34

DZIEŃ SPECJALNY

5	09 23 42
6	09 22 34 47
7	11 43
8	14 42
9	06 29 57
10	22 46
11	11 36
12	02 27 52
13	17 42
14	07 32 57
15	20 47
16	10 40
17	02 27 52
18	16 39
19	09 29 54
20	19 44
21	34 59
22	39

