MEŁGIEWSKA FS - MEŁGIEWSKA - GOSPODARCZA - ŁĘCZYŃSKA - WOLSKA - PLAC DWORCOWY - KROCHMALNA - JANA PAWŁA II - FILARETÓW - JANA PAWŁA II - ARMII KRAJOWEJ - ORKANA - AL. KRAŚNICKA - WĘGLIN

DZIEŃ POWSZEDNI, ROK SZKOLNY

4	52
5	06 25 52
6	05 17 30 57
7	22 53
8	21 45
9	08 36
10	01 25 50
11	15 41
12	06 31 56
13	21 46
14	12 37
15	00 27 50
16	20 42
17	07 32 57
18	19 49
19	09 34 59
20	24
21	14 39
22	22

SOBOTA, ROK SZKOLNY

4	
5	06 36
6	01 31 56
7	38
8	09 56
9	27
10	05 45
11	21
12	00 35
13	15 50
14	30
15	05 43
16	20 58
17	36
18	11 48
19	20 55
20	30
21	05 35
22	17

DZIEŃ ŚWIĄTECZNY, ROK SZKOLNY

4	
5	06 36
6	01 31 56
7	38
8	09 56
9	27
10	05 45
11	19
12	00 35
13	15 50
14	30
15	05 43
16	20 58
17	36
18	11 48
19	20 55
20	30
21	05 35
22	17

WIGILIA I SYLWESTER

4	52
5	06 25 52
6	05 17 30 57
7	22 53
8	21 45
9	08 36
10	01 25 50
11	15 41
12	06 31 56
13	21 46
14	12 37
15	00 27 50
16	20 42
17	07 32 57
18	19 49
19	34
20	24
21	
22	22

WIELKANOC,BOŻE NARODZENIE,NOWY ROK

4	
5	36
6	31
7	38
8	59
9	
10	10
11	19
12	35
13	50
14	
15	05
16	20
17	35
18	50
19	55
20	
21	05
22	17

DZIEŃ SPECJALNY

4	52
5	06 25 52
6	05 17 30 53
7	22 53
8	21 45
9	08 36
10	01 25 50
11	15 41
12	06 31 56
13	21 46
14	11 36 59
15	26 49
16	19 41
17	06 31 56
18	19 49
19	09 34 59
20	24
21	14 39
22	22

