PADEREWSKIEGO - CHOINY - SZELIGOWSKIEGO - SMORAWIŃSKIEGO - CHODŹKI - PRUSA - 3 MAJA - AL. RACŁAWICKIE - FILARETÓW - JANA PAWŁA II - ARMII KRAJOWEJ - B. M. CASSINO - AL. KRAŚNICKA - WĘGLIN

DZIEŃ POWSZEDNI, ROK SZKOLNY

5	07 21. 36 51
6	00. 12 24 35. 52
7	01 13 22 38. 48
8	00 09. 19 30 40 50.
9	02 12 24 38 48. 58
10	07 18. 30 41 52
11	05. 14 24 35 48.
12	01 14 25. 38 47 59
13	10. 22 33 44 57.
14	10 18 29. 42 55
15	09 21. 32 39 48
16	03. 16 30 39. 51
17	03 15 33. 45 59
18	13. 27 42 57.
19	12 34. 54
20	24 54
21	17 37. 59
22	16

SOBOTA, ROK SZKOLNY

5	25 45.
6	06 26 48
7	10 32. 51
8	14 45
9	10 32. 57
10	22 48
11	11 33. 57
12	21 45
13	10 35. 59
14	23 48
15	12 36.
16	00 24 45
17	07 34.
18	00 23 45
19	12 38.
20	00 22 44
21	04 42
22	18

DZIEŃ ŚWIĄTECZNY, ROK SZKOLNY

5	42
6	15 57
7	31
8	07 52
9	36
10	09 48
11	39
12	20
13	00 38
14	24
15	04 41
16	19
17	12 56
18	30
19	05 49
20	31
21	12
22	18

WIELKANOC,BOŻE NARODZENIE,NOWY ROK

5	29
6	21
7	14
8	12
9	16
10	14
11	09
12	12
13	10
14	07
15	07
16	04
17	07
18	15
19	07
20	07
21	07
22	06

