PADEREWSKIEGO - CHOINY - SZELIGOWSKIEGO - SMORAWIŃSKIEGO - CHODŹKI - PRUSA - 3 MAJA - AL. RACŁAWICKIE - FILARETÓW - JANA PAWŁA II - ARMII KRAJOWEJ - B. M. CASSINO - AL. KRAŚNICKA - WĘGLIN

DZIEŃ POWSZEDNI, ROK SZKOLNY

5	01 15. 30 45 54.
6	06 18 28. 45 54
7	06 15 31. 41 53
8	02. 12 23 33 43. 55
9	05 17 31 41. 51
10	00 11. 23 34 45 58.
11	07 17 28 41. 54
12	07 18. 31 40 52
13	03. 15 26 37 50.
14	02 10 21. 34 47
15	01 13. 24 31 40 55.
16	08 22 31. 43 55
17	07 25. 37 51
18	06. 20 35 50.
19	05 27. 47
20	17 47
21	10 30. 52
22	10

SOBOTA, ROK SZKOLNY

5	19 39.
6	00 20 42
7	03 25. 44
8	07 38
9	03 25. 50
10	14 40
11	04 26. 50
12	14 38
13	03 28. 52
14	16 41
15	05 29. 53
16	17 38
17	00 27. 53
18	16 38
19	05 31. 53
20	15 37 57
21	35
22	12

DZIEŃ ŚWIĄTECZNY, ROK SZKOLNY

5	36
6	09 51
7	24
8	00 45
9	29
10	02 41
11	32
12	13 53
13	31
14	17 57
15	34
16	12
17	05 49
18	23 58
19	42
20	24
21	05
22	12

WIELKANOC,BOŻE NARODZENIE,NOWY ROK

5	23
6	15
7	07
8	05
9	09
10	07
11	02
12	05
13	03
14	00
15	00 57
16	
17	00
18	08
19	00
20	00
21	00
22	00

