PADEREWSKIEGO - CHOINY - SZELIGOWSKIEGO - SMORAWIŃSKIEGO - CHODŹKI - PRUSA - 3 MAJA - AL. RACŁAWICKIE - FILARETÓW - JANA PAWŁA II - ARMII KRAJOWEJ - B. M. CASSINO - AL. KRAŚNICKA - WĘGLIN

DZIEŃ POWSZEDNI, ROK SZKOLNY

5	02 16. 31 46 55.
6	07 19 29. 46 55
7	07 16 32. 42 54
8	03. 13 24 34 44. 56
9	06 18 32 42. 52
10	01 12. 24 35 46 59.
11	08 18 29 42. 55
12	08 19. 32 41 53
13	04. 16 27 38 51.
14	03 11 22. 35 48
15	02 14. 25 32 41 56.
16	09 23 32. 44 56
17	08 26. 38 52
18	07. 21 36 51.
19	06 28. 48
20	18 48
21	11 31. 53
22	11

SOBOTA, ROK SZKOLNY

5	20 40.
6	01 21 43
7	04 26. 45
8	08 39
9	04 26. 51
10	15 41
11	05 27. 51
12	15 39
13	04 29. 53
14	17 42
15	06 30. 54
16	18 39
17	01 28. 54
18	17 39
19	06 32. 54
20	16 38 58
21	36
22	13

DZIEŃ ŚWIĄTECZNY, ROK SZKOLNY

5	37
6	10 52
7	25
8	01 46
9	30
10	03 42
11	33
12	14 54
13	32
14	18 58
15	35
16	13
17	06 50
18	24 59
19	43
20	25
21	06
22	13

WIELKANOC,BOŻE NARODZENIE,NOWY ROK

5	24
6	16
7	08
8	06
9	10
10	08
11	03
12	06
13	04
14	01
15	01 58
16	
17	01
18	09
19	01
20	01
21	01
22	01

