PADEREWSKIEGO - CHOINY - SZELIGOWSKIEGO - SMORAWIŃSKIEGO - CHODŹKI - PRUSA - 3 MAJA - AL. RACŁAWICKIE - FILARETÓW - JANA PAWŁA II - ARMII KRAJOWEJ - B. M. CASSINO - AL. KRAŚNICKA - WĘGLIN

DZIEŃ POWSZEDNI, ROK SZKOLNY

4	
5	07 20 34. 40 49
6	04 13. 25 40 55.
7	12 21 33 42 58.
8	08 20 29. 39 50
9	00 10. 22 32 44 58
10	08. 18 27 38. 50
11	01 12 25. 34 44 55
12	08. 21 34 45. 58
13	07 19 30. 42 53
14	04 18. 32 40 51.
15	04 17 31 43. 54
16	01 10 25. 38 52
17	01. 13 25 37 55.
18	07 16 29. 43 58
19	13. 28 50.
20	10 40
21	10 33 53.
22	12 29

SOBOTA, ROK SZKOLNY

4	48
5	31 38 58.
6	19 39
7	01 29 51.
8	10 33
9	04 29 51.
10	16 41
11	07 30 52.
12	16 40
13	04 29 54.
14	18 42
15	07 31 55.
16	19 43
17	04 26 53.
18	15 38
19	00 27 53.
20	15 37 59
21	19 57
22	31

DZIEŃ ŚWIĄTECZNY, ROK SZKOLNY

4	
5	02 32 55
6	28
7	14 50
8	26
9	11 55
10	28
11	07 58
12	39
13	19 57
14	43
15	23
16	00 38
17	31
18	12 45
19	20
20	04 46
21	27
22	31

WIELKANOC,BOŻE NARODZENIE,NOWY ROK

4	
5	42
6	34
7	33
8	31
9	35
10	33
11	28
12	31
13	29
14	26
15	26
16	23
17	26
18	30
19	22
20	22
21	22
22	19

