PADEREWSKIEGO - CHOINY - SZELIGOWSKIEGO - SMORAWIŃSKIEGO - CHODŹKI - PRUSA - 3 MAJA - AL. RACŁAWICKIE - FILARETÓW - JANA PAWŁA II - ARMII KRAJOWEJ - B. M. CASSINO - AL. KRAŚNICKA - WĘGLIN

DZIEŃ POWSZEDNI, ROK SZKOLNY

4	
5	04 17 31. 37 46
6	01 10. 22 37 52.
7	09 18 30 39 55.
8	05 17 26. 36 47 57
9	07. 19 29 41 55
10	05. 15 24 35. 47 58
11	09 22. 31 41 52
12	05. 18 31 42. 55
13	04 16 27. 39 50
14	01 15. 29 37 48.
15	01 14 28 40. 51 58
16	07 22. 35 49 58.
17	10 22 34 52.
18	04 13 26. 40 55
19	10. 25 47.
20	07 37
21	07 30 50.
22	09 26

SOBOTA, ROK SZKOLNY

4	45
5	28 35 55.
6	16 36 58
7	26 48.
8	07 30
9	01 26 48.
10	13 38
11	04 27 49.
12	13 37
13	01 26 51.
14	15 39
15	04 28 52.
16	16 40
17	01 23 50.
18	12 35 57
19	24 50.
20	12 34 56
21	16 54
22	28

DZIEŃ ŚWIĄTECZNY, ROK SZKOLNY

4	59
5	29 52
6	25
7	11 47
8	23
9	08 52
10	25
11	04 55
12	36
13	16 54
14	40
15	20 57
16	35
17	28
18	09 42
19	17
20	01 43
21	24
22	28

WIELKANOC,BOŻE NARODZENIE,NOWY ROK

4	
5	39
6	31
7	30
8	28
9	32
10	30
11	25
12	28
13	26
14	23
15	23
16	20
17	23
18	27
19	19
20	19
21	19
22	16

