PADEREWSKIEGO - CHOINY - SZELIGOWSKIEGO - SMORAWIŃSKIEGO - CHODŹKI - PRUSA - 3 MAJA - AL. RACŁAWICKIE - FILARETÓW - JANA PAWŁA II - ARMII KRAJOWEJ - B. M. CASSINO - AL. KRAŚNICKA - WĘGLIN

DZIEŃ POWSZEDNI, ROK SZKOLNY

4	
5	08 21 35. 41 50
6	05 14. 26 41 56.
7	13 22 34 43 59.
8	09 21 30. 40 51
9	01 11. 23 33 45 59
10	09. 19 28 39. 51
11	02 13 26. 35 45 56
12	09. 22 35 46. 59
13	08 20 31. 43 54
14	05 19. 33 41 52.
15	05 18 32 44. 55
16	02 11 26. 39 53
17	02. 14 26 38 56.
18	08 17 30. 44 59
19	14. 29 51.
20	11 41
21	11 34 54.
22	13 30

SOBOTA, ROK SZKOLNY

4	49
5	32 39 59.
6	20 40
7	02 30 52.
8	11 34
9	05 30 52.
10	17 42
11	08 31 53.
12	17 41
13	05 30 55.
14	19 43
15	08 32 56.
16	20 44
17	05 27 54.
18	16 39
19	01 28 54.
20	16 38
21	00 20 58
22	32

DZIEŃ ŚWIĄTECZNY, ROK SZKOLNY

4	
5	03 33 56
6	29
7	15 51
8	27
9	12 56
10	29
11	08 59
12	40
13	20 58
14	44
15	24
16	01 39
17	32
18	13 46
19	21
20	05 47
21	28
22	32

WIELKANOC,BOŻE NARODZENIE,NOWY ROK

4	
5	43
6	35
7	34
8	32
9	36
10	34
11	29
12	32
13	30
14	27
15	27
16	24
17	27
18	31
19	23
20	23
21	23
22	20

