PADEREWSKIEGO - CHOINY - SZELIGOWSKIEGO - SMORAWIŃSKIEGO - CHODŹKI - PRUSA - 3 MAJA - AL. RACŁAWICKIE - FILARETÓW - JANA PAWŁA II - ARMII KRAJOWEJ - B. M. CASSINO - AL. KRAŚNICKA - WĘGLIN

DZIEŃ POWSZEDNI, ROK SZKOLNY

4	
5	10 23 37. 43 52
6	07 16. 28 43 58.
7	15 24 36 45
8	01. 11 23 32. 42 53
9	03 13. 25 35 47
10	01 11. 21 30 41. 53
11	04 15 28. 37 47 58
12	11. 24 37 48.
13	01 10 22 33. 45 56
14	07 21. 35 43 54.
15	07 20 34 46. 57
16	04 13 28. 41 55
17	04. 16 28 40 58.
18	10 19 32. 46
19	01 16. 31 53.
20	13 43
21	13 36 56.
22	15 32

SOBOTA, ROK SZKOLNY

4	51
5	34 41
6	01. 22 42
7	04 32 54.
8	13 36
9	07 32 54.
10	19 44
11	10 33 55.
12	19 43
13	07 32 57.
14	21 45
15	10 34 58.
16	22 46
17	07 29 56.
18	18 41
19	03 30 56.
20	18 40
21	02 22
22	00 34

DZIEŃ ŚWIĄTECZNY, ROK SZKOLNY

4	
5	05 35 58
6	31
7	17 53
8	29
9	14 58
10	31
11	10
12	01 42
13	22
14	00 46
15	26
16	03 41
17	34
18	15 48
19	23
20	07 49
21	30
22	34

WIELKANOC,BOŻE NARODZENIE,NOWY ROK

4	
5	45
6	37
7	36
8	34
9	38
10	36
11	31
12	34
13	32
14	29
15	29
16	26
17	29
18	33
19	25
20	25
21	25
22	22

