PADEREWSKIEGO - CHOINY - SZELIGOWSKIEGO - SMORAWIŃSKIEGO - CHODŹKI - PRUSA - 3 MAJA - AL. RACŁAWICKIE - FILARETÓW - JANA PAWŁA II - ARMII KRAJOWEJ - B. M. CASSINO - AL. KRAŚNICKA - WĘGLIN

DZIEŃ POWSZEDNI, ROK SZKOLNY

4	
5	09 22 36. 42 51
6	06 15. 27 42 57.
7	14 23 35 44
8	00. 10 22 31. 41 52
9	02 12. 24 34 46
10	00 10. 20 29 40. 52
11	03 14 27. 36 46 57
12	10. 23 36 47.
13	00 09 21 32. 44 55
14	06 20. 34 42 53.
15	06 19 33 45. 56
16	03 12 27. 40 54
17	03. 15 27 39 57.
18	09 18 31. 45
19	00 15. 30 52.
20	12 42
21	12 35 55.
22	14 31

SOBOTA, ROK SZKOLNY

4	50
5	33 40
6	00. 21 41
7	03 31 53.
8	12 35
9	06 31 53.
10	18 43
11	09 32 54.
12	18 42
13	06 31 56.
14	20 44
15	09 33 57.
16	21 45
17	06 28 55.
18	17 40
19	02 29 55.
20	17 39
21	01 21 59
22	33

DZIEŃ ŚWIĄTECZNY, ROK SZKOLNY

4	
5	04 34 57
6	30
7	16 52
8	28
9	13 57
10	30
11	09
12	00 41
13	21 59
14	45
15	25
16	02 40
17	33
18	14 47
19	22
20	06 48
21	29
22	33

WIELKANOC,BOŻE NARODZENIE,NOWY ROK

4	
5	44
6	36
7	35
8	33
9	37
10	35
11	30
12	33
13	31
14	28
15	28
16	25
17	28
18	32
19	24
20	24
21	24
22	21

