PADEREWSKIEGO - CHOINY - SZELIGOWSKIEGO - SMORAWIŃSKIEGO - CHODŹKI - PRUSA - 3 MAJA - AL. RACŁAWICKIE - FILARETÓW - JANA PAWŁA II - ARMII KRAJOWEJ - B. M. CASSINO - AL. KRAŚNICKA - WĘGLIN

DZIEŃ POWSZEDNI, ROK SZKOLNY

4	
5	14 27 41. 47 56
6	11 20. 33 48
7	03. 20 29 41 50
8	06. 16 28 37. 47 58
9	08 18. 30 40 52
10	06 16. 26 35 46. 58
11	09 20 33. 42 52
12	03 16. 29 42 53.
13	06 15 27 38. 50
14	01 12 26. 40 48 59.
15	12 25 39 51.
16	02 09 18 33. 46
17	00 09. 21 33 45
18	03. 15 24 37. 51
19	06 21. 36 58.
20	18 48
21	18 41
22	01. 19 36

SOBOTA, ROK SZKOLNY

4	55
5	38 45
6	05. 26 46
7	09 37 59.
8	18 41
9	12 37 59.
10	24 49
11	15 38
12	00. 24 48
13	12 37
14	02. 26 50
15	15 39
16	03. 27 51
17	12 34
18	01. 23 46
19	08 35
20	01. 23 45
21	07 27
22	04 38

DZIEŃ ŚWIĄTECZNY, ROK SZKOLNY

4	
5	09 39
6	02 35
7	22 58
8	34
9	19
10	03 36
11	15
12	06 47
13	27
14	05 51
15	31
16	08 46
17	39
18	20 53
19	28
20	12 54
21	35
22	38

WIELKANOC,BOŻE NARODZENIE,NOWY ROK

4	
5	49
6	41
7	41
8	39
9	43
10	41
11	36
12	39
13	37
14	34
15	34
16	31
17	34
18	38
19	30
20	30
21	30
22	26

