PADEREWSKIEGO - CHOINY - SZELIGOWSKIEGO - SMORAWIŃSKIEGO - CHODŹKI - PRUSA - 3 MAJA - AL. RACŁAWICKIE - FILARETÓW - JANA PAWŁA II - ARMII KRAJOWEJ - B. M. CASSINO - AL. KRAŚNICKA - WĘGLIN

DZIEŃ POWSZEDNI, ROK SZKOLNY

5	04 18. 33 48 57.
6	09 21 31. 48 57
7	09 18 34. 44 56
8	05. 15 26 36 46. 58
9	08 20 34 44. 54
10	03 14. 26 37 48
11	01. 10 20 31 44. 57
12	10 21. 34 43 55
13	06. 18 29 40 53.
14	05 13 24. 37 50
15	04 16. 27 34 43 58.
16	11 25 34. 46 58
17	10 28. 40 54
18	09. 23 38 53.
19	08 30. 50
20	20 50
21	13 33. 55
22	13

SOBOTA, ROK SZKOLNY

5	22 42.
6	03 23 45
7	06 28. 47
8	10 41
9	06 28. 53
10	17 43
11	07 29. 53
12	17 41
13	06 31. 55
14	19 44
15	08 32. 56
16	20 41
17	03 30. 56
18	19 41
19	08 34. 56
20	18 40
21	00 38
22	15

DZIEŃ ŚWIĄTECZNY, ROK SZKOLNY

5	39
6	12 54
7	27
8	03 48
9	32
10	05 44
11	35
12	16 56
13	34
14	20
15	00 37
16	15
17	08 52
18	26
19	01 45
20	27
21	08
22	15

WIELKANOC,BOŻE NARODZENIE,NOWY ROK

5	26
6	18
7	10
8	08
9	12
10	10
11	05
12	08
13	06
14	03
15	03
16	00
17	03
18	11
19	03
20	03
21	03
22	03

