MEŁGIEWSKA - CHŁODNIA - MEŁGIEWSKA - AL. ANDERSA - LWOWSKA - AL. TYSIĄCLECIA - 3 MAJA - AL. RACŁAWICKIE - GŁĘBOKA - WILEŃSKA - B. M. CASSINO - AL. KRAŚNICKA - WĘGLIN

DZIEŃ POWSZEDNI, ROK SZKOLNY

4	58
5	26. 44 53.
6	02 16. 26 38 48
7	02 15. 26 37 48. 58
8	08 18. 28 40 51
9	05 16. 26 37 48.
10	02 08 30 56
11	05 15. 27 40 53.
12	06 19 45 58
13	11 24. 36 49
14	00. 12 28 39. 52
15	09 21 31. 44 57
16	10. 27 36 49.
17	06 15 41. 54
18	07 19. 44
19	08 21 39. 55
20	16 39
21	03 26 52
22	20

SOBOTA, ROK SZKOLNY

4	
5	05 13 34 48
6	03 20. 35 57
7	17 33 53
8	19. 39 56
9	14 33 50
10	09. 28 45
11	04 23 41 59.
12	19 39 59
13	16 34 52.
14	12 27 44
15	04 21 40. 59
16	17 34 59
17	24 41. 57
18	15 34 54
19	13 30. 52
20	15 26 59
21	36
22	11

DZIEŃ ŚWIĄTECZNY, ROK SZKOLNY

4	
5	28
6	10 32
7	14 53
8	29
9	13 52
10	26
11	00 40
12	17 54
13	32
14	10 45
15	23 57
16	36
17	19 59
18	36
19	11 45
20	25
21	00 35
22	14

WIELKANOC,BOŻE NARODZENIE,NOWY ROK

4	
5	20
6	17
7	22
8	17
9	22
10	16
11	15
12	06
13	05
14	14
15	06
16	04
17	01
18	04 56
19	49
20	40
21	29
22	17

