MEŁGIEWSKA - CHŁODNIA - MEŁGIEWSKA - AL. ANDERSA - LWOWSKA - AL. TYSIĄCLECIA - 3 MAJA - AL. RACŁAWICKIE - GŁĘBOKA - WILEŃSKA - B. M. CASSINO - AL. KRAŚNICKA - WĘGLIN

DZIEŃ POWSZEDNI, ROK SZKOLNY

4	59
5	27. 45 54.
6	03 17. 27 39 49
7	03 16. 27 38 49. 59
8	09 19. 29 41 52
9	06 17. 27 38 49.
10	03 09 31 57
11	06 16. 28 41 54.
12	07 20 46 59
13	12 25. 37 50
14	01. 13 29 40. 53
15	10 22 32. 45 58
16	11. 28 37 50.
17	07 16 42. 55
18	08 20. 45
19	09 22 40. 56
20	17 40
21	04 27 53
22	21

SOBOTA, ROK SZKOLNY

4	
5	06 14 35 49
6	04 21. 36 58
7	18 34 54
8	20. 40 57
9	15 34 51
10	10. 29 46
11	05 24 42
12	00. 20 40
13	00 17 35 53.
14	13 28 45
15	05 22 41.
16	00 18 35
17	00 25 42. 58
18	16 35 55
19	14 31. 53
20	16 27
21	00 37
22	12

DZIEŃ ŚWIĄTECZNY, ROK SZKOLNY

4	
5	29
6	11 33
7	15 54
8	30
9	14 53
10	27
11	01 41
12	18 55
13	33
14	11 46
15	24 58
16	37
17	20
18	00 37
19	12 46
20	26
21	01 36
22	15

WIELKANOC,BOŻE NARODZENIE,NOWY ROK

4	
5	21
6	18
7	23
8	18
9	23
10	17
11	16
12	07
13	06
14	15
15	07
16	05
17	02
18	05 57
19	50
20	41
21	30
22	18

