MEŁGIEWSKA - CHŁODNIA - MEŁGIEWSKA - AL. ANDERSA - LWOWSKA - AL. TYSIĄCLECIA - 3 MAJA - AL. RACŁAWICKIE - GŁĘBOKA - WILEŃSKA - B. M. CASSINO - AL. KRAŚNICKA - WĘGLIN

DZIEŃ POWSZEDNI, ROK SZKOLNY

5	00 28. 46 55.
6	04 18. 28 41 51
7	05 18. 29 40 51.
8	01 11 21. 31 43 54
9	08 19. 29 40 51.
10	05 11 33 59
11	08 18. 30 43 56.
12	09 22 48
13	01 14 27. 39 52
14	03. 15 31 42. 55
15	12 24 34. 47
16	00 13. 30 39 52.
17	09 18 44. 57
18	10 22. 47
19	11 24 42. 58
20	19 42
21	06 29 55
22	22

SOBOTA, ROK SZKOLNY

5	07 15 36 50
6	05 22. 37 59
7	20 36 56
8	22. 42 59
9	17 36 53
10	12. 31 48
11	07 26 44
12	02. 22 42
13	02 19 37 55.
14	15 30 47
15	07 24 43.
16	02 20 37
17	02 27 44.
18	00 18 37 57
19	16 33. 55
20	18 29
21	02 39
22	13

DZIEŃ ŚWIĄTECZNY, ROK SZKOLNY

5	30
6	12 34
7	17 56
8	32
9	16 55
10	29
11	03 43
12	20 57
13	35
14	13 48
15	26
16	00 39
17	22
18	02 39
19	14 48
20	28
21	03 38
22	16

WIELKANOC,BOŻE NARODZENIE,NOWY ROK

5	22
6	19
7	25
8	20
9	25
10	19
11	18
12	09
13	08
14	17
15	09
16	07
17	04
18	07 59
19	52
20	43
21	32
22	19

