MEŁGIEWSKA - CHŁODNIA - MEŁGIEWSKA - AL. ANDERSA - LWOWSKA - AL. TYSIĄCLECIA - 3 MAJA - AL. RACŁAWICKIE - GŁĘBOKA - WILEŃSKA - B. M. CASSINO - AL. KRAŚNICKA - WĘGLIN

DZIEŃ POWSZEDNI, ROK SZKOLNY

5	01 29. 47 56.
6	05 19. 29 42 52
7	06 19. 30 41 52.
8	02 12 22. 32 44 55
9	09 20. 30 41 52.
10	06 12 34
11	00 09 19. 31 44 57.
12	10 23 49
13	02 15 28. 40 53
14	04. 16 32 43. 56
15	13 25 35. 48
16	01 14. 31 40 53.
17	10 19 45. 58
18	11 23. 48
19	12 25 43. 59
20	20 43
21	07 30 56
22	23

SOBOTA, ROK SZKOLNY

5	08 16 37 51
6	06 23. 38
7	00 21 37 57
8	23. 43
9	00 18 37 54
10	13. 32 49
11	08 27 45
12	03. 23 43
13	03 20 38 56.
14	16 31 48
15	08 25 44.
16	03 21 38
17	03 28 45.
18	01 19 38 58
19	17 34. 56
20	19 30
21	03 40
22	14

DZIEŃ ŚWIĄTECZNY, ROK SZKOLNY

5	31
6	13 35
7	18 57
8	33
9	17 56
10	30
11	04 44
12	21 58
13	36
14	14 49
15	27
16	01 40
17	23
18	03 40
19	15 49
20	29
21	04 39
22	17

WIELKANOC,BOŻE NARODZENIE,NOWY ROK

5	23
6	20
7	26
8	21
9	26
10	20
11	19
12	10
13	09
14	18
15	10
16	08
17	05
18	08
19	00 53
20	44
21	33
22	20

