MEŁGIEWSKA - CHŁODNIA - MEŁGIEWSKA - AL. ANDERSA - LWOWSKA - AL. TYSIĄCLECIA - 3 MAJA - AL. RACŁAWICKIE - GŁĘBOKA - WILEŃSKA - B. M. CASSINO - AL. KRAŚNICKA - WĘGLIN

DZIEŃ POWSZEDNI, ROK SZKOLNY

5	02 30. 48 57.
6	06 20. 30 43 53
7	07 20. 31 42 53.
8	03 13 23. 33 45 56
9	10 21. 31 42 53.
10	07 13 35
11	01 10 20. 32 45 58.
12	11 24 50
13	03 16 29. 41 54
14	05. 17 33 44. 57
15	14 26 36. 49
16	02 15. 32 41 54.
17	11 20 46. 59
18	12 24. 49
19	13 26 44.
20	00 21 44
21	08 31 57
22	24

SOBOTA, ROK SZKOLNY

5	09 17 38 52
6	07 24. 39
7	01 22 38 58
8	24. 44
9	01 19 38 55
10	14. 33 50
11	09 28 46
12	04. 24 44
13	04 21 39 57.
14	17 32 49
15	09 26 45.
16	04 22 39
17	04 29 46.
18	02 20 39 59
19	18 35. 57
20	20 31
21	04 41
22	15

DZIEŃ ŚWIĄTECZNY, ROK SZKOLNY

5	32
6	14 36
7	19 58
8	34
9	18 57
10	31
11	05 45
12	22 59
13	37
14	15 50
15	28
16	02 41
17	24
18	04 41
19	16 50
20	30
21	05 40
22	18

WIELKANOC,BOŻE NARODZENIE,NOWY ROK

5	24
6	21
7	27
8	22
9	27
10	21
11	20
12	11
13	10
14	19
15	11
16	09
17	06
18	09
19	01 54
20	45
21	34
22	21

