MEŁGIEWSKA - CHŁODNIA - MEŁGIEWSKA - AL. ANDERSA - LWOWSKA - AL. TYSIĄCLECIA - 3 MAJA - AL. RACŁAWICKIE - GŁĘBOKA - WILEŃSKA - B. M. CASSINO - AL. KRAŚNICKA - WĘGLIN

DZIEŃ POWSZEDNI, ROK SZKOLNY

4	54
5	22. 40 49. 58
6	12. 22 32 42 56
7	09. 20 31 42. 52
8	02 12. 22 34 45 59
9	10. 20 31 42. 56
10	02 24 50 59
11	09. 21 34 47.
12	00 13 39 52
13	05 18. 30 43 54.
14	06 22 33. 46
15	03 15 25. 38 51
16	04. 21 30 43.
17	00 09 35. 48
18	01 13. 38
19	02 15 33. 49
20	10 33 57
21	20 46
22	16

SOBOTA, ROK SZKOLNY

4	
5	09 30 44 59
6	16. 31 53
7	11 27 47
8	13. 33 50
9	08 27 44
10	03. 22 39 58
11	17 35 53.
12	13 33 53
13	10 28 46.
14	06 21 38 58
15	15 34. 53
16	11 28 53
17	18 35. 51
18	09 28 48
19	07 24. 46
20	09 20 53
21	30
22	07

DZIEŃ ŚWIĄTECZNY, ROK SZKOLNY

4	
5	24
6	06 28
7	08 47
8	23
9	07 46
10	20 54
11	34
12	11 48
13	26
14	04 39
15	17 51
16	30
17	13 53
18	30
19	05 39
20	19 54
21	29
22	10

WIELKANOC,BOŻE NARODZENIE,NOWY ROK

4	
5	16
6	13
7	16
8	11
9	16
10	10
11	09
12	00 59
13	
14	08
15	00 58
16	55
17	58
18	50
19	43
20	34
21	23
22	13

