MEŁGIEWSKA - CHŁODNIA - MEŁGIEWSKA - AL. ANDERSA - LWOWSKA - AL. TYSIĄCLECIA - 3 MAJA - AL. RACŁAWICKIE - GŁĘBOKA - WILEŃSKA - B. M. CASSINO - AL. KRAŚNICKA - WĘGLIN

DZIEŃ POWSZEDNI, ROK SZKOLNY

4	53
5	21. 39 48. 57
6	11. 21 31 41 55
7	08. 19 30 41. 51
8	01 11. 21 33 44 58
9	09. 19 30 41. 55
10	01 23 49 58
11	08. 20 33 46. 59
12	12 38 51
13	04 17. 29 42 53.
14	05 21 32. 45
15	02 14 24. 37 50
16	03. 20 29 42. 59
17	08 34. 47
18	00 12. 37
19	01 14 32. 48
20	09 32 56
21	19 45
22	15

SOBOTA, ROK SZKOLNY

4	
5	08 29 43 58
6	15. 30 52
7	10 26 46
8	12. 32 49
9	07 26 43
10	02. 21 38 57
11	16 34 52.
12	12 32 52
13	09 27 45.
14	05 20 37 57
15	14 33. 52
16	10 27 52
17	17 34. 50
18	08 27 47
19	06 23. 45
20	08 19 52
21	29
22	06

DZIEŃ ŚWIĄTECZNY, ROK SZKOLNY

4	
5	23
6	05 27
7	07 46
8	22
9	06 45
10	19 53
11	33
12	10 47
13	25
14	03 38
15	16 50
16	29
17	12 52
18	29
19	04 38
20	18 53
21	28
22	09

WIELKANOC,BOŻE NARODZENIE,NOWY ROK

4	
5	15
6	12
7	15
8	10
9	15
10	09
11	08 59
12	58
13	
14	07 59
15	57
16	54
17	57
18	49
19	42
20	33
21	22
22	12

