MEŁGIEWSKA - CHŁODNIA - MEŁGIEWSKA - AL. ANDERSA - LWOWSKA - AL. TYSIĄCLECIA - 3 MAJA - AL. RACŁAWICKIE - GŁĘBOKA - WILEŃSKA - B. M. CASSINO - AL. KRAŚNICKA - WĘGLIN

DZIEŃ POWSZEDNI, ROK SZKOLNY

4	55
5	23. 41 50. 59
6	13. 23 34 44 58
7	11. 22 33 44. 54
8	04 14. 24 36 47
9	01 12. 22 33 44. 58
10	04 26 52
11	01 11. 23 36 49.
12	02 15 41 54
13	07 20. 32 45 56.
14	08 24 35. 48
15	05 17 27. 40 53
16	06. 23 32 45.
17	02 11 37. 50
18	03 15. 40
19	04 17 35. 51
20	12 35 59
21	22 48
22	17

SOBOTA, ROK SZKOLNY

4	
5	10 31 45
6	00 17. 32 54
7	13 29 49
8	15. 35 52
9	10 29 46
10	05. 24 41
11	00 19 37 55.
12	15 35 55
13	12 30 48.
14	08 23 40
15	00 17 36. 55
16	13 30 55
17	20 37. 53
18	11 30 50
19	09 26. 48
20	11 22 55
21	32
22	08

DZIEŃ ŚWIĄTECZNY, ROK SZKOLNY

4	
5	25
6	07 29
7	10 49
8	25
9	09 48
10	22 56
11	36
12	13 50
13	28
14	06 41
15	19 53
16	32
17	15 55
18	32
19	07 41
20	21 56
21	31
22	11

WIELKANOC,BOŻE NARODZENIE,NOWY ROK

4	
5	17
6	14
7	18
8	13
9	18
10	12
11	11
12	02
13	01
14	10
15	02
16	00 57
17	
18	00 52
19	45
20	36
21	25
22	14

