MEŁGIEWSKA - CHŁODNIA - MEŁGIEWSKA - AL. ANDERSA - LWOWSKA - AL. TYSIĄCLECIA - 3 MAJA - AL. RACŁAWICKIE - GŁĘBOKA - WILEŃSKA - B. M. CASSINO - AL. KRAŚNICKA - WĘGLIN

DZIEŃ POWSZEDNI, ROK SZKOLNY

4	56
5	24. 42 51.
6	00 14. 24 36 46
7	00 13. 24 35 46. 56
8	06 16. 26 38 49
9	03 14. 24 35 46.
10	00 06 28 54
11	03 13. 25 38 51.
12	04 17 43 56
13	09 22. 34 47 58.
14	10 26 37. 50
15	07 19 29. 42 55
16	08. 25 34 47.
17	04 13 39. 52
18	05 17. 42
19	06 19 37. 53
20	14 37
21	01 24 50
22	18

SOBOTA, ROK SZKOLNY

4	
5	11 32 46
6	01 18. 33 55
7	15 31 51
8	17. 37 54
9	12 31 48
10	07. 26 43
11	02 21 39 57.
12	17 37 57
13	14 32 50.
14	10 25 42
15	02 19 38. 57
16	15 32 57
17	22 39. 55
18	13 32 52
19	11 28. 50
20	13 24 57
21	34
22	09

DZIEŃ ŚWIĄTECZNY, ROK SZKOLNY

4	
5	26
6	08 30
7	12 51
8	27
9	11 50
10	24 58
11	38
12	15 52
13	30
14	08 43
15	21 55
16	34
17	17 57
18	34
19	09 43
20	23 58
21	33
22	12

WIELKANOC,BOŻE NARODZENIE,NOWY ROK

4	
5	18
6	15
7	20
8	15
9	20
10	14
11	13
12	04
13	03
14	12
15	04
16	02 59
17	
18	02 54
19	47
20	38
21	27
22	15

