OS. SZYMANOWSKIEGO - KONCERTOWA - AL. KOMPOZYTORÓW  - AL. SOLIDARNOŚCI - AL. TYSIĄCLECIA - LWOWSKA - AL. ANDERSA - MEŁGIEWSKA - GOSPODARCZA - ŁĘCZYŃSKA - WOLSKA - PLAC DWORCOWY - DWORZEC GŁ. PKP

DZIEŃ POWSZEDNI, ROK SZKOLNY

5	07 25 37 46 58
6	04 10 22 41 51
7	06 18 30 38 44 56
8	08 20 32 52
9	02 09 16 30 42 54
10	07 16 33 40 46 59
11	12 25 38 49
12	04 11 17 28 43 57
13	12 23 36 43 49
14	02 16 29 45 59
15	13 20 26 40 54
16	08 20 37 47 56
17	02 15 28 55
18	06 19 32 39 45 59
19	13 25 38 49 58
20	07 13 25 37 50
21	01 12 29 50
22	09 20

SOBOTA, ROK SZKOLNY

5	30 35 55
6	23 44 49
7	08 32 55
8	11 16 39
9	01 23 45 51
10	07 33 51
11	17 22 40
12	03 26 49 54
13	14 34 58
14	21 26 44
15	05 34 53
16	01 16 39
17	02 25 30 48
18	11 33 56
19	01 20 43
20	14 44
21	09 39
22	07 25

DZIEŃ ŚWIĄTECZNY, ROK SZKOLNY

5	30 55
6	23 44
7	08 31 54
8	11 39
9	01 24 45
10	07 27 51
11	17 40
12	03 23 49
13	16 37 58
14	21 44
15	05 30 55
16	16 39
17	01 25 48
18	11 33 56
19	24 43 55
20	44
21	09 39
22	07 25

WIGILIA I SYLWESTER

5	07 25 37 46 58
6	04 10 22 41 51
7	06 18 30 38 44 56
8	08 20 32 52
9	02 09 16 30 42 54
10	07 16 33 40 46 59
11	12 25 38 49
12	04 11 17 28 43 57
13	12 23 36 43 49
14	02 16 29 45 59
15	13 20 26 40 54
16	08 20 37 47 56
17	02 15 28 55
18	06 19 32 39 45 59
19	13 38 58
20	37
21	
22	09

WIELKANOC,BOŻE NARODZENIE,NOWY ROK

5	48
6	30
7	07 52
8	44
9	35
10	21
11	07 53
12	39
13	25
14	11 57
15	43
16	29
17	15
18	12 55
19	38
20	20
21	03 46
22	20

