OS. SZYMANOWSKIEGO - KONCERTOWA - AL. KOMPOZYTORÓW  - AL. SOLIDARNOŚCI - AL. TYSIĄCLECIA - LWOWSKA - AL. ANDERSA - MEŁGIEWSKA - GOSPODARCZA - ŁĘCZYŃSKA - WOLSKA - PLAC DWORCOWY - DWORZEC GŁ. PKP

DZIEŃ POWSZEDNI, ROK SZKOLNY

5	12 30 42 51
6	03 09 15 27 47 57
7	12 24 36 44 50
8	02 14 26 38 58
9	08 15 22 36 48
10	00 13 22 39 46 52
11	05 18 31 44 55
12	10 17 23 34 49
13	03 18 29 42 49 55
14	08 22 35 51
15	05 19 26 32 46
16	00 14 26 43 53
17	02 08 21 34
18	01 11 24 37 44 50
19	04 18 30 43 54
20	03 12 18 30 42 55
21	06 17 34 55
22	14 25

SOBOTA, ROK SZKOLNY

5	35 40
6	00 28 49 54
7	13 37
8	00 16 21 44
9	06 28 50 56
10	12 38 56
11	22 27 45
12	08 31 54 59
13	19 39
14	03 26 31 49
15	10 39 58
16	06 21 44
17	07 30 35 53
18	16 38
19	01 06 25 48
20	19 49
21	14 44
22	12 30

DZIEŃ ŚWIĄTECZNY, ROK SZKOLNY

5	35
6	00 28 49
7	13 36 59
8	16 44
9	06 29 50
10	12 32 56
11	22 45
12	08 28 54
13	21 42
14	03 26 49
15	10 35
16	00 21 44
17	06 30 53
18	16 38
19	01 29 48
20	00 49
21	14 44
22	12 30

WIGILIA I SYLWESTER

5	12 30 42 51
6	03 09 15 27 47 57
7	12 24 36 44 50
8	02 14 26 38 58
9	08 15 22 36 48
10	00 13 22 39 46 52
11	05 18 31 44 55
12	10 17 23 34 49
13	03 18 29 42 49 55
14	08 22 35 51
15	05 19 26 32 46
16	00 14 26 43 53
17	02 08 21 34
18	01 11 24 37 44 50
19	04 18 43
20	03 42
21	
22	14

WIELKANOC,BOŻE NARODZENIE,NOWY ROK

5	53
6	35
7	12 57
8	49
9	40
10	26
11	12 58
12	44
13	30
14	16
15	02 48
16	34
17	20
18	17
19	00 43
20	25
21	08 51
22	25

