OS. SZYMANOWSKIEGO - KONCERTOWA - AL. KOMPOZYTORÓW  - AL. SOLIDARNOŚCI - AL. TYSIĄCLECIA - LWOWSKA - AL. ANDERSA - MEŁGIEWSKA - GOSPODARCZA - ŁĘCZYŃSKA - WOLSKA - PLAC DWORCOWY - DWORZEC GŁ. PKP

DZIEŃ POWSZEDNI, ROK SZKOLNY

5	11 29 41 50
6	02 08 14 26 46 56
7	11 23 35 43 49
8	01 13 25 37 57
9	07 14 21 35 47 59
10	12 21 38 45 51
11	04 17 30 43 54
12	09 16 22 33 48
13	02 17 28 41 48 54
14	07 21 34 50
15	04 18 25 31 45 59
16	13 25 42 52
17	01 07 20 33
18	00 10 23 36 43 49
19	03 17 29 42 53
20	02 11 17 29 41 54
21	05 16 33 54
22	13 24

SOBOTA, ROK SZKOLNY

5	34 39 59
6	27 48 53
7	12 36 59
8	15 20 43
9	05 27 49 55
10	11 37 55
11	21 26 44
12	07 30 53 58
13	18 38
14	02 25 30 48
15	09 38 57
16	05 20 43
17	06 29 34 52
18	15 37
19	00 05 24 47
20	18 48
21	13 43
22	11 29

DZIEŃ ŚWIĄTECZNY, ROK SZKOLNY

5	34 59
6	27 48
7	12 35 58
8	15 43
9	05 28 49
10	11 31 55
11	21 44
12	07 27 53
13	20 41
14	02 25 48
15	09 34 59
16	20 43
17	05 29 52
18	15 37
19	00 28 47 59
20	48
21	13 43
22	11 29

WIGILIA I SYLWESTER

5	11 29 41 50
6	02 08 14 26 46 56
7	11 23 35 43 49
8	01 13 25 37 57
9	07 14 21 35 47 59
10	12 21 38 45 51
11	04 17 30 43 54
12	09 16 22 33 48
13	02 17 28 41 48 54
14	07 21 34 50
15	04 18 25 31 45 59
16	13 25 42 52
17	01 07 20 33
18	00 10 23 36 43 49
19	03 17 42
20	02 41
21	
22	13

WIELKANOC,BOŻE NARODZENIE,NOWY ROK

5	52
6	34
7	11 56
8	48
9	39
10	25
11	11 57
12	43
13	29
14	15
15	01 47
16	33
17	19
18	16 59
19	42
20	24
21	07 50
22	24

