OS. SZYMANOWSKIEGO - KONCERTOWA - AL. KOMPOZYTORÓW  - AL. SOLIDARNOŚCI - AL. TYSIĄCLECIA - LWOWSKA - AL. ANDERSA - MEŁGIEWSKA - GOSPODARCZA - ŁĘCZYŃSKA - WOLSKA - PLAC DWORCOWY - DWORZEC GŁ. PKP

DZIEŃ POWSZEDNI, ROK SZKOLNY

4	53
5	11 23 32 44 50 56
6	08 23 30 45 57
7	09 17 23 35 47 59
8	11 31 41 48 55
9	09 21 33 46 55
10	12 19 25 38 51
11	04 17 28 43 50 56
12	07 22 36 51
13	02 15 22 28 41 54
14	07 23 37 51 58
15	04 18 32 46 58
16	15 25 34 40 54
17	07 34 45 59
18	13 20 26 40 54
19	06 19 30 39 48 54
20	06 18 31 42 53
21	10 31 53
22	06

SOBOTA, ROK SZKOLNY

4	
5	16 21 41
6	09 30 35 52
7	12 35 51 56
8	19 41
9	03 25 31 47
10	13 31 57
11	02 20 43
12	06 29 34 54
13	14 38
14	01 06 24 45
15	14 33 41 56
16	19 42
17	05 10 28 51
18	14 37 42
19	01 24 56
20	26 51
21	21 51
22	11

DZIEŃ ŚWIĄTECZNY, ROK SZKOLNY

4	
5	16 41
6	09 30 52
7	12 35 51
8	19 41
9	04 25 47
10	07 31 57
11	20 43
12	03 29 56
13	17 38
14	01 24 45
15	10 35 56
16	19 41
17	05 28 51
18	14 37
19	05 24 36
20	26 51
21	21 51
22	11

WIGILIA I SYLWESTER

4	53
5	11 23 32 44 50 56
6	08 23 30 45 57
7	09 17 23 35 47 59
8	11 31 41 48 55
9	09 21 33 46 55
10	12 19 25 38 51
11	04 17 28 43 50 56
12	07 22 36 51
13	02 15 22 28 41 54
14	07 23 37 51 58
15	04 18 32 46 58
16	15 25 34 40 54
17	07 34 45 59
18	13 20 26 40 54
19	19 39
20	18
21	53
22	

WIELKANOC,BOŻE NARODZENIE,NOWY ROK

4	
5	34
6	16 51
7	33
8	24
9	15
10	01 47
11	33
12	19
13	05 51
14	37
15	23
16	09 55
17	52
18	36
19	19
20	02 45
21	28
22	06

