OS. SZYMANOWSKIEGO - KONCERTOWA - AL. KOMPOZYTORÓW  - AL. SOLIDARNOŚCI - AL. TYSIĄCLECIA - LWOWSKA - AL. ANDERSA - MEŁGIEWSKA - GOSPODARCZA - ŁĘCZYŃSKA - WOLSKA - PLAC DWORCOWY - DWORZEC GŁ. PKP

DZIEŃ POWSZEDNI, ROK SZKOLNY

5	04 22 34 43 55
6	01 07 19 37 47
7	02 14 26 34 40 52
8	04 16 28 48 58
9	05 12 26 38 50
10	03 12 29 36 42 55
11	08 21 34 45
12	00 07 13 24 39 53
13	08 19 32 39 45 58
14	12 25 41 55
15	09 16 22 36 50
16	04 16 33 43 52 58
17	11 24 51
18	02 15 28 35 41 55
19	09 21 34 45 54
20	03 09 21 33 46 57
21	08 25 46
22	06 17

SOBOTA, ROK SZKOLNY

5	27 32 52
6	20 41 46
7	04 28 51
8	07 12 35 57
9	19 41 47
10	03 29 47
11	13 18 36 59
12	22 45 50
13	10 30 54
14	17 22 40
15	01 30 49 57
16	12 35 58
17	21 26 44
18	07 29 52 57
19	16 39
20	10 40
21	05 35
22	04 22

DZIEŃ ŚWIĄTECZNY, ROK SZKOLNY

5	27 52
6	20 41
7	04 27 50
8	07 35 57
9	20 41
10	03 23 47
11	13 36 59
12	19 45
13	12 33 54
14	17 40
15	01 26 51
16	12 35 57
17	21 44
18	07 29 52
19	20 39 51
20	40
21	05 35
22	04 22

WIGILIA I SYLWESTER

5	04 22 34 43 55
6	01 07 19 37 47
7	02 14 26 34 40 52
8	04 16 28 48 58
9	05 12 26 38 50
10	03 12 29 36 42 55
11	08 21 34 45
12	00 07 13 24 39 53
13	08 19 32 39 45 58
14	12 25 41 55
15	09 16 22 36 50
16	04 16 33 43 52 58
17	11 24 51
18	02 15 28 35 41 55
19	09 34 54
20	33
21	
22	06

WIELKANOC,BOŻE NARODZENIE,NOWY ROK

5	45
6	27
7	03 48
8	40
9	31
10	17
11	03 49
12	35
13	21
14	07 53
15	39
16	25
17	11
18	08 51
19	34
20	16 59
21	42
22	17

