OS. SZYMANOWSKIEGO - KONCERTOWA - AL. KOMPOZYTORÓW  - AL. SOLIDARNOŚCI - AL. TYSIĄCLECIA - LWOWSKA - AL. ANDERSA - MEŁGIEWSKA - GOSPODARCZA - ŁĘCZYŃSKA - WOLSKA - PLAC DWORCOWY - DWORZEC GŁ. PKP

DZIEŃ POWSZEDNI, ROK SZKOLNY

5	05 23 35 44 56
6	02 08 20 38 48
7	03 15 27 35 41 53
8	05 17 29 49 59
9	06 13 27 39 51
10	04 13 30 37 43 56
11	09 22 35 46
12	01 08 14 25 40 54
13	09 20 33 40 46 59
14	13 26 42 56
15	10 17 23 37 51
16	05 17 34 44 53 59
17	12 25 52
18	03 16 29 36 42 56
19	10 22 35 46 55
20	04 10 22 34 47 58
21	09 26 47
22	07 18

SOBOTA, ROK SZKOLNY

5	28 33 53
6	21 42 47
7	05 29 52
8	08 13 36 58
9	20 42 48
10	04 30 48
11	14 19 37
12	00 23 46 51
13	11 31 55
14	18 23 41
15	02 31 50 58
16	13 36 59
17	22 27 45
18	08 30 53 58
19	17 40
20	11 41
21	06 36
22	05 23

DZIEŃ ŚWIĄTECZNY, ROK SZKOLNY

5	28 53
6	21 42
7	05 28 51
8	08 36 58
9	21 42
10	04 24 48
11	14 37
12	00 20 46
13	13 34 55
14	18 41
15	02 27 52
16	13 36 58
17	22 45
18	08 30 53
19	21 40 52
20	41
21	06 36
22	05 23

WIGILIA I SYLWESTER

5	05 23 35 44 56
6	02 08 20 38 48
7	03 15 27 35 41 53
8	05 17 29 49 59
9	06 13 27 39 51
10	04 13 30 37 43 56
11	09 22 35 46
12	01 08 14 25 40 54
13	09 20 33 40 46 59
14	13 26 42 56
15	10 17 23 37 51
16	05 17 34 44 53 59
17	12 25 52
18	03 16 29 36 42 56
19	10 35 55
20	34
21	
22	07

WIELKANOC,BOŻE NARODZENIE,NOWY ROK

5	46
6	28
7	04 49
8	41
9	32
10	18
11	04 50
12	36
13	22
14	08 54
15	40
16	26
17	12
18	09 52
19	35
20	17
21	00 43
22	18

