OS. SZYMANOWSKIEGO - KONCERTOWA - AL. KOMPOZYTORÓW  - AL. SOLIDARNOŚCI - AL. TYSIĄCLECIA - LWOWSKA - AL. ANDERSA - MEŁGIEWSKA - GOSPODARCZA - ŁĘCZYŃSKA - WOLSKA - PLAC DWORCOWY - DWORZEC GŁ. PKP

DZIEŃ POWSZEDNI, ROK SZKOLNY

5	09 27 39 48
6	00 06 12 24 44 54
7	09 21 33 41 47 59
8	11 23 35 55
9	05 12 19 33 45 57
10	10 19 36 43 49
11	02 15 28 41 52
12	07 14 20 31 46
13	00 15 26 39 46 52
14	05 19 32 48
15	02 16 23 29 43 57
16	11 23 40 50 59
17	05 18 31 58
18	08 21 34 41 47
19	01 15 27 40 51
20	00 09 15 27 39 52
21	03 14 31 52
22	11 22

SOBOTA, ROK SZKOLNY

5	32 37 57
6	25 46 51
7	10 34 57
8	13 18 41
9	03 25 47 53
10	09 35 53
11	19 24 42
12	05 28 51 56
13	16 36
14	00 23 28 46
15	07 36 55
16	03 18 41
17	04 27 32 50
18	13 35 58
19	03 22 45
20	16 46
21	11 41
22	09 27

DZIEŃ ŚWIĄTECZNY, ROK SZKOLNY

5	32 57
6	25 46
7	10 33 56
8	13 41
9	03 26 47
10	09 29 53
11	19 42
12	05 25 51
13	18 39
14	00 23 46
15	07 32 57
16	18 41
17	03 27 50
18	13 35 58
19	26 45 57
20	46
21	11 41
22	09 27

WIGILIA I SYLWESTER

5	09 27 39 48
6	00 06 12 24 44 54
7	09 21 33 41 47 59
8	11 23 35 55
9	05 12 19 33 45 57
10	10 19 36 43 49
11	02 15 28 41 52
12	07 14 20 31 46
13	00 15 26 39 46 52
14	05 19 32 48
15	02 16 23 29 43 57
16	11 23 40 50 59
17	05 18 31 58
18	08 21 34 41 47
19	01 15 40
20	00 39
21	
22	11

WIELKANOC,BOŻE NARODZENIE,NOWY ROK

5	50
6	32
7	09 54
8	46
9	37
10	23
11	09 55
12	41
13	27
14	13 59
15	45
16	31
17	17
18	14 57
19	40
20	22
21	05 48
22	22

