OS. SZYMANOWSKIEGO - KONCERTOWA - AL. KOMPOZYTORÓW  - AL. SOLIDARNOŚCI - AL. TYSIĄCLECIA - LWOWSKA - AL. ANDERSA - MEŁGIEWSKA - GOSPODARCZA - ŁĘCZYŃSKA - WOLSKA - PLAC DWORCOWY - DWORZEC GŁ. PKP

DZIEŃ POWSZEDNI, ROK SZKOLNY

5	14 32 44 53
6	05 11 17 29 50
7	00 15 27 39 47 53
8	05 17 29 41
9	01 11 18 25 39 51
10	03 16 25 42 49 55
11	08 21 34 47 58
12	13 20 26 37 52
13	06 21 32 45 52 58
14	11 25 38 54
15	08 22 29 35 49
16	03 17 29 46 56
17	05 11 24 37
18	04 14 27 40 47 53
19	07 21 33 46 57
20	06 15 21 33 45 58
21	09 20 37 58
22	16 27

SOBOTA, ROK SZKOLNY

5	37 42
6	02 30 51 56
7	16 40
8	03 19 24 47
9	09 31 53 59
10	15 41 59
11	25 30 48
12	11 34 57
13	02 22 42
14	06 29 34 52
15	13 42
16	01 09 24 47
17	10 33 38 56
18	19 41
19	04 09 28 51
20	22 52
21	17 47
22	14 32

DZIEŃ ŚWIĄTECZNY, ROK SZKOLNY

5	37
6	02 30 51
7	16 39
8	02 19 47
9	09 32 53
10	15 35 59
11	25 48
12	11 31 57
13	24 45
14	06 29 52
15	13 38
16	03 24 47
17	09 33 56
18	19 41
19	04 32 51
20	03 52
21	17 47
22	14 32

WIGILIA I SYLWESTER

5	14 32 44 53
6	05 11 17 29 50
7	00 15 27 39 47 53
8	05 17 29 41
9	01 11 18 25 39 51
10	03 16 25 42 49 55
11	08 21 34 47 58
12	13 20 26 37 52
13	06 21 32 45 52 58
14	11 25 38 54
15	08 22 29 35 49
16	03 17 29 46 56
17	05 11 24 37
18	04 14 27 40 47 53
19	07 21 46
20	06 45
21	
22	16

WIELKANOC,BOŻE NARODZENIE,NOWY ROK

5	55
6	37
7	15
8	00 52
9	43
10	29
11	15
12	01 47
13	33
14	19
15	05 51
16	37
17	23
18	20
19	03 46
20	28
21	11 54
22	27

