CHODŹKI - SZPITAL - CHODŹKI - OBYWATELSKA - LUBARTOWSKA - KRÓLEWSKA - ZAMOJSKA - FABRYCZNA - WOLSKA - KUNICKIEGO - ABRAMOWICE - ŚNIADECKIEGO

DZIEŃ POWSZEDNI, ROK SZKOLNY

5	07 27 47
6	07 30 52
7	12 32 52
8	12 32 53
9	15 35 55
10	15 35 55
11	15 35 55
12	15 35 55
13	15 35 53
14	10 30 50
15	10 30 50
16	10 30 48
17	11 31 51
18	11 31 51
19	11 31 55
20	26 56
21	26 56
22	26

SOBOTA, ROK SZKOLNY

5	27 47
6	07 27 47
7	07 27 47
8	07 27 47
9	07 27 47
10	07 27 47
11	04 24 44
12	04 24 44
13	04 24 44
14	04 24 44
15	04 24 44
16	04 24 44
17	04 24 44
18	04 24 44
19	04 24 44
20	03 27 57
21	27 57
22	24

DZIEŃ ŚWIĄTECZNY, ROK SZKOLNY

5	27 57
6	27 57
7	27 58
8	27 57
9	27 57
10	27 57
11	24 44
12	04 24 44
13	04 24 44
14	04 24 44
15	04 24 44
16	05 25 45
17	05 25 45
18	05 25 45
19	05 25 45
20	04 27 57
21	27 57
22	24

WIGILIA I SYLWESTER

5	07 27 47
6	07 30 52
7	12 32 52
8	12 32 53
9	15 35 55
10	15 35 55
11	15 35 55
12	15 35 55
13	15 35 53
14	10 30 50
15	10 30 50
16	10 30 48
17	11 31 51
18	11 31 51
19	11 31
20	
21	
22	

WIELKANOC,BOŻE NARODZENIE,NOWY ROK

5	
6	46
7	56
8	
9	16
10	26
11	36
12	46
13	56
14	
15	06
16	16
17	36
18	48
19	56
20	
21	06
22	16

