CHODŹKI - SZPITAL - CHODŹKI - OBYWATELSKA - LUBARTOWSKA - KRÓLEWSKA - ZAMOJSKA - FABRYCZNA - WOLSKA - KUNICKIEGO - ABRAMOWICE - ŚNIADECKIEGO

DZIEŃ POWSZEDNI, ROK SZKOLNY

5	18 38 58
6	18 45
7	07 27 47
8	07 27 47
9	08 28 48
10	08 28 48
11	08 28 48
12	08 28 48
13	08 28 48
14	08 28 48
15	08 28 48
16	08 28 48
17	04 24 44
18	04 24 44
19	04 24 44
20	08 38
21	08 38
22	08 37

SOBOTA, ROK SZKOLNY

5	38 58
6	18 38 58
7	19 39 59
8	19 39 59
9	19 39 59
10	19 39 59
11	17 37 57
12	17 37 57
13	17 37 57
14	17 37 57
15	17 37 57
16	17 37 57
17	17 37 57
18	17 37 57
19	17 37 57
20	15 39
21	09 39
22	09 35

DZIEŃ ŚWIĄTECZNY, ROK SZKOLNY

5	38
6	08 38
7	08 38
8	09 39
9	09 39
10	09 39
11	10 37 57
12	17 37 57
13	17 37 57
14	17 37 57
15	17 37 57
16	17 37 57
17	17 37 57
18	17 37 57
19	17 37 57
20	16 39
21	09 39
22	09 35

WIGILIA I SYLWESTER

5	18 38 58
6	18 45
7	07 27 47
8	07 27 47
9	08 28 48
10	08 28 48
11	08 28 48
12	08 28 48
13	08 28 48
14	08 28 48
15	08 28 48
16	08 28 48
17	04 24 44
18	04 24 44
19	04 24 44
20	
21	
22	

WIELKANOC,BOŻE NARODZENIE,NOWY ROK

5	
6	57
7	
8	07
9	28
10	38
11	49
12	59
13	
14	09
15	19
16	28
17	48
18	
19	00
20	08
21	18
22	27

