CHODŹKI - SZPITAL - CHODŹKI - OBYWATELSKA - LUBARTOWSKA - KRÓLEWSKA - ZAMOJSKA - FABRYCZNA - WOLSKA - KUNICKIEGO - ABRAMOWICE - ŚNIADECKIEGO

DZIEŃ POWSZEDNI, ROK SZKOLNY

5	13 33 53
6	13 40
7	02 22 42
8	02 22 42
9	03 23 43
10	03 23 43
11	03 23 43
12	03 23 43
13	03 23 43
14	01 21 41
15	01 21 41
16	01 21 41 59
17	19 39 59
18	19 39 59
19	19 39
20	03 33
21	03 33
22	03 32

SOBOTA, ROK SZKOLNY

5	33 53
6	13 33 53
7	14 34 54
8	14 34 54
9	14 34 54
10	14 34 54
11	12 32 52
12	12 32 52
13	12 32 52
14	12 32 52
15	12 32 52
16	12 32 52
17	12 32 52
18	12 32 52
19	12 32 52
20	10 34
21	04 34
22	04 30

DZIEŃ ŚWIĄTECZNY, ROK SZKOLNY

5	33
6	03 33
7	03 33
8	04 34
9	04 34
10	04 34
11	05 32 52
12	12 32 52
13	12 32 52
14	12 32 52
15	12 32 52
16	12 32 52
17	12 32 52
18	12 32 52
19	12 32 52
20	11 34
21	04 34
22	04 30

WIGILIA I SYLWESTER

5	13 33 53
6	13 40
7	02 22 42
8	02 22 42
9	03 23 43
10	03 23 43
11	03 23 43
12	03 23 43
13	03 23 43
14	01 21 41
15	01 21 41
16	01 21 41 59
17	19 39 59
18	19 39 59
19	19 39
20	
21	
22	

WIELKANOC,BOŻE NARODZENIE,NOWY ROK

5	
6	52
7	
8	02
9	23
10	33
11	44
12	54
13	
14	04
15	14
16	23
17	43
18	55
19	
20	03
21	13
22	22

