CHODŹKI - SZPITAL - CHODŹKI - OBYWATELSKA - LUBARTOWSKA - KRÓLEWSKA - ZAMOJSKA - FABRYCZNA - WOLSKA - KUNICKIEGO - ABRAMOWICE - ŚNIADECKIEGO

DZIEŃ POWSZEDNI, ROK SZKOLNY

5	23 43
6	03 23 53
7	15 35 55
8	15 35 55
9	16 36 56
10	16 36 56
11	16 36 56
12	16 36 56
13	16 36 56
14	20 40
15	00 20 40
16	00 20 40
17	00 11 31 51
18	11 31 51
19	11 31 51
20	13 43
21	13 43
22	13 42

SOBOTA, ROK SZKOLNY

5	43
6	03 23 43
7	03 24 44
8	04 24 44
9	04 24 44
10	04 24 44
11	05 24 44
12	04 24 44
13	04 24 44
14	04 24 44
15	04 24 44
16	04 24 44
17	04 24 44
18	04 24 44
19	04 24 44
20	04 20 44
21	14 44
22	14 40

DZIEŃ ŚWIĄTECZNY, ROK SZKOLNY

5	43
6	13 43
7	13 43
8	14 44
9	14 44
10	14 44
11	16 43
12	03 23 43
13	03 23 43
14	03 23 43
15	03 23 43
16	03 23 43
17	03 23 43
18	03 23 43
19	03 23 43
20	03 21 44
21	14 44
22	14 40

WIGILIA I SYLWESTER

5	23 43
6	03 23 53
7	15 35 55
8	15 35 55
9	16 36 56
10	16 36 56
11	16 36 56
12	16 36 56
13	16 36 56
14	20 40
15	00 20 40
16	00 20 40
17	00 11 31 51
18	11 31 51
19	11 31 51
20	
21	
22	

WIELKANOC,BOŻE NARODZENIE,NOWY ROK

5	
6	
7	02
8	12
9	33
10	43
11	55
12	
13	05
14	15
15	25
16	34
17	54
18	
19	06
20	13
21	23
22	32

