CHODŹKI - SZPITAL - CHODŹKI - OBYWATELSKA - LUBARTOWSKA - KRÓLEWSKA - ZAMOJSKA - FABRYCZNA - WOLSKA - KUNICKIEGO - ABRAMOWICE - ŚNIADECKIEGO

DZIEŃ POWSZEDNI, ROK SZKOLNY

5	08 28 48
6	08 33 55
7	15 35 55
8	15 35 56
9	16 36 56
10	16 36 56
11	16 36 56
12	16 36 56
13	16 36 54
14	12 32 52
15	12 32 52
16	12 32 50
17	12 32 52
18	12 32 52
19	12 32 56
20	27 57
21	27 57
22	27

SOBOTA, ROK SZKOLNY

5	28 48
6	08 28 48
7	08 28 48
8	08 28 48
9	08 28 48
10	08 28 48
11	05 25 45
12	05 25 45
13	05 25 45
14	05 25 45
15	05 25 45
16	05 25 45
17	05 25 45
18	05 25 45
19	05 25 45
20	04 28 58
21	28 58
22	25

DZIEŃ ŚWIĄTECZNY, ROK SZKOLNY

5	28 58
6	28 58
7	28 59
8	28 58
9	28 58
10	28 58
11	25 45
12	05 25 45
13	05 25 45
14	05 25 45
15	05 25 45
16	06 26 46
17	06 26 46
18	06 26 46
19	06 26 46
20	05 28 58
21	28 58
22	25

WIGILIA I SYLWESTER

5	08 28 48
6	08 33 55
7	15 35 55
8	15 35 56
9	16 36 56
10	16 36 56
11	16 36 56
12	16 36 56
13	16 36 54
14	12 32 52
15	12 32 52
16	12 32 50
17	12 32 52
18	12 32 52
19	12 32
20	
21	
22	

WIELKANOC,BOŻE NARODZENIE,NOWY ROK

5	
6	47
7	57
8	
9	17
10	27
11	37
12	47
13	57
14	
15	07
16	17
17	37
18	49
19	57
20	
21	07
22	17

