CHODŹKI - SZPITAL - CHODŹKI - OBYWATELSKA - LUBARTOWSKA - KRÓLEWSKA - ZAMOJSKA - FABRYCZNA - WOLSKA - KUNICKIEGO - ABRAMOWICE - ŚNIADECKIEGO

DZIEŃ POWSZEDNI, ROK SZKOLNY

5	19 39 59
6	19 47
7	09 29 49
8	09 29 49
9	10 30 50
10	10 30 50
11	10 30 50
12	10 30 50
13	10 30 50
14	10 30 50
15	10 30 50
16	10 30 50
17	06 26 46
18	06 26 46
19	06 26 46
20	09 39
21	09 39
22	09 38

SOBOTA, ROK SZKOLNY

5	39 59
6	19 39 59
7	20 40
8	00 20 40
9	00 20 40
10	00 20 40
11	00 19 39 59
12	19 39 59
13	19 39 59
14	19 39 59
15	19 39 59
16	19 39 59
17	19 39 59
18	19 39 59
19	19 39 59
20	16 40
21	10 40
22	10 36

DZIEŃ ŚWIĄTECZNY, ROK SZKOLNY

5	39
6	09 39
7	09 39
8	10 40
9	10 40
10	10 40
11	11 38 58
12	18 38 58
13	18 38 58
14	18 38 58
15	18 38 58
16	18 38 58
17	18 38 58
18	18 38 58
19	18 38 58
20	17 40
21	10 40
22	10 36

WIGILIA I SYLWESTER

5	19 39 59
6	19 47
7	09 29 49
8	09 29 49
9	10 30 50
10	10 30 50
11	10 30 50
12	10 30 50
13	10 30 50
14	10 30 50
15	10 30 50
16	10 30 50
17	06 26 46
18	06 26 46
19	06 26 46
20	
21	
22	

WIELKANOC,BOŻE NARODZENIE,NOWY ROK

5	
6	58
7	
8	08
9	29
10	39
11	50
12	
13	00
14	10
15	20
16	29
17	49
18	
19	01
20	09
21	19
22	28

