ABRAMOWICE  - ABRAMOWICKA - KUNICKIEGO - WOLSKA - FABRYCZNA - ZAMOJSKA - LUBARTOWSKA - OBYWATELSKA - CHODŹKI - CHODŹKI - SZPITAL

DZIEŃ POWSZEDNI, ROK SZKOLNY

4	57
5	17 37 57
6	17 25 44
7	04 24 48
8	04 24 50
9	14 34 54
10	14 34 54
11	14 34 54
12	14 34 54
13	14 34 50
14	09 29 49
15	09 29 49
16	09 29 54
17	14 34 54
18	14 34 54
19	14 34 58
20	28 58
21	28 58
22	25

SOBOTA, ROK SZKOLNY

4	58
5	28 57
6	17 37 51
7	09 29 49
8	09 29 49
9	09 29 49
10	09 29 49
11	09 29 49
12	09 29 49
13	09 29 49
14	09 29 48
15	08 28 48
16	08 28 48
17	08 28 48
18	08 28 48
19	08 28 58
20	28 58
21	28 58
22	25

DZIEŃ ŚWIĄTECZNY, ROK SZKOLNY

4	
5	28 58
6	28 58
7	28 58
8	28 58
9	28 58
10	28 56
11	29 49
12	09 29 49
13	09 29 49
14	09 29 49
15	09 29 49
16	09 29 49
17	09 29 49
18	09 29 46
19	09 29 49
20	09 28 58
21	28 58
22	25

WIGILIA I SYLWESTER

4	57
5	17 37 57
6	17 25 44
7	04 24 48
8	04 24 50
9	14 34 54
10	14 34 54
11	14 34 54
12	14 34 54
13	14 34 50
14	09 29 49
15	09 29 49
16	09 29 54
17	14 34 54
18	14 34 54
19	14 34
20	
21	
22	

WIELKANOC,BOŻE NARODZENIE,NOWY ROK

4	
5	
6	10
7	20
8	40
9	55
10	
11	00
12	10
13	20
14	30
15	40
16	50
17	
18	08
19	20
20	35
21	40
22	

