ABRAMOWICE  - ABRAMOWICKA - KUNICKIEGO - WOLSKA - FABRYCZNA - ZAMOJSKA - LUBARTOWSKA - OBYWATELSKA - CHODŹKI - CHODŹKI - SZPITAL

DZIEŃ POWSZEDNI, ROK SZKOLNY

5	03 23 43
6	03 23 31 51
7	11 31 55
8	11 31 57
9	20 40
10	00 20 40
11	00 20 40
12	00 20 40
13	00 20 40 56
14	15 35 55
15	15 35 55
16	15 35
17	00 20 40
18	00 20 40
19	00 20 40
20	04 34
21	04 34
22	04 31

SOBOTA, ROK SZKOLNY

5	04 34
6	03 23 43 57
7	15 35 55
8	15 35 55
9	15 35 55
10	15 35 55
11	15 35 55
12	15 35 55
13	15 35 55
14	15 35 54
15	14 34 54
16	14 34 54
17	14 34 54
18	14 34 54
19	14 34
20	04 34
21	04 34
22	04 31

DZIEŃ ŚWIĄTECZNY, ROK SZKOLNY

5	34
6	04 34
7	04 34
8	04 34
9	04 34
10	04 34
11	02 35 55
12	15 35 55
13	15 35 55
14	15 35 55
15	15 35 55
16	15 35 55
17	15 35 55
18	15 35 52
19	15 35 55
20	15 34
21	04 34
22	04 31

WIGILIA I SYLWESTER

5	03 23 43
6	03 23 31 51
7	11 31 55
8	11 31 57
9	20 40
10	00 20 40
11	00 20 40
12	00 20 40
13	00 20 40 56
14	15 35 55
15	15 35 55
16	15 35
17	00 20 40
18	00 20 40
19	00 20 40
20	
21	
22	

WIELKANOC,BOŻE NARODZENIE,NOWY ROK

5	
6	16
7	26
8	46
9	
10	01
11	06
12	16
13	26
14	36
15	46
16	56
17	
18	14
19	26
20	41
21	46
22	

