ABRAMOWICE  - ABRAMOWICKA - KUNICKIEGO - WOLSKA - FABRYCZNA - ZAMOJSKA - LUBARTOWSKA - OBYWATELSKA - CHODŹKI - CHODŹKI - SZPITAL

DZIEŃ POWSZEDNI, ROK SZKOLNY

5	01 21 41
6	01 21 29 49
7	09 29 53
8	09 29 55
9	18 38 58
10	18 38 58
11	18 38 58
12	18 38 58
13	18 38 54
14	13 33 53
15	13 33 53
16	13 33 58
17	18 38 58
18	18 38 58
19	18 38
20	02 32
21	02 32
22	02 29

SOBOTA, ROK SZKOLNY

5	02 32
6	01 21 41 55
7	13 33 53
8	13 33 53
9	13 33 53
10	13 33 53
11	13 33 53
12	13 33 53
13	13 33 53
14	13 33 52
15	12 32 52
16	12 32 52
17	12 32 52
18	12 32 52
19	12 32
20	02 32
21	02 32
22	02 29

DZIEŃ ŚWIĄTECZNY, ROK SZKOLNY

5	32
6	02 32
7	02 32
8	02 32
9	02 32
10	02 32
11	00 33 53
12	13 33 53
13	13 33 53
14	13 33 53
15	13 33 53
16	13 33 53
17	13 33 53
18	13 33 50
19	13 33 53
20	13 32
21	02 32
22	02 29

WIGILIA I SYLWESTER

5	01 21 41
6	01 21 29 49
7	09 29 53
8	09 29 55
9	18 38 58
10	18 38 58
11	18 38 58
12	18 38 58
13	18 38 54
14	13 33 53
15	13 33 53
16	13 33 58
17	18 38 58
18	18 38 58
19	18 38
20	
21	
22	

WIELKANOC,BOŻE NARODZENIE,NOWY ROK

5	
6	14
7	24
8	44
9	59
10	
11	04
12	14
13	24
14	34
15	44
16	54
17	
18	12
19	24
20	39
21	44
22	

