ABRAMOWICE  - ABRAMOWICKA - KUNICKIEGO - WOLSKA - FABRYCZNA - ZAMOJSKA - LUBARTOWSKA - OBYWATELSKA - CHODŹKI - CHODŹKI - SZPITAL

DZIEŃ POWSZEDNI, ROK SZKOLNY

4	59
5	19 39 59
6	19 27 46
7	06 26 50
8	06 26 52
9	16 36 56
10	16 36 56
11	16 36 56
12	16 36 56
13	16 36 52
14	11 31 51
15	11 31 51
16	11 31 56
17	16 36 56
18	16 36 56
19	16 36
20	00 30
21	00 30
22	00 27

SOBOTA, ROK SZKOLNY

4	
5	00 30 59
6	19 39 53
7	11 31 51
8	11 31 51
9	11 31 51
10	11 31 51
11	11 31 51
12	11 31 51
13	11 31 51
14	11 31 50
15	10 30 50
16	10 30 50
17	10 30 50
18	10 30 50
19	10 30
20	00 30
21	00 30
22	00 27

DZIEŃ ŚWIĄTECZNY, ROK SZKOLNY

4	
5	30
6	00 30
7	00 30
8	00 30
9	00 30
10	00 30 58
11	31 51
12	11 31 51
13	11 31 51
14	11 31 51
15	11 31 51
16	11 31 51
17	11 31 51
18	11 31 48
19	11 31 51
20	11 30
21	00 30
22	00 27

WIGILIA I SYLWESTER

4	59
5	19 39 59
6	19 27 46
7	06 26 50
8	06 26 52
9	16 36 56
10	16 36 56
11	16 36 56
12	16 36 56
13	16 36 52
14	11 31 51
15	11 31 51
16	11 31 56
17	16 36 56
18	16 36 56
19	16 36
20	
21	
22	

WIELKANOC,BOŻE NARODZENIE,NOWY ROK

4	
5	
6	12
7	22
8	42
9	57
10	
11	02
12	12
13	22
14	32
15	42
16	52
17	
18	10
19	22
20	37
21	42
22	

