ABRAMOWICE  - ABRAMOWICKA - KUNICKIEGO - WOLSKA - FABRYCZNA - ZAMOJSKA - LUBARTOWSKA - OBYWATELSKA - CHODŹKI - CHODŹKI - SZPITAL

DZIEŃ POWSZEDNI, ROK SZKOLNY

4	58
5	18 38 58
6	18 26 45
7	05 25 49
8	05 25 51
9	15 35 55
10	15 35 55
11	15 35 55
12	15 35 55
13	15 35 51
14	10 30 50
15	10 30 50
16	10 30 55
17	15 35 55
18	15 35 55
19	15 35 59
20	29 59
21	29 59
22	26

SOBOTA, ROK SZKOLNY

4	59
5	29 58
6	18 38 52
7	10 30 50
8	10 30 50
9	10 30 50
10	10 30 50
11	10 30 50
12	10 30 50
13	10 30 50
14	10 30 49
15	09 29 49
16	09 29 49
17	09 29 49
18	09 29 49
19	09 29 59
20	29 59
21	29 59
22	26

DZIEŃ ŚWIĄTECZNY, ROK SZKOLNY

4	
5	29 59
6	29 59
7	29 59
8	29 59
9	29 59
10	29 57
11	30 50
12	10 30 50
13	10 30 50
14	10 30 50
15	10 30 50
16	10 30 50
17	10 30 50
18	10 30 47
19	10 30 50
20	10 29 59
21	29 59
22	26

WIGILIA I SYLWESTER

4	58
5	18 38 58
6	18 26 45
7	05 25 49
8	05 25 51
9	15 35 55
10	15 35 55
11	15 35 55
12	15 35 55
13	15 35 51
14	10 30 50
15	10 30 50
16	10 30 55
17	15 35 55
18	15 35 55
19	15 35
20	
21	
22	

WIELKANOC,BOŻE NARODZENIE,NOWY ROK

4	
5	
6	11
7	21
8	41
9	56
10	
11	01
12	11
13	21
14	31
15	41
16	51
17	
18	09
19	21
20	36
21	41
22	

