ABRAMOWICE  - ABRAMOWICKA - KUNICKIEGO - WOLSKA - FABRYCZNA - ZAMOJSKA - LUBARTOWSKA - OBYWATELSKA - CHODŹKI - CHODŹKI - SZPITAL

DZIEŃ POWSZEDNI, ROK SZKOLNY

5	02 22 42
6	02 22 30 50
7	10 30 54
8	10 30 56
9	19 39 59
10	19 39 59
11	19 39 59
12	19 39 59
13	19 39 55
14	14 34 54
15	14 34 54
16	14 34 59
17	19 39 59
18	19 39 59
19	19 39
20	03 33
21	03 33
22	03 30

SOBOTA, ROK SZKOLNY

5	03 33
6	02 22 42 56
7	14 34 54
8	14 34 54
9	14 34 54
10	14 34 54
11	14 34 54
12	14 34 54
13	14 34 54
14	14 34 53
15	13 33 53
16	13 33 53
17	13 33 53
18	13 33 53
19	13 33
20	03 33
21	03 33
22	03 30

DZIEŃ ŚWIĄTECZNY, ROK SZKOLNY

5	33
6	03 33
7	03 33
8	03 33
9	03 33
10	03 33
11	01 34 54
12	14 34 54
13	14 34 54
14	14 34 54
15	14 34 54
16	14 34 54
17	14 34 54
18	14 34 51
19	14 34 54
20	14 33
21	03 33
22	03 30

WIGILIA I SYLWESTER

5	02 22 42
6	02 22 30 50
7	10 30 54
8	10 30 56
9	19 39 59
10	19 39 59
11	19 39 59
12	19 39 59
13	19 39 55
14	14 34 54
15	14 34 54
16	14 34 59
17	19 39 59
18	19 39 59
19	19 39
20	
21	
22	

WIELKANOC,BOŻE NARODZENIE,NOWY ROK

5	
6	15
7	25
8	45
9	
10	00
11	05
12	15
13	25
14	35
15	45
16	55
17	
18	13
19	25
20	40
21	45
22	

