ABRAMOWICE  - ABRAMOWICKA - KUNICKIEGO - WOLSKA - FABRYCZNA - ZAMOJSKA - LUBARTOWSKA - OBYWATELSKA - CHODŹKI - CHODŹKI - SZPITAL

DZIEŃ POWSZEDNI, ROK SZKOLNY

5	04 24 44
6	04 24 32 52
7	12 32 56
8	12 32 58
9	21 41
10	01 21 41
11	01 21 41
12	01 21 41
13	01 21 41 57
14	16 36 56
15	16 36 56
16	16 36
17	01 21 41
18	01 21 41
19	01 21 41
20	05 35
21	05 35
22	05 32

SOBOTA, ROK SZKOLNY

5	05 35
6	04 24 44 58
7	16 36 56
8	16 36 56
9	16 36 56
10	16 36 56
11	16 36 56
12	16 36 56
13	16 36 56
14	16 36 55
15	15 35 55
16	15 35 55
17	15 35 55
18	15 35 55
19	15 35
20	05 35
21	05 35
22	05 32

DZIEŃ ŚWIĄTECZNY, ROK SZKOLNY

5	35
6	05 35
7	05 35
8	05 35
9	05 35
10	05 35
11	03 36 56
12	16 36 56
13	16 36 56
14	16 36 56
15	16 36 56
16	16 36 56
17	16 36 56
18	16 36 53
19	16 36 56
20	16 35
21	05 35
22	05 32

WIGILIA I SYLWESTER

5	04 24 44
6	04 24 32 52
7	12 32 56
8	12 32 58
9	21 41
10	01 21 41
11	01 21 41
12	01 21 41
13	01 21 41 57
14	16 36 56
15	16 36 56
16	16 36
17	01 21 41
18	01 21 41
19	01 21 41
20	
21	
22	

WIELKANOC,BOŻE NARODZENIE,NOWY ROK

5	
6	17
7	27
8	47
9	
10	02
11	07
12	17
13	27
14	37
15	47
16	57
17	
18	15
19	27
20	42
21	47
22	

