ABRAMOWICE  - ABRAMOWICKA - KUNICKIEGO - WOLSKA - FABRYCZNA - ZAMOJSKA - LUBARTOWSKA - OBYWATELSKA - CHODŹKI - CHODŹKI - SZPITAL

DZIEŃ POWSZEDNI, ROK SZKOLNY

5	14 34 54
6	14 35 48
7	08 28 48
8	12 28 48
9	14 35 55
10	15 35 55
11	15 35 55
12	15 35 55
13	15 35 55
14	12 32 52
15	12 32 52
16	12 32 52
17	15 35 55
18	15 35 55
19	15 35 55
20	16 46
21	16 46
22	15 42

SOBOTA, ROK SZKOLNY

5	15 45
6	14 34 54
7	11 29 49
8	09 29 49
9	09 29 49
10	09 29 49
11	09 29 49
12	09 29 49
13	09 29 49
14	09 29 49
15	08 28 48
16	08 28 48
17	08 28 48
18	08 28 48
19	08 28 48
20	16 46
21	16 46
22	15 42

DZIEŃ ŚWIĄTECZNY, ROK SZKOLNY

5	45
6	15 45
7	15 45
8	16 46
9	16 46
10	16 46
11	16 49
12	09 29 49
13	09 29 49
14	09 29 49
15	09 29 49
16	09 29 49
17	09 29 49
18	09 29 49
19	06 29 49
20	08 27 46
21	16 46
22	15 42

WIGILIA I SYLWESTER

5	14 34 54
6	14 35 48
7	08 28 48
8	12 28 48
9	14 35 55
10	15 35 55
11	15 35 55
12	15 35 55
13	15 35 55
14	12 32 52
15	12 32 52
16	12 32 52
17	15 35 55
18	15 35 55
19	15 35 55
20	
21	
22	

WIELKANOC,BOŻE NARODZENIE,NOWY ROK

5	
6	27
7	37
8	58
9	
10	13
11	20
12	30
13	40
14	50
15	
16	00
17	10
18	28
19	40
20	53
21	58
22	

