ABRAMOWICE  - ABRAMOWICKA - KUNICKIEGO - WOLSKA - FABRYCZNA - ZAMOJSKA - LUBARTOWSKA - OBYWATELSKA - CHODŹKI - CHODŹKI - SZPITAL

DZIEŃ POWSZEDNI, ROK SZKOLNY

5	17 37 57
6	17 39 52
7	12 32 52
8	16 32 52
9	18 39 59
10	19 39 59
11	19 39 59
12	19 39 59
13	19 39 59
14	17 37 57
15	17 37 57
16	17 37 57
17	19 39 59
18	19 39 59
19	19 39 59
20	19 49
21	19 49
22	18 45

SOBOTA, ROK SZKOLNY

5	18 48
6	17 37 57
7	14 32 52
8	12 32 52
9	12 32 52
10	12 32 52
11	12 32 52
12	12 32 52
13	12 32 52
14	12 32 52
15	11 31 51
16	11 31 51
17	11 31 51
18	11 31 51
19	11 31 51
20	19 49
21	19 49
22	18 45

DZIEŃ ŚWIĄTECZNY, ROK SZKOLNY

5	48
6	18 48
7	18 48
8	19 49
9	19 49
10	19 49
11	19 52
12	12 32 52
13	12 32 52
14	12 32 52
15	12 32 52
16	12 32 52
17	12 32 52
18	12 32 52
19	09 32 52
20	11 30 49
21	19 49
22	18 45

WIGILIA I SYLWESTER

5	17 37 57
6	17 39 52
7	12 32 52
8	16 32 52
9	18 39 59
10	19 39 59
11	19 39 59
12	19 39 59
13	19 39 59
14	17 37 57
15	17 37 57
16	17 37 57
17	19 39 59
18	19 39 59
19	19 39 59
20	
21	
22	

WIELKANOC,BOŻE NARODZENIE,NOWY ROK

5	
6	30
7	40
8	
9	01
10	16
11	23
12	33
13	43
14	53
15	
16	03
17	13
18	31
19	43
20	56
21	
22	01

