ABRAMOWICE  - ABRAMOWICKA - KUNICKIEGO - WOLSKA - FABRYCZNA - ZAMOJSKA - LUBARTOWSKA - OBYWATELSKA - CHODŹKI - CHODŹKI - SZPITAL

DZIEŃ POWSZEDNI, ROK SZKOLNY

5	07 27 47
6	07 27 38 58
7	18 38
8	02 18 38
9	04 25 45
10	05 25 45
11	05 25 45
12	05 25 45
13	05 25 45
14	01 21 41
15	01 21 41
16	01 21 41
17	05 25 45
18	05 25 45
19	05 25 45
20	08 38
21	08 38
22	08 35

SOBOTA, ROK SZKOLNY

5	08 38
6	07 27 47
7	02 20 40
8	00 20 40
9	00 20 40
10	00 20 40
11	00 20 40
12	00 20 40
13	00 20 40
14	00 20 40 59
15	19 39 59
16	19 39 59
17	19 39 59
18	19 39 59
19	19 39
20	08 38
21	08 38
22	08 35

DZIEŃ ŚWIĄTECZNY, ROK SZKOLNY

5	38
6	08 38
7	08 38
8	08 38
9	08 38
10	08 38
11	07 40
12	00 20 40
13	00 20 40
14	00 20 40
15	00 20 40
16	00 20 40
17	00 20 40
18	00 20 40 57
19	20 40
20	00 19 38
21	08 38
22	08 35

WIGILIA I SYLWESTER

5	07 27 47
6	07 27 38 58
7	18 38
8	02 18 38
9	04 25 45
10	05 25 45
11	05 25 45
12	05 25 45
13	05 25 45
14	01 21 41
15	01 21 41
16	01 21 41
17	05 25 45
18	05 25 45
19	05 25 45
20	
21	
22	

WIELKANOC,BOŻE NARODZENIE,NOWY ROK

5	
6	20
7	30
8	50
9	
10	05
11	11
12	21
13	31
14	41
15	51
16	
17	01
18	19
19	31
20	45
21	50
22	

