MEŁGIEWSKA FS - MEŁGIEWSKA - AL. ANDERSA - LWOWSKA - AL. TYSIĄCLECIA - 3 MAJA - AL. RACŁAWICKIE - AL. KRAŚNICKA - ZANA - B. M. CASSINO - ARMII KRAJOWEJ - ORKANA - ROZTOCZE - JANA PAWŁA II - GRANITOWA - OS.PORĘBA

DZIEŃ POWSZEDNI, ROK SZKOLNY

4	42
5	11 31 41 58.
6	10 21 33. 50
7	06. 18 30 44 55.
8	07 18 28 38. 48 58
9	09. 20 33 46 56.
10	07 18 30 40. 49
11	00 18. 36 45 56
12	08. 21 34 47.
13	00 13 26. 39 52
14	05 18. 31 45 57.
15	11 22 34. 52
16	04 15 28. 41 55
17	09. 20 34 47.
18	04 17 29. 41 59
19	17 42 58
20	15. 32 53
21	17 43
22	06 32 55

SOBOTA, ROK SZKOLNY

4	
5	02 20 42.
6	03 19 34. 50
7	13 37. 58
8	16 39.
9	02 20 37. 57
10	14 33. 52
11	09 26. 47
12	05 23. 42
13	02 19. 40 58
14	16. 35 52
15	09. 27 45
16	03. 22 41 58.
17	19 43
18	04. 17 32 49.
19	10 30 47.
20	08 30
21	05 35
22	13 46

DZIEŃ ŚWIĄTECZNY, ROK SZKOLNY

4	
5	12 30
6	01 43
7	23
8	02 44
9	22
10	02 41
11	17 52
12	32
13	07 45
14	20
15	01 37
16	09 50
17	32
18	09 40
19	18 52
20	30
21	10 40
22	13 44

WIELKANOC,BOŻE NARODZENIE,NOWY ROK

4	
5	
6	12
7	21
8	23
9	22
10	22
11	19
12	12
13	09
14	13
15	11
16	08
17	06
18	05 56
19	49
20	42
21	31
22	18

