MEŁGIEWSKA FS - MEŁGIEWSKA - AL. ANDERSA - LWOWSKA - AL. TYSIĄCLECIA - 3 MAJA - AL. RACŁAWICKIE - AL. KRAŚNICKA - ZANA - B. M. CASSINO - ARMII KRAJOWEJ - ORKANA - ROZTOCZE - JANA PAWŁA II - GRANITOWA - OS.PORĘBA

DZIEŃ POWSZEDNI, ROK SZKOLNY

4	51
5	20 40 50
6	07. 19 30 42. 59
7	15. 27 39 53
8	04. 16 27 37 47. 57
9	07 18. 29 42 55
10	05. 16 27 39 49. 58
11	09 27. 45 54
12	05 17. 30 43 56.
13	09 22 35. 48
14	01 14 27. 40 54
15	06. 20 31 43.
16	01 13 24 37. 50
17	04 18. 29 43 56.
18	13 26 38. 50
19	08 26 51
20	07 24. 41
21	02 26 52
22	15 41
23	04

SOBOTA, ROK SZKOLNY

4	
5	11 29 51.
6	12 28 43. 59
7	22 46.
8	07 25 48.
9	11 29 46.
10	06 23 42.
11	01 18 35. 56
12	14 32. 51
13	11 28. 49
14	07 25. 44
15	01 18. 36 54
16	12. 31 50
17	07. 28 52
18	13. 26 41 58.
19	19 39 56.
20	17 39
21	14 44
22	22 55
23	

DZIEŃ ŚWIĄTECZNY, ROK SZKOLNY

4	
5	21 39
6	10 52
7	32
8	11 53
9	31
10	11 50
11	26
12	01 41
13	16 54
14	29
15	10 46
16	18 59
17	41
18	18 49
19	27
20	01 39
21	19 49
22	22 53
23	

WIELKANOC,BOŻE NARODZENIE,NOWY ROK

4	
5	
6	21
7	30
8	32
9	31
10	31
11	28
12	21
13	18
14	22
15	20
16	17
17	15
18	14
19	05 58
20	51
21	40
22	27
23	

