MEŁGIEWSKA FS - MEŁGIEWSKA - AL. ANDERSA - LWOWSKA - AL. TYSIĄCLECIA - 3 MAJA - AL. RACŁAWICKIE - AL. KRAŚNICKA - ZANA - B. M. CASSINO - ARMII KRAJOWEJ - ORKANA - ROZTOCZE - JANA PAWŁA II - GRANITOWA - OS.PORĘBA

DZIEŃ POWSZEDNI, ROK SZKOLNY

4	50
5	19 39 49
6	06. 18 29 41. 58
7	14. 26 38 52
8	03. 15 26 36 46. 56
9	06 17. 28 41 54
10	04. 15 26 38 48. 57
11	08 26. 44 53
12	04 16. 29 42 55.
13	08 21 34. 47
14	00 13 26. 39 53
15	05. 19 30 42.
16	00 12 23 36. 49
17	03 17. 28 42 55.
18	12 25 37. 49
19	07 25 50
20	06 23. 40
21	01 25 51
22	14 40
23	03

SOBOTA, ROK SZKOLNY

4	
5	10 28 50.
6	11 27 42. 58
7	21 45.
8	06 24 47.
9	10 28 45.
10	05 22 41.
11	00 17 34. 55
12	13 31. 50
13	10 27. 48
14	06 24. 43
15	00 17. 35 53
16	11. 30 49
17	06. 27 51
18	12. 25 40 57.
19	18 38 55.
20	16 38
21	13 43
22	21 54
23	

DZIEŃ ŚWIĄTECZNY, ROK SZKOLNY

4	
5	20 38
6	09 51
7	31
8	10 52
9	30
10	10 49
11	25
12	00 40
13	15 53
14	28
15	09 45
16	17 58
17	40
18	17 48
19	26
20	00 38
21	18 48
22	21 52
23	

WIELKANOC,BOŻE NARODZENIE,NOWY ROK

4	
5	
6	20
7	29
8	31
9	30
10	30
11	27
12	20
13	17
14	21
15	19
16	16
17	14
18	13
19	04 57
20	50
21	39
22	26
23	

