MEŁGIEWSKA FS - MEŁGIEWSKA - AL. ANDERSA - LWOWSKA - AL. TYSIĄCLECIA - 3 MAJA - AL. RACŁAWICKIE - AL. KRAŚNICKA - ZANA - B. M. CASSINO - ARMII KRAJOWEJ - ORKANA - ROZTOCZE - JANA PAWŁA II - GRANITOWA - OS.PORĘBA

DZIEŃ POWSZEDNI, ROK SZKOLNY

4	23 52
5	12 22 39. 51
6	02 13. 24 36. 48
7	00 14 25. 37 48 58
8	08. 18 28 39. 50
9	03 16 26. 37 48
10	00 10. 19 30 48.
11	06 15 26 38. 51
12	04 17. 30 43 56.
13	09 22 35 47. 59
14	13 25. 39 50
15	02. 20 32 43 56.
16	09 23 37. 48
17	02 15. 32 52
18	06. 18 36 54
19	19 35 52.
20	09 30 54
21	20 44
22	13 36

SOBOTA, ROK SZKOLNY

4	
5	01 23. 44
6	00 15. 31 50
7	09. 30 48
8	11. 34 52
9	09. 29 46
10	05. 24 41 58.
11	19 37 55.
12	14 34 51.
13	12 30 48.
14	07 24 41. 59
15	17 35. 54
16	13 30. 51
17	15 36. 54
18	11 28. 49
19	09 26. 47
20	09 44
21	14 54
22	27

DZIEŃ ŚWIĄTECZNY, ROK SZKOLNY

4	
5	11 42
6	24 57
7	34
8	16 54
9	34
10	13 49
11	24
12	04 39
13	17 52
14	33
15	09 41
16	22
17	04 44
18	19 57
19	31
20	09 49
21	19 54
22	25

WIELKANOC,BOŻE NARODZENIE,NOWY ROK

4	
5	53
6	55
7	55
8	54
9	54
10	51
11	44
12	41
13	45
14	43
15	40
16	38
17	38
18	35
19	28
20	21
21	10 59
22	

