MEŁGIEWSKA FS - MEŁGIEWSKA - AL. ANDERSA - LWOWSKA - AL. TYSIĄCLECIA - 3 MAJA - AL. RACŁAWICKIE - AL. KRAŚNICKA - ZANA - B. M. CASSINO - ARMII KRAJOWEJ - ORKANA - ROZTOCZE - JANA PAWŁA II - GRANITOWA - OS.PORĘBA

DZIEŃ POWSZEDNI, ROK SZKOLNY

4	21 50
5	10 20 37. 49
6	00 11. 22 34. 46 58
7	12 23. 35 46 56
8	06. 16 26 37. 48
9	01 14 24. 35 46 58
10	08. 17 28 46.
11	04 13 24 36. 49
12	02 15. 28 41 54.
13	07 20 33 45. 57
14	11 23. 37 48
15	00. 18 30 41 54.
16	07 21 35. 46
17	00 13. 30 50
18	04. 16 34 52
19	17 33 50.
20	07 28 52
21	18 42
22	11 34

SOBOTA, ROK SZKOLNY

4	59
5	21. 42 58
6	13. 29 48
7	07. 28 46
8	09. 32 50
9	07. 27 44
10	03. 22 39 56.
11	17 35 53.
12	12 32 49.
13	10 28 46.
14	05 22 39. 57
15	15 33. 52
16	11 28. 49
17	13 34. 52
18	09 26. 47
19	07 24. 45
20	07 42
21	12 52
22	25

DZIEŃ ŚWIĄTECZNY, ROK SZKOLNY

4	
5	09 40
6	22 55
7	32
8	14 52
9	32
10	11 47
11	22
12	02 37
13	15 50
14	31
15	07 39
16	20
17	02 42
18	17 55
19	29
20	07 47
21	17 52
22	23

WIELKANOC,BOŻE NARODZENIE,NOWY ROK

4	
5	51
6	53
7	53
8	52
9	52
10	49
11	42
12	39
13	43
14	41
15	38
16	36
17	36
18	33
19	26
20	19
21	08 57
22	

