MEŁGIEWSKA FS - MEŁGIEWSKA - AL. ANDERSA - LWOWSKA - AL. TYSIĄCLECIA - 3 MAJA - AL. RACŁAWICKIE - AL. KRAŚNICKA - ZANA - B. M. CASSINO - ARMII KRAJOWEJ - ORKANA - ROZTOCZE - JANA PAWŁA II - GRANITOWA - OS.PORĘBA

DZIEŃ POWSZEDNI, ROK SZKOLNY

4	
5	06 16 33. 45 56
6	07. 18 29. 41 53
7	07 18. 30 41 51
8	01. 11 21 32. 43 56
9	09 19. 30 41 53
10	03. 12 23 41. 59
11	08 19 31. 44 57
12	10. 23 36 49.
13	02 15 28 40. 52
14	06 18. 32 43 55.
15	13 25 36 49.
16	02 16 30. 41 55
17	08. 25 45 59.
18	11 29 47
19	12 28 45.
20	02 23 47
21	13 37
22	07 30

SOBOTA, ROK SZKOLNY

4	55
5	17. 38 54
6	09. 25 44
7	02. 23 41
8	04. 27 45
9	02. 22 39 58.
10	17 34 51.
11	12 30 48.
12	07 27 44.
13	05 23 41.
14	00 17 34. 52
15	10 28. 47
16	06 23. 44
17	08 29. 47
18	04 21. 42
19	02 19. 40
20	02 37
21	07 47
22	21

DZIEŃ ŚWIĄTECZNY, ROK SZKOLNY

4	
5	05
6	18 51
7	27
8	09 47
9	27
10	06 42
11	17 57
12	32
13	10 45
14	26
15	02 34
16	15 57
17	37
18	12 50
19	24
20	02 42
21	12 47
22	19

WIELKANOC,BOŻE NARODZENIE,NOWY ROK

4	
5	47
6	49
7	48
8	47
9	47
10	44
11	37
12	34
13	38
14	36
15	33
16	31
17	31
18	28
19	21
20	14
21	03 52
22	

