MEŁGIEWSKA FS - MEŁGIEWSKA - AL. ANDERSA - LWOWSKA - AL. TYSIĄCLECIA - 3 MAJA - AL. RACŁAWICKIE - AL. KRAŚNICKA - ZANA - B. M. CASSINO - ARMII KRAJOWEJ - ORKANA - ROZTOCZE - JANA PAWŁA II - GRANITOWA - OS.PORĘBA

DZIEŃ POWSZEDNI, ROK SZKOLNY

4	45
5	14 34 44
6	01. 13 24 36. 53
7	09. 21 33 47 58.
8	10 21 31 41. 51
9	01 12. 23 36 49 59.
10	10 21 33 43. 52
11	03 21. 39 48 59
12	11. 24 37 50.
13	03 16 29. 42 55
14	08 21. 34 48
15	00. 14 25 37. 55
16	07 18 31. 44 58
17	12. 23 37 50.
18	07 20 32. 44
19	02 20 45
20	01 18. 35 56
21	20 46
22	09 35 58

SOBOTA, ROK SZKOLNY

4	
5	05 23 45.
6	06 22 37. 53
7	16 40.
8	01 19 42.
9	05 23 40.
10	00 17 36. 55
11	12 29. 50
12	08 26. 45
13	05 22. 43
14	01 19. 38 55
15	12. 30 48
16	06. 25 44
17	01. 22 46
18	07. 20 35 52.
19	13 33 50.
20	11 33
21	08 38
22	16 49

DZIEŃ ŚWIĄTECZNY, ROK SZKOLNY

4	
5	15 33
6	04 46
7	26
8	05 47
9	25
10	05 44
11	20 55
12	35
13	10 48
14	23
15	04 40
16	12 53
17	35
18	12 43
19	21 55
20	33
21	13 43
22	16 47

WIELKANOC,BOŻE NARODZENIE,NOWY ROK

4	
5	
6	15
7	24
8	26
9	25
10	25
11	22
12	15
13	12
14	16
15	14
16	11
17	09
18	08 59
19	52
20	45
21	34
22	21

