MEŁGIEWSKA FS - MEŁGIEWSKA - AL. ANDERSA - LWOWSKA - AL. TYSIĄCLECIA - 3 MAJA - AL. RACŁAWICKIE - AL. KRAŚNICKA - ZANA - B. M. CASSINO - ARMII KRAJOWEJ - ORKANA - ROZTOCZE - JANA PAWŁA II - GRANITOWA - OS.PORĘBA

DZIEŃ POWSZEDNI, ROK SZKOLNY

4	44
5	13 33 43
6	00. 12 23 35. 52
7	08. 20 32 46 57.
8	09 20 30 40. 50
9	00 11. 22 35 48 58.
10	09 20 32 42. 51
11	02 20. 38 47 58
12	10. 23 36 49.
13	02 15 28. 41 54
14	07 20. 33 47 59.
15	13 24 36. 54
16	06 17 30. 43 57
17	11. 22 36 49.
18	06 19 31. 43
19	01 19 44
20	00 17. 34 55
21	19 45
22	08 34 57

SOBOTA, ROK SZKOLNY

4	
5	04 22 44.
6	05 21 36. 52
7	15 39.
8	00 18 41.
9	04 22 39. 59
10	16 35. 54
11	11 28. 49
12	07 25. 44
13	04 21. 42
14	00 18. 37 54
15	11. 29 47
16	05. 24 43
17	00. 21 45
18	06. 19 34 51.
19	12 32 49.
20	10 32
21	07 37
22	15 48

DZIEŃ ŚWIĄTECZNY, ROK SZKOLNY

4	
5	14 32
6	03 45
7	25
8	04 46
9	24
10	04 43
11	19 54
12	34
13	09 47
14	22
15	03 39
16	11 52
17	34
18	11 42
19	20 54
20	32
21	12 42
22	15 46

WIELKANOC,BOŻE NARODZENIE,NOWY ROK

4	
5	
6	14
7	23
8	25
9	24
10	24
11	21
12	14
13	11
14	15
15	13
16	10
17	08
18	07 58
19	51
20	44
21	33
22	20

