MEŁGIEWSKA FS - MEŁGIEWSKA - AL. ANDERSA - LWOWSKA - AL. TYSIĄCLECIA - 3 MAJA - AL. RACŁAWICKIE - AL. KRAŚNICKA - ZANA - B. M. CASSINO - ARMII KRAJOWEJ - ORKANA - ROZTOCZE - JANA PAWŁA II - GRANITOWA - OS.PORĘBA

DZIEŃ POWSZEDNI, ROK SZKOLNY

4	38
5	07 27 37 54.
6	06 17 28. 44
7	00. 12 24 38 49.
8	01 12 22 32. 42 52
9	03. 14 27 40 50.
10	01 12 24 34. 43 54
11	12. 30 39 50
12	02. 15 28 41. 54
13	07 20. 33 46 59
14	12. 25 39 51.
15	05 16 28. 46 58
16	09 22. 35 49
17	03. 14 28 41. 58
18	12 24. 36 54
19	12 37 53
20	10. 27 48
21	12 38
22	02 28 51

SOBOTA, ROK SZKOLNY

4	58
5	16 38. 59
6	15 30. 46
7	07 31. 52
8	10 33. 56
9	14 31. 51
10	08 27. 46
11	03 20. 41 59
12	17. 36 56
13	13. 34 52
14	10. 29 46
15	03. 21 39 57.
16	16 35 52.
17	13 37 58.
18	12 27 44.
19	05 25 42.
20	03 25
21	00 30
22	09 42

DZIEŃ ŚWIĄTECZNY, ROK SZKOLNY

4	
5	08 26 57
6	39
7	17 56
8	38
9	16 56
10	35
11	11 46
12	26
13	01 39
14	14 55
15	31
16	03 44
17	26
18	04 35
19	13 47
20	25
21	05 35
22	09 40

WIELKANOC,BOŻE NARODZENIE,NOWY ROK

4	
5	
6	08
7	15
8	17
9	16
10	16
11	13
12	06
13	03
14	07
15	05
16	02
17	00
18	00 51
19	44
20	37
21	26
22	14

