MEŁGIEWSKA FS - MEŁGIEWSKA - AL. ANDERSA - LWOWSKA - AL. TYSIĄCLECIA - 3 MAJA - AL. RACŁAWICKIE - AL. KRAŚNICKA - ZANA - B. M. CASSINO - ARMII KRAJOWEJ - ORKANA - ROZTOCZE - JANA PAWŁA II - GRANITOWA - OS.PORĘBA

DZIEŃ POWSZEDNI, ROK SZKOLNY

4	39
5	08 28 38 55.
6	07 18 29. 45
7	01. 13 25 39 50.
8	02 13 23 33. 43 53
9	04. 15 28 41 51.
10	02 13 25 35. 44 55
11	13. 31 40 51
12	03. 16 29 42. 55
13	08 21. 34 47
14	00 13. 26 40 52.
15	06 17 29. 47 59
16	10 23. 36 50
17	04. 15 29 42. 59
18	13 25. 37 55
19	13 38 54
20	11. 28 49
21	13 39
22	03 29 52

SOBOTA, ROK SZKOLNY

4	59
5	17 39.
6	00 16 31. 47
7	08 32. 53
8	11 34. 57
9	15 32. 52
10	09 28. 47
11	04 21. 42
12	00 18. 37 57
13	14. 35 53
14	11. 30 47
15	04. 22 40 58.
16	17 36 53.
17	14 38 59.
18	13 28 45.
19	06 26 43.
20	04 26
21	01 31
22	10 43

DZIEŃ ŚWIĄTECZNY, ROK SZKOLNY

4	
5	09 27 58
6	40
7	18 57
8	39
9	17 57
10	36
11	12 47
12	27
13	02 40
14	15 56
15	32
16	04 45
17	27
18	05 36
19	14 48
20	26
21	06 36
22	10 41

WIELKANOC,BOŻE NARODZENIE,NOWY ROK

4	
5	
6	09
7	16
8	18
9	17
10	17
11	14
12	07
13	04
14	08
15	06
16	03
17	01
18	01 52
19	45
20	38
21	27
22	15

