ABRAMOWICE  - ABRAMOWICKA - KUNICKIEGO - AL. PIŁSUDSKIEGO - LIPOWA - AL. RACŁAWICKIE - AL. KRAŚNICKA - WĘGLIN

DZIEŃ POWSZEDNI, ROK SZKOLNY

5	11 31 51
6	11 38 58
7	18 38 58
8	18 38
9	01 21 41
10	01 21 41
11	01 21 41
12	01 21 41
13	01 21 40 56
14	16 36 56
15	16 36 56
16	16 36
17	00 20 40
18	01 20 40
19	00 20 40
20	11 41
21	11 41
22	11

SOBOTA, ROK SZKOLNY

5	11 40
6	11 31 54
7	14 34 54
8	14 34 54
9	14 34 54
10	14 34 54
11	14 34 54
12	14 34 54
13	14 34 54
14	14 34 53
15	13 33 53
16	13 33 53
17	13 33 53
18	13 33 53
19	13 33 53
20	11 41
21	11 41
22	11

DZIEŃ ŚWIĄTECZNY, ROK SZKOLNY

5	11 41
6	11 41
7	11 41
8	11 41
9	11 41
10	11 41
11	14 34 54
12	14 34 54
13	14 34 54
14	14 34 54
15	14 34 54
16	14 34 54
17	14 34 54
18	14 34 54
19	14 34 53
20	11 41
21	11 41
22	11

WIGILIA I SYLWESTER

5	11 31 51
6	11 38 58
7	18 38 58
8	18 38
9	01 21 41
10	01 21 41
11	01 21 41
12	01 21 41
13	01 21 40 56
14	16 36 56
15	16 36 56
16	16 36
17	00 20 40
18	01 20 40
19	00 20
20	11
21	
22	

WIELKANOC,BOŻE NARODZENIE,NOWY ROK

5	55
6	
7	25
8	10
9	03 48
10	35
11	20
12	05 50
13	35
14	20
15	05 50
16	35
17	30
18	13 58
19	45
20	30
21	15
22	00 40

