ABRAMOWICE  - ABRAMOWICKA - KUNICKIEGO - AL. PIŁSUDSKIEGO - LIPOWA - AL. RACŁAWICKIE - AL. KRAŚNICKA - WĘGLIN

DZIEŃ POWSZEDNI, ROK SZKOLNY

5	13 33 53
6	13 40
7	00 20 40
8	00 20 40
9	03 23 43
10	03 23 43
11	03 23 43
12	03 23 43
13	03 23 42 58
14	18 38 58
15	18 38 58
16	18 38
17	02 22 42
18	03 22 42
19	02 22 42
20	13 43
21	13 43
22	13

SOBOTA, ROK SZKOLNY

5	13 42
6	13 33 56
7	16 36 56
8	16 36 56
9	16 36 56
10	16 36 56
11	16 36 56
12	16 36 56
13	16 36 56
14	16 36 55
15	15 35 55
16	15 35 55
17	15 35 55
18	15 35 55
19	15 35 55
20	13 43
21	13 43
22	13

DZIEŃ ŚWIĄTECZNY, ROK SZKOLNY

5	13 43
6	13 43
7	13 43
8	13 43
9	13 43
10	13 43
11	16 36 56
12	16 36 56
13	16 36 56
14	16 36 56
15	16 36 56
16	16 36 56
17	16 36 56
18	16 36 56
19	16 36 55
20	13 43
21	13 43
22	13

WIGILIA I SYLWESTER

5	13 33 53
6	13 40
7	00 20 40
8	00 20 40
9	03 23 43
10	03 23 43
11	03 23 43
12	03 23 43
13	03 23 42 58
14	18 38 58
15	18 38 58
16	18 38
17	02 22 42
18	03 22 42
19	02 22
20	13
21	
22	

WIELKANOC,BOŻE NARODZENIE,NOWY ROK

5	57
6	
7	27
8	12
9	05 50
10	37
11	22
12	07 52
13	37
14	22
15	07 52
16	37
17	32
18	15
19	00 47
20	32
21	17
22	02 42

