ABRAMOWICE  - ABRAMOWICKA - KUNICKIEGO - AL. PIŁSUDSKIEGO - LIPOWA - AL. RACŁAWICKIE - AL. KRAŚNICKA - WĘGLIN

DZIEŃ POWSZEDNI, ROK SZKOLNY

5	20 40
6	00 20 50
7	10 30 50
8	10 30 50
9	10 30 50
10	10 30 50
11	10 30 50
12	10 30 50
13	10 30 49
14	06 26 46
15	06 26 46
16	06 26 46
17	09 29 49
18	10 29 49
19	09 29 49
20	20 50
21	20 50
22	20

SOBOTA, ROK SZKOLNY

5	20 49
6	20 40
7	03 23 43
8	03 23 43
9	03 23 43
10	03 23 43
11	03 23 43
12	03 23 43
13	03 23 43
14	03 23 43
15	02 22 42
16	02 22 42
17	02 22 42
18	02 22 42
19	02 22 42
20	02 20 50
21	20 50
22	20

DZIEŃ ŚWIĄTECZNY, ROK SZKOLNY

5	20 50
6	20 50
7	20 50
8	20 50
9	20 50
10	20 50
11	23 43
12	03 23 43
13	03 23 43
14	03 23 43
15	03 23 43
16	03 23 43
17	03 23 43
18	03 23 43
19	03 23 43
20	02 20 50
21	20 50
22	20

WIGILIA I SYLWESTER

5	20 40
6	00 20 50
7	10 30 50
8	10 30 50
9	10 30 50
10	10 30 50
11	10 30 50
12	10 30 50
13	10 30 49
14	06 26 46
15	06 26 46
16	06 26 46
17	09 29 49
18	10 29 49
19	09 29
20	20
21	
22	

WIELKANOC,BOŻE NARODZENIE,NOWY ROK

5	
6	04
7	34
8	19
9	12 57
10	44
11	29
12	14 59
13	44
14	29
15	14 59
16	44
17	39
18	22
19	07 54
20	39
21	24
22	09 49

