ABRAMOWICE  - ABRAMOWICKA - KUNICKIEGO - AL. PIŁSUDSKIEGO - LIPOWA - AL. RACŁAWICKIE - AL. KRAŚNICKA - WĘGLIN

DZIEŃ POWSZEDNI, ROK SZKOLNY

5	12 32 52
6	12 39 59
7	19 39 59
8	19 39
9	02 22 42
10	02 22 42
11	02 22 42
12	02 22 42
13	02 22 41 57
14	17 37 57
15	17 37 57
16	17 37
17	01 21 41
18	02 21 41
19	01 21 41
20	12 42
21	12 42
22	12

SOBOTA, ROK SZKOLNY

5	12 41
6	12 32 55
7	15 35 55
8	15 35 55
9	15 35 55
10	15 35 55
11	15 35 55
12	15 35 55
13	15 35 55
14	15 35 54
15	14 34 54
16	14 34 54
17	14 34 54
18	14 34 54
19	14 34 54
20	12 42
21	12 42
22	12

DZIEŃ ŚWIĄTECZNY, ROK SZKOLNY

5	12 42
6	12 42
7	12 42
8	12 42
9	12 42
10	12 42
11	15 35 55
12	15 35 55
13	15 35 55
14	15 35 55
15	15 35 55
16	15 35 55
17	15 35 55
18	15 35 55
19	15 35 54
20	12 42
21	12 42
22	12

WIGILIA I SYLWESTER

5	12 32 52
6	12 39 59
7	19 39 59
8	19 39
9	02 22 42
10	02 22 42
11	02 22 42
12	02 22 42
13	02 22 41 57
14	17 37 57
15	17 37 57
16	17 37
17	01 21 41
18	02 21 41
19	01 21
20	12
21	
22	

WIELKANOC,BOŻE NARODZENIE,NOWY ROK

5	56
6	
7	26
8	11
9	04 49
10	36
11	21
12	06 51
13	36
14	21
15	06 51
16	36
17	31
18	14 59
19	46
20	31
21	16
22	01 41

