ABRAMOWICE  - ABRAMOWICKA - KUNICKIEGO - AL. PIŁSUDSKIEGO - LIPOWA - AL. RACŁAWICKIE - AL. KRAŚNICKA - WĘGLIN

DZIEŃ POWSZEDNI, ROK SZKOLNY

5	26 46
6	06 26 57
7	17 37 57
8	17 37 57
9	16 36 56
10	16 36 56
11	16 36 56
12	16 36 56
13	16 36 55
14	13 33 53
15	13 33 53
16	13 33 53
17	15 35 55
18	16 35 55
19	15 35 55
20	26 56
21	26 56
22	26

SOBOTA, ROK SZKOLNY

5	26 55
6	26 46
7	09 29 49
8	09 29 49
9	09 29 49
10	09 29 49
11	09 29 49
12	09 29 49
13	09 29 49
14	09 29 49
15	08 28 48
16	08 28 48
17	08 28 48
18	08 28 48
19	08 28 48
20	08 26 56
21	26 56
22	26

DZIEŃ ŚWIĄTECZNY, ROK SZKOLNY

5	26 56
6	26 56
7	26 56
8	26 56
9	26 56
10	26 56
11	29 49
12	09 29 49
13	09 29 49
14	09 29 49
15	09 29 49
16	09 29 49
17	09 29 49
18	09 29 49
19	09 29 49
20	08 26 56
21	26 56
22	26

WIGILIA I SYLWESTER

5	26 46
6	06 26 57
7	17 37 57
8	17 37 57
9	16 36 56
10	16 36 56
11	16 36 56
12	16 36 56
13	16 36 55
14	13 33 53
15	13 33 53
16	13 33 53
17	15 35 55
18	16 35 55
19	15 35
20	26
21	
22	

WIELKANOC,BOŻE NARODZENIE,NOWY ROK

5	
6	10
7	40
8	25
9	18
10	03 50
11	35
12	20
13	05 50
14	35
15	20
16	05 50
17	45
18	28
19	13
20	00 45
21	30
22	15 55

