WĘGLIN - AL. KRAŚNICKA - B. M. CASSINO - WILEŃSKA - GŁĘBOKA - SOWIŃSKIEGO - AL. RACŁAWICKIE - KRAKOWSKIE PRZEDMIEŚCIE - 3 MAJA - AL. TYSIĄCLECIA - LWOWSKA - AL. ANDERSA - MEŁGIEWSKA - MEŁGIEWSKA - CHŁODNIA

DZIEŃ POWSZEDNI, ROK SZKOLNY

5	21 40 56
6	10. 22 35 48.
7	04 14 25. 35 46 56
8	12 26. 37 48 59.
9	09 19 30. 41 52
10	03 16 26. 38 51
11	04. 17 30 56
12	09 22 35. 47 59
13	11. 23 35 59
14	11 24 37. 50
15	03 16. 29 42 55.
16	08 21 34 47.
17	00 13 26. 47
18	00 11. 24 37 50.
19	05 18 31. 44
20	14 29 44. 59
21	17 38 58
22	16 39
23	02

SOBOTA, ROK SZKOLNY

5	11 33. 51
6	06 26 45
7	04 25. 42
8	01 19 38
9	06 25. 43
10	01 20 38 56
11	15. 33 51
12	10 28 46
13	05. 23 41
14	00 18 36 55.
15	13 31 50
16	10 27 45.
17	03 21 42 57
18	25 45.
19	03 21 40 58
20	14 34. 52
21	13 28 55
22	22
23	01

DZIEŃ ŚWIĄTECZNY, ROK SZKOLNY

5	26
6	22
7	04 42
8	19 59
9	39
10	17 56
11	33
12	10 45
13	23
14	00 36
15	13 50
16	25
17	03 42
18	25
19	03 40
20	14 52
21	28 58
22	21
23	01

WIELKANOC,BOŻE NARODZENIE,NOWY ROK

5	24
6	21
7	26
8	22
9	27
10	21
11	20
12	11
13	10
14	19
15	11
16	07
17	06
18	09
19	01 54
20	44
21	33
22	21 58
23	

