WĘGLIN - AL. KRAŚNICKA - B. M. CASSINO - WILEŃSKA - GŁĘBOKA - SOWIŃSKIEGO - AL. RACŁAWICKIE - KRAKOWSKIE PRZEDMIEŚCIE - 3 MAJA - AL. TYSIĄCLECIA - LWOWSKA - AL. ANDERSA - MEŁGIEWSKA - MEŁGIEWSKA - CHŁODNIA

DZIEŃ POWSZEDNI, ROK SZKOLNY

5	44
6	03 19 33. 50
7	05 18. 34 44 55.
8	05 16 26 42 56.
9	07 18 29. 39 49
10	00. 11 22 33 46 56.
11	08 21 34. 47
12	00 26 39 52
13	05. 17 29 41. 53
14	05 34 47
15	00 13. 26 39 52.
16	05 18 31. 44 57
17	10 23. 36 49
18	02. 18 27 38. 51
19	04 17. 32 45 58.
20	11 41 56
21	11. 26 44
22	05 22 40
23	03 25

SOBOTA, ROK SZKOLNY

5	34 56.
6	14 29 49
7	09 32 53.
8	10 29 47
9	06 34 53.
10	11 29 48
11	06 24 43.
12	01 19 38 56
13	14 33. 51
14	09 28 46
15	04 23. 41 59
16	18 38 55
17	13. 31 49
18	10 24 52
19	12. 30 48
20	07 25 41
21	01. 19 40 55
22	18 45
23	24

DZIEŃ ŚWIĄTECZNY, ROK SZKOLNY

5	49
6	45
7	32
8	10 47
9	27
10	07 45
11	24
12	01 38
13	13 51
14	28
15	04 41
16	18 53
17	31
18	10 52
19	30
20	07 41
21	19 55
22	21 44
23	24

WIELKANOC,BOŻE NARODZENIE,NOWY ROK

5	47
6	44
7	54
8	50
9	55
10	49
11	48
12	39
13	38
14	47
15	39
16	35
17	34
18	36
19	28
20	21
21	11
22	00 44
23	21

