WĘGLIN - AL. KRAŚNICKA - B. M. CASSINO - WILEŃSKA - GŁĘBOKA - SOWIŃSKIEGO - AL. RACŁAWICKIE - KRAKOWSKIE PRZEDMIEŚCIE - 3 MAJA - AL. TYSIĄCLECIA - LWOWSKA - AL. ANDERSA - MEŁGIEWSKA - MEŁGIEWSKA - CHŁODNIA

DZIEŃ POWSZEDNI, ROK SZKOLNY

5	45
6	04 20 35. 52
7	07 20. 36 46 57.
8	07 18 28 44 58.
9	09 20 31. 41 51
10	02. 13 24 35 48 58.
11	10 23 36. 49
12	02 28 41 54
13	07. 19 31 43. 55
14	07 36 49
15	02 15. 28 41 54.
16	07 20 33. 46 59
17	12 25. 38 51
18	03. 19 28 39. 52
19	05 18. 33 46 59.
20	12 42 57
21	12. 27 45
22	06 23 41
23	04 26

SOBOTA, ROK SZKOLNY

5	35 57.
6	15 30 50
7	10 33 54.
8	11 30 48
9	07 35 54.
10	12 30 49
11	07 25 44.
12	02 20 39 57
13	15 34. 52
14	10 29 47
15	05 24. 42
16	00 19 39 56
17	14. 32 50
18	11 25 53
19	13. 31 49
20	08 26 42
21	02. 20 41 56
22	19 46
23	25

DZIEŃ ŚWIĄTECZNY, ROK SZKOLNY

5	50
6	46
7	33
8	11 48
9	28
10	08 46
11	25
12	02 39
13	14 52
14	29
15	05 42
16	19 54
17	32
18	11 53
19	31
20	08 42
21	20 56
22	22 45
23	25

WIELKANOC,BOŻE NARODZENIE,NOWY ROK

5	48
6	45
7	55
8	51
9	56
10	50
11	49
12	40
13	39
14	48
15	40
16	36
17	35
18	37
19	29
20	22
21	12
22	01 45
23	22

