WĘGLIN - AL. KRAŚNICKA - B. M. CASSINO - WILEŃSKA - GŁĘBOKA - SOWIŃSKIEGO - AL. RACŁAWICKIE - KRAKOWSKIE PRZEDMIEŚCIE - 3 MAJA - AL. TYSIĄCLECIA - LWOWSKA - AL. ANDERSA - MEŁGIEWSKA - MEŁGIEWSKA - CHŁODNIA

DZIEŃ POWSZEDNI, ROK SZKOLNY

5	24 43 59
6	13. 25 38 51.
7	07 17 28. 38 49 59
8	15 29. 40 51
9	02. 12 22 33. 44 55
10	06 19 29. 41 54
11	07. 20 33 59
12	12 25 38. 50
13	02 14. 26 38
14	02 15 28 41. 54
15	07 20. 33 46 59.
16	12 25 38 51.
17	04 17 30. 51
18	03 14. 27 40 53.
19	08 21 34. 47
20	17 32 47.
21	02 20 41
22	01 19 42
23	05

SOBOTA, ROK SZKOLNY

5	14 36. 54
6	09 29 48
7	07 28. 45
8	04 22 41
9	09 28. 46
10	04 23 41 59
11	18. 36 54
12	13 31 49
13	08. 26 44
14	03 21 39 58.
15	16 34 53
16	13 30 48.
17	06 24 45
18	00 28 48.
19	06 24 43
20	01 17 37. 55
21	16 31 58
22	25
23	04

DZIEŃ ŚWIĄTECZNY, ROK SZKOLNY

5	29
6	25
7	07 45
8	22
9	02 42
10	20 59
11	36
12	13 48
13	26
14	03 39
15	16 53
16	28
17	06 45
18	28
19	06 43
20	17 55
21	31
22	01 24
23	04

WIELKANOC,BOŻE NARODZENIE,NOWY ROK

5	27
6	24
7	29
8	25
9	30
10	24
11	23
12	14
13	13
14	22
15	14
16	10
17	09
18	12
19	04 57
20	47
21	36
22	24
23	01

