RAPACKIEGO - RAPACKIEGO - ZWIĄZKOWA - AL. SPÓŁDZIELCZOŚCI PRACY - PODZAMCZE - AL. TYSIĄCLECIA - 3 MAJA - AL. RACŁAWICKIE - FILARETÓW - JANA PAWŁA II - GRANITOWA - OS.PORĘBA

DZIEŃ POWSZEDNI, ROK SZKOLNY

4	58
5	13 18 35 38. 51
6	09 13. 21 32 47. 55
7	14 25 27. 33 40 50 53.
8	01 21 42. 52
9	03 14 17. 25 38 49 52.
10	00 19 31. 42 54 57.
11	07 26 36 39. 49
12	02 15. 26 40 43.
13	00 12 22 25. 35 46 59.
14	13 30 33. 43 57
15	11 14. 25 35 51.
16	05 19 22. 33 52
17	05 08. 17 28 47. 59
18	13 15. 26 41 44. 54
19	08 22. 34 37. 55
20	14 17. 36 54
21	14. 34 37. 54
22	28

SOBOTA, ROK SZKOLNY

4	
5	03 39
6	00 20 44 48.
7	02 27
8	08 24 33.
9	03 27 50
10	12 20. 40
11	05 28 53 59.
12	15 39
13	03 33 37. 53
14	17 41
15	11 15. 30 54
16	18 45 54.
17	23 51
18	17 38 47.
19	03 30 54
20	18 27. 38
21	27
22	18

DZIEŃ ŚWIĄTECZNY, ROK SZKOLNY

4	
5	05 38
6	27 51
7	19 56
8	35
9	20 58
10	33
11	03 34
12	06 41
13	21 53
14	19 50
15	28
16	06 42
17	05 39
18	18 52
19	27
20	01 19 58
21	34
22	17

WIELKANOC,BOŻE NARODZENIE,NOWY ROK

4	
5	
6	
7	52
8	
9	42
10	
11	27
12	
13	01
14	42
15	
16	26
17	
18	10
19	53
20	
21	
22	

