RAPACKIEGO - RAPACKIEGO - ZWIĄZKOWA - AL. SPÓŁDZIELCZOŚCI PRACY - PODZAMCZE - AL. TYSIĄCLECIA - 3 MAJA - AL. RACŁAWICKIE - FILARETÓW - JANA PAWŁA II - GRANITOWA - OS.PORĘBA

DZIEŃ POWSZEDNI, ROK SZKOLNY

5	09 24 29 46 49.
6	02 20 24. 32 47
7	02. 10 29 40 42. 48 55
8	05 08. 16 36 57.
9	07 18 29 32. 40 53
10	04 07. 15 34 46. 57
11	09 12. 22 41 51 54.
12	04 17 30. 41 55 58.
13	15 27 37 40. 50
14	01 14. 29 46 49. 59
15	13 27 30. 41 51
16	07. 21 35 38. 49
17	08 21 24. 33 44
18	03. 13 26 28. 39 54 57.
19	07 21 35. 47 50.
20	08 27 30. 49
21	07 27. 47 50.
22	07 39

SOBOTA, ROK SZKOLNY

5	14 50
6	11 31 55 59.
7	17 42
8	23 39 48.
9	18 42
10	05 27 35. 55
11	20 43
12	08 14. 30 54
13	18 48 52.
14	08 32 56
15	26 30. 45
16	09 33
17	00 09. 38
18	06 29 50 59.
19	15 42
20	06 30 39. 50
21	39
22	29

DZIEŃ ŚWIĄTECZNY, ROK SZKOLNY

5	16 49
6	38
7	02 34
8	11 50
9	35
10	13 48
11	18 49
12	21 56
13	36
14	08 34
15	05 43
16	21 57
17	20 54
18	30
19	04 39
20	13 31
21	10 46
22	28

WIELKANOC,BOŻE NARODZENIE,NOWY ROK

5	
6	
7	
8	07
9	57
10	
11	42
12	
13	16
14	57
15	
16	41
17	
18	22
19	
20	05
21	
22	

