RAPACKIEGO - RAPACKIEGO - ZWIĄZKOWA - AL. SPÓŁDZIELCZOŚCI PRACY - PODZAMCZE - AL. TYSIĄCLECIA - 3 MAJA - AL. RACŁAWICKIE - FILARETÓW - JANA PAWŁA II - GRANITOWA - OS.PORĘBA

DZIEŃ POWSZEDNI, ROK SZKOLNY

5	04 19 24 41 44. 57
6	15 19. 27 42 57.
7	05 24 35 37. 43 50
8	00 03. 11 31 52.
9	02 13 24 27. 35 48 59
10	02. 10 29 41. 52
11	04 07. 17 36 46 49. 59
12	12 25. 36 50 53.
13	10 22 32 35. 45 56
14	09. 24 41 44. 54
15	08 22 25. 36 46
16	02. 16 30 33. 44
17	03 16 19. 28 39 58.
18	08 21 23. 34 49 52.
19	02 16 30. 42 45.
20	03 22 25. 44
21	02 22. 42 45.
22	02 34

SOBOTA, ROK SZKOLNY

5	09 45
6	06 26 50 54.
7	12 37
8	18 34 43.
9	13 37
10	00 22 30. 50
11	15 38
12	03 09. 25 49
13	13 43 47.
14	03 27 51
15	21 25. 40
16	04 28 55
17	04. 33
18	01 24 45 54.
19	10 37
20	01 25 34. 45
21	34
22	24

DZIEŃ ŚWIĄTECZNY, ROK SZKOLNY

5	11 44
6	33 57
7	29
8	06 45
9	30
10	08 43
11	13 44
12	16 51
13	31
14	03 29
15	00 38
16	16 52
17	15 49
18	25 59
19	34
20	08 26
21	05 41
22	23

WIELKANOC,BOŻE NARODZENIE,NOWY ROK

5	
6	
7	
8	02
9	52
10	
11	37
12	
13	11
14	52
15	
16	36
17	
18	17
19	
20	00
21	
22	

