RAPACKIEGO - RAPACKIEGO - ZWIĄZKOWA - AL. SPÓŁDZIELCZOŚCI PRACY - PODZAMCZE - AL. TYSIĄCLECIA - 3 MAJA - AL. RACŁAWICKIE - FILARETÓW - JANA PAWŁA II - GRANITOWA - OS.PORĘBA

DZIEŃ POWSZEDNI, ROK SZKOLNY

5	10 25 30 47 50.
6	03 21 25. 33 48
7	03. 11 30 41 43. 49 56
8	06 09. 17 37 58.
9	08 19 30 33. 41 54
10	05 08. 16 35 47. 58
11	10 13. 23 42 52 55.
12	05 18 31. 42 56 59.
13	16 28 38 41. 51
14	02 15. 30 47 50.
15	00 14 28 31. 42 52
16	08. 22 36 39. 50
17	09 22 25. 34 45
18	04. 14 27 29. 40 55 58.
19	08 22 36. 48 51.
20	09 28 31. 50
21	08 28. 48 51.
22	08 40

SOBOTA, ROK SZKOLNY

5	15 51
6	12 32 56
7	00. 18 43
8	24 40 49.
9	19 43
10	06 28 36. 56
11	21 44
12	09 15. 31 55
13	19 49 53.
14	09 33 57
15	27 31. 46
16	10 34
17	01 10. 39
18	07 30 51
19	00. 16 43
20	07 31 40. 51
21	40
22	30

DZIEŃ ŚWIĄTECZNY, ROK SZKOLNY

5	17 50
6	39
7	03 35
8	12 51
9	36
10	14 49
11	19 50
12	22 57
13	37
14	09 35
15	06 44
16	22 58
17	21 55
18	31
19	05 40
20	14 32
21	11 47
22	29

WIELKANOC,BOŻE NARODZENIE,NOWY ROK

5	
6	
7	
8	08
9	58
10	
11	43
12	
13	17
14	58
15	
16	42
17	
18	23
19	
20	06
21	
22	

