RAPACKIEGO - RAPACKIEGO - ZWIĄZKOWA - AL. SPÓŁDZIELCZOŚCI PRACY - PODZAMCZE - AL. TYSIĄCLECIA - 3 MAJA - AL. RACŁAWICKIE - FILARETÓW - JANA PAWŁA II - GRANITOWA - OS.PORĘBA

DZIEŃ POWSZEDNI, ROK SZKOLNY

5	14 29 34 51 54.
6	07 25 29. 38 53
7	08. 16 35 46 48. 54
8	01 11 14. 22 42
9	03. 13 24 35 38. 46 59
10	10 13. 21 40 52.
11	03 15 18. 28 47 57
12	00. 10 23 36. 47
13	01 04. 21 33 43 46. 56
14	07 20. 35 52 55.
15	05 19 33 36. 47 57
16	13. 27 41 44. 55
17	14 27 30. 39 50
18	08. 18 31 33. 44 59
19	02. 12 26 40. 52 55.
20	13 32 35. 54
21	12 32. 52 55.
22	12 44

SOBOTA, ROK SZKOLNY

5	19 55
6	16 36
7	00 05. 23 48
8	29 45 54.
9	24 48
10	11 33 41.
11	01 26 49
12	14 20. 36
13	00 24 54 58.
14	14 38
15	02 32 36. 51
16	15 39
17	06 15. 44
18	11 34 55
19	04. 20 47
20	11 35 44. 55
21	44
22	34

DZIEŃ ŚWIĄTECZNY, ROK SZKOLNY

5	21 54
6	43
7	08 40
8	17 56
9	41
10	19 54
11	24 55
12	27
13	02 42
14	14 40
15	11 49
16	27
17	03 26
18	00 35
19	09 44
20	18 36
21	15 51
22	33

WIELKANOC,BOŻE NARODZENIE,NOWY ROK

5	
6	
7	
8	13
9	
10	03
11	48
12	
13	22
14	
15	03
16	47
17	
18	27
19	
20	10
21	
22	

