RAPACKIEGO - RAPACKIEGO - ZWIĄZKOWA - AL. SPÓŁDZIELCZOŚCI PRACY - PODZAMCZE - AL. TYSIĄCLECIA - 3 MAJA - AL. RACŁAWICKIE - FILARETÓW - JANA PAWŁA II - GRANITOWA - OS.PORĘBA

DZIEŃ POWSZEDNI, ROK SZKOLNY

5	13 28 33 50 53.
6	06 24 28. 37 52
7	07. 15 34 45 47. 53
8	00 10 13. 21 41
9	02. 12 23 34 37. 45 58
10	09 12. 20 39 51.
11	02 14 17. 27 46 56 59.
12	09 22 35. 46
13	00 03. 20 32 42 45. 55
14	06 19. 34 51 54.
15	04 18 32 35. 46 56
16	12. 26 40 43. 54
17	13 26 29. 38 49
18	07. 17 30 32. 43 58
19	01. 11 25 39. 51 54.
20	12 31 34. 53
21	11 31. 51 54.
22	11 43

SOBOTA, ROK SZKOLNY

5	18 54
6	15 35 59
7	04. 22 47
8	28 44 53.
9	23 47
10	10 32 40.
11	00 25 48
12	13 19. 35 59
13	23 53 57.
14	13 37
15	01 31 35. 50
16	14 38
17	05 14. 43
18	10 33 54
19	03. 19 46
20	10 34 43. 54
21	43
22	33

DZIEŃ ŚWIĄTECZNY, ROK SZKOLNY

5	20 53
6	42
7	07 39
8	16 55
9	40
10	18 53
11	23 54
12	26
13	01 41
14	13 39
15	10 48
16	26
17	02 25 59
18	34
19	08 43
20	17 35
21	14 50
22	32

WIELKANOC,BOŻE NARODZENIE,NOWY ROK

5	
6	
7	
8	12
9	
10	02
11	47
12	
13	21
14	
15	02
16	46
17	
18	26
19	
20	09
21	
22	

