RAPACKIEGO - RAPACKIEGO - ZWIĄZKOWA - AL. SPÓŁDZIELCZOŚCI PRACY - PODZAMCZE - AL. TYSIĄCLECIA - 3 MAJA - AL. RACŁAWICKIE - FILARETÓW - JANA PAWŁA II - GRANITOWA - OS.PORĘBA

DZIEŃ POWSZEDNI, ROK SZKOLNY

5	12 27 32 49 52.
6	05 23 27. 36 51
7	06. 14 33 44 46. 52 59
8	09 12. 20 40
9	01. 11 22 33 36. 44 57
10	08 11. 19 38 50.
11	01 13 16. 26 45 55 58.
12	08 21 34. 45 59
13	02. 19 31 41 44. 54
14	05 18. 33 50 53.
15	03 17 31 34. 45 55
16	11. 25 39 42. 53
17	12 25 28. 37 48
18	06. 16 29 31. 42 57
19	00. 10 24 38. 50 53.
20	11 30 33. 52
21	10 30. 50 53.
22	10 42

SOBOTA, ROK SZKOLNY

5	17 53
6	14 34 58
7	03. 21 46
8	27 43 52.
9	22 46
10	09 31 39. 59
11	24 47
12	12 18. 34 58
13	22 52 56.
14	12 36
15	00 30 34. 49
16	13 37
17	04 13. 42
18	09 32 53
19	02. 18 45
20	09 33 42. 53
21	42
22	32

DZIEŃ ŚWIĄTECZNY, ROK SZKOLNY

5	19 52
6	41
7	06 38
8	15 54
9	39
10	17 52
11	22 53
12	25
13	00 40
14	12 38
15	09 47
16	25
17	01 24 58
18	33
19	07 42
20	16 34
21	13 49
22	31

WIELKANOC,BOŻE NARODZENIE,NOWY ROK

5	
6	
7	
8	11
9	
10	01
11	46
12	
13	20
14	
15	01
16	45
17	
18	25
19	
20	08
21	
22	

