RAPACKIEGO - RAPACKIEGO - ZWIĄZKOWA - AL. SPÓŁDZIELCZOŚCI PRACY - PODZAMCZE - AL. TYSIĄCLECIA - 3 MAJA - AL. RACŁAWICKIE - FILARETÓW - JANA PAWŁA II - GRANITOWA - OS.PORĘBA

DZIEŃ POWSZEDNI, ROK SZKOLNY

5	05 22 25. 38 56
6	00. 08 19 29. 36 55
7	06 08. 14 21 31 34. 42
8	02 23. 33 44 55 58.
9	06 19 30 33. 41
10	00 12. 23 35 38. 48
11	07 17 20. 30 43 56.
12	07 21 24. 41 53
13	03 06. 16 27 40. 53
14	10 13. 23 37 51 54.
15	05 15 31. 45 59
16	02. 13 32 45 48. 57
17	08 27. 39 58
18	01. 12 27 30. 40 54
19	08. 20 23. 41
20	00 03. 22 40
21	00. 20 23. 40
22	15

SOBOTA, ROK SZKOLNY

5	26 47
6	07 31 35. 49
7	10 51
8	07 16. 46
9	10 33 55
10	03. 23 48
11	11 36 42. 58
12	22 46
13	16 20. 36
14	00 24 54 58.
15	13 37
16	01 28 37.
17	06 34
18	03 24 33. 49
19	16 40
20	04 13. 24
21	13
22	05

DZIEŃ ŚWIĄTECZNY, ROK SZKOLNY

5	25
6	14 38
7	02 39
8	18
9	03 41
10	16 46
11	17 49
12	24
13	04 36
14	02 33
15	11 49
16	25 48
17	22
18	04 38
19	13 47
20	05 44
21	20
22	04

WIELKANOC,BOŻE NARODZENIE,NOWY ROK

5	
6	
7	35
8	
9	25
10	
11	10
12	44
13	
14	25
15	
16	09
17	55
18	
19	39
20	
21	
22	

