RAPACKIEGO - RAPACKIEGO - ZWIĄZKOWA - AL. SPÓŁDZIELCZOŚCI PRACY - PODZAMCZE - AL. TYSIĄCLECIA - 3 MAJA - AL. RACŁAWICKIE - FILARETÓW - JANA PAWŁA II - GRANITOWA - OS.PORĘBA

DZIEŃ POWSZEDNI, ROK SZKOLNY

5	07 24 27. 40 58
6	02. 10 21 31. 39 58
7	09 11. 17 24 34 37. 45
8	05 26. 36 47 58
9	01. 09 22 33 36. 44
10	03 15. 26 38 41. 51
11	10 20 23. 33 46 59.
12	10 24 27. 44 56
13	06 09. 19 30 43. 56
14	13 16. 26 40 54 57.
15	08 18 34. 48
16	02 05. 16 35 48 51.
17	00 11 30. 42
18	01 03. 14 29 32. 42 56
19	10. 22 25. 43
20	02 05. 24 42
21	02. 22 25. 42
22	17

SOBOTA, ROK SZKOLNY

5	28 49
6	09 33 37. 51
7	13 54
8	10 19. 49
9	13 36 58
10	06. 26 51
11	14 39 45.
12	01 25 49
13	19 23. 39
14	03 27 57
15	01. 16 40
16	04 31 40.
17	09 37
18	05 26 35. 51
19	18 42
20	06 15. 26
21	15
22	07

DZIEŃ ŚWIĄTECZNY, ROK SZKOLNY

5	27
6	16 40
7	05 42
8	21
9	06 44
10	19 49
11	20 52
12	27
13	07 39
14	05 36
15	14 52
16	28 51
17	25
18	06 40
19	15 49
20	07 46
21	22
22	06

WIELKANOC,BOŻE NARODZENIE,NOWY ROK

5	
6	
7	38
8	
9	28
10	
11	13
12	47
13	
14	28
15	
16	12
17	58
18	
19	41
20	
21	
22	

