RAPACKIEGO - RAPACKIEGO - ZWIĄZKOWA - AL. SPÓŁDZIELCZOŚCI PRACY - PODZAMCZE - AL. TYSIĄCLECIA - 3 MAJA - AL. RACŁAWICKIE - FILARETÓW - JANA PAWŁA II - GRANITOWA - OS.PORĘBA

DZIEŃ POWSZEDNI, ROK SZKOLNY

5	08 23 28 45 48.
6	01 19 23. 31 46
7	01. 09 28 39 41. 47 54
8	04 07. 15 35 56.
9	06 17 28 31. 39 52
10	03 06. 14 33 45. 56
11	08 11. 21 40 50 53.
12	03 16 29. 40 54 57.
13	14 26 36 39. 49
14	00 13. 28 45 48. 58
15	12 26 29. 40 50
16	06. 20 34 37. 48
17	07 20 23. 32 43
18	02. 12 25 27. 38 53 56.
19	06 20 34. 46 49.
20	07 26 29. 48
21	06 26. 46 49.
22	06 38

SOBOTA, ROK SZKOLNY

5	13 49
6	10 30 54 58.
7	16 41
8	22 38 47.
9	17 41
10	04 26 34. 54
11	19 42
12	07 13. 29 53
13	17 47 51.
14	07 31 55
15	25 29. 44
16	08 32 59
17	08. 37
18	05 28 49 58.
19	14 41
20	05 29 38. 49
21	38
22	28

DZIEŃ ŚWIĄTECZNY, ROK SZKOLNY

5	15 48
6	37
7	01 33
8	10 49
9	34
10	12 47
11	17 48
12	20 55
13	35
14	07 33
15	04 42
16	20 56
17	19 53
18	29
19	03 38
20	12 30
21	09 45
22	27

WIELKANOC,BOŻE NARODZENIE,NOWY ROK

5	
6	
7	
8	06
9	56
10	
11	41
12	
13	15
14	56
15	
16	40
17	
18	21
19	
20	04
21	
22	

