RAPACKIEGO - RAPACKIEGO - ZWIĄZKOWA - AL. SPÓŁDZIELCZOŚCI PRACY - PODZAMCZE - AL. TYSIĄCLECIA - 3 MAJA - AL. RACŁAWICKIE - FILARETÓW - JANA PAWŁA II - GRANITOWA - OS.PORĘBA

DZIEŃ POWSZEDNI, ROK SZKOLNY

5	05 20 25 42 45. 58
6	16 20. 28 43 58.
7	06 25 36 38. 44 51
8	01 04. 12 32 53.
9	03 14 25 28. 36 49
10	00 03. 11 30 42. 53
11	05 08. 18 37 47 50.
12	00 13 26. 37 51 54.
13	11 23 33 36. 46 57
14	10. 25 42 45. 55
15	09 23 26. 37 47
16	03. 17 31 34. 45
17	04 17 20. 29 40 59.
18	09 22 24. 35 50 53.
19	03 17 31. 43 46.
20	04 23 26. 45
21	03 23. 43 46.
22	03 35

SOBOTA, ROK SZKOLNY

5	10 46
6	07 27 51 55.
7	13 38
8	19 35 44.
9	14 38
10	01 23 31. 51
11	16 39
12	04 10. 26 50
13	14 44 48.
14	04 28 52
15	22 26. 41
16	05 29 56
17	05. 34
18	02 25 46 55.
19	11 38
20	02 26 35. 46
21	35
22	25

DZIEŃ ŚWIĄTECZNY, ROK SZKOLNY

5	12 45
6	34 58
7	30
8	07 46
9	31
10	09 44
11	14 45
12	17 52
13	32
14	04 30
15	01 39
16	17 53
17	16 50
18	26
19	00 35
20	09 27
21	06 42
22	24

WIELKANOC,BOŻE NARODZENIE,NOWY ROK

5	
6	
7	
8	03
9	53
10	
11	38
12	
13	12
14	53
15	
16	37
17	
18	18
19	
20	01
21	
22	

