RAPACKIEGO - RAPACKIEGO - ZWIĄZKOWA - AL. SPÓŁDZIELCZOŚCI PRACY - PODZAMCZE - AL. TYSIĄCLECIA - 3 MAJA - AL. RACŁAWICKIE - FILARETÓW - JANA PAWŁA II - GRANITOWA - OS.PORĘBA

DZIEŃ POWSZEDNI, ROK SZKOLNY

5	07 22 27 44 47.
6	00 18 22. 30 45
7	00. 08 27 38 40. 46 53
8	03 06. 14 34 55.
9	05 16 27 30. 38 51
10	02 05. 13 32 44. 55
11	07 10. 20 39 49 52.
12	02 15 28. 39 53 56.
13	13 25 35 38. 48 59
14	12. 27 44 47. 57
15	11 25 28. 39 49
16	05. 19 33 36. 47
17	06 19 22. 31 42
18	01. 11 24 26. 37 52 55.
19	05 19 33. 45 48.
20	06 25 28. 47
21	05 25. 45 48.
22	05 37

SOBOTA, ROK SZKOLNY

5	12 48
6	09 29 53 57.
7	15 40
8	21 37 46.
9	16 40
10	03 25 33. 53
11	18 41
12	06 12. 28 52
13	16 46 50.
14	06 30 54
15	24 28. 43
16	07 31 58
17	07. 36
18	04 27 48 57.
19	13 40
20	04 28 37. 48
21	37
22	27

DZIEŃ ŚWIĄTECZNY, ROK SZKOLNY

5	14 47
6	36
7	00 32
8	09 48
9	33
10	11 46
11	16 47
12	19 54
13	34
14	06 32
15	03 41
16	19 55
17	18 52
18	28
19	02 37
20	11 29
21	08 44
22	26

WIELKANOC,BOŻE NARODZENIE,NOWY ROK

5	
6	
7	
8	05
9	55
10	
11	40
12	
13	14
14	55
15	
16	39
17	
18	20
19	
20	03
21	
22	

