RAPACKIEGO - RAPACKIEGO - ZWIĄZKOWA - AL. SPÓŁDZIELCZOŚCI PRACY - PODZAMCZE - AL. TYSIĄCLECIA - 3 MAJA - AL. RACŁAWICKIE - FILARETÓW - JANA PAWŁA II - GRANITOWA - OS.PORĘBA

DZIEŃ POWSZEDNI, ROK SZKOLNY

5	11 26 31 48 51.
6	04 22 26. 35 50
7	05. 13 32 43 45. 51 58
8	08 11. 19 39
9	00. 10 21 32 35. 43 56
10	07 10. 18 37 49.
11	00 12 15. 25 44 54 57.
12	07 20 33. 44 58
13	01. 18 30 40 43. 53
14	04 17. 32 49 52.
15	02 16 30 33. 44 54
16	10. 24 38 41. 52
17	11 24 27. 36 47
18	05. 15 28 30. 41 56 59.
19	09 23 37. 49 52.
20	10 29 32. 51
21	09 29. 49 52.
22	09 41

SOBOTA, ROK SZKOLNY

5	16 52
6	13 33 57
7	02. 20 45
8	26 42 51.
9	21 45
10	08 30 38. 58
11	23 46
12	11 17. 33 57
13	21 51 55.
14	11 35 59
15	29 33. 48
16	12 36
17	03 12. 41
18	08 31 52
19	01. 17 44
20	08 32 41. 52
21	41
22	31

DZIEŃ ŚWIĄTECZNY, ROK SZKOLNY

5	18 51
6	40
7	05 37
8	14 53
9	38
10	16 51
11	21 52
12	24 59
13	39
14	11 37
15	08 46
16	24
17	00 23 57
18	32
19	06 41
20	15 33
21	12 48
22	30

WIELKANOC,BOŻE NARODZENIE,NOWY ROK

5	
6	
7	
8	10
9	
10	00
11	45
12	
13	19
14	
15	00
16	44
17	
18	24
19	
20	07
21	
22	

