RAPACKIEGO - RAPACKIEGO - ZWIĄZKOWA - AL. SPÓŁDZIELCZOŚCI PRACY - PODZAMCZE - AL. TYSIĄCLECIA - 3 MAJA - AL. RACŁAWICKIE - FILARETÓW - JANA PAWŁA II - GRANITOWA - OS.PORĘBA

DZIEŃ POWSZEDNI, ROK SZKOLNY

5	13 30 33. 46
6	04 08. 16 27 39. 47
7	06 17 19. 25 32 42 45. 53
8	13 34. 44 55
9	06 09. 17 30 41 44. 52
10	11 23. 34 46 49. 59
11	18 28 31. 41 54
12	07. 18 32 35. 52
13	04 14 17. 27 38 51.
14	05 22 25. 35 49
15	03 06. 17 27 43. 57
16	11 14. 25 44 57
17	00. 09 20 39. 51
18	08 10. 21 36 39. 49
19	03 17. 29 32. 50
20	09 12. 31 49
21	09. 29 32. 49
22	23

SOBOTA, ROK SZKOLNY

5	34 55
6	15 39 43. 57
7	21
8	02 18 27. 57
9	21 44
10	06 14. 34 59
11	22 47 53.
12	09 33 57
13	27 31. 47
14	11 35
15	05 09. 24 48
16	12 39 48.
17	17 45
18	12 33 42. 58
19	25 49
20	13 22. 33
21	22
22	13

DZIEŃ ŚWIĄTECZNY, ROK SZKOLNY

5	33
6	22 46
7	13 50
8	29
9	14 52
10	27 57
11	28
12	00 35
13	15 47
14	13 44
15	22
16	00 36 59
17	33
18	13 47
19	22 56
20	14 53
21	29
22	12

WIELKANOC,BOŻE NARODZENIE,NOWY ROK

5	
6	
7	46
8	
9	36
10	
11	21
12	55
13	
14	36
15	
16	20
17	
18	05
19	48
20	
21	
22	

