CHODŹKI - SZPITAL - CHODŹKI - OBYWATELSKA - LUBARTOWSKA - KRÓLEWSKA - ZAMOJSKA - FABRYCZNA - DROGA M. MAJDANKA - MAJDANEK

DZIEŃ POWSZEDNI, ROK SZKOLNY

5	15 35 55
6	17 40
7	00 20 40
8	00 20 40
9	07 27 47
10	07 27 47
11	07 27 47
12	07 27 47
13	07 27 47
14	01 21 41
15	05 21 41
16	01 21 41
17	03 23 43
18	03 23 43
19	03 23 43
20	14 44
21	14 44
22	14

SOBOTA, ROK SZKOLNY

5	15 43
6	15 35 56
7	15 35 55
8	15 38 55
9	15 35 55
10	15 35 55
11	15 35 55
12	15 35 55
13	15 35 55
14	15 35 55
15	15 35 55
16	15 35 55
17	15 35 55
18	15 35 55
19	15 35 54
20	15 45
21	15 45
22	15

DZIEŃ ŚWIĄTECZNY, ROK SZKOLNY

5	15 45
6	15 45
7	15 45
8	15 45
9	15 45
10	15 45
11	15 35 55
12	15 35 55
13	15 35 55
14	15 35 55
15	15 35 54
16	15 35 55
17	15 35 55
18	15 35 55
19	15 35 55
20	15 45
21	15 45
22	15

WSZYSTKICH ŚWIĘTYCH

5	15 45
6	15 45
7	15 45
8	15 32 45
9	02 15 32 45
10	02 15 32 45
11	02 15 27 35 47 55
12	07 15 27 35 47 55
13	07 15 27 35 47 55
14	07 15 27 35 47 55
15	07 15 27 35 47 54
16	08 15 28 35 48 55
17	08 15 28 35 55
18	15 35 55
19	15 35 55
20	15 45
21	15 45
22	15

WIGILIA I SYLWESTER

5	15 35 55
6	17 40
7	00 20 40
8	00 20 40
9	07 27 47
10	07 27 47
11	07 27 47
12	07 27 47
13	07 27 47
14	01 21 41
15	05 21 41
16	01 21 41
17	03 23 43
18	03 23 43
19	03 43
20	
21	
22	

WIELKANOC,BOŻE NARODZENIE,NOWY ROK

5	
6	
7	21
8	41
9	51
10	
11	01
12	11
13	21
14	31
15	41
16	51
17	
18	11
19	21
20	31
21	41
22	

