CHODŹKI - SZPITAL - CHODŹKI - OBYWATELSKA - LUBARTOWSKA - KRÓLEWSKA - ZAMOJSKA - FABRYCZNA - DROGA M. MAJDANKA - MAJDANEK

DZIEŃ POWSZEDNI, ROK SZKOLNY

5	32 52
6	12 34
7	03 23 43
8	03 23 43
9	03 28 48
10	08 28 48
11	08 28 48
12	08 28 48
13	08 28 48
14	08 27 47
15	07 31 47
16	07 27 47
17	07 24 44
18	04 24 44
19	04 24 44
20	04 33
21	03 33
22	03 31

SOBOTA, ROK SZKOLNY

5	32
6	00 32 52
7	14 34 54
8	14 34 57
9	14 34 54
10	14 34 54
11	14 35 55
12	15 35 55
13	15 35 55
14	15 35 55
15	15 35 55
16	15 35 55
17	15 35 55
18	15 35 55
19	15 35 55
20	14 34
21	04 34
22	04 32

DZIEŃ ŚWIĄTECZNY, ROK SZKOLNY

5	32
6	02 32
7	02 32
8	02 34
9	04 34
10	04 34
11	04 35 55
12	15 35 55
13	15 35 55
14	15 35 55
15	15 35 55
16	14 34 54
17	14 34 54
18	14 34 54
19	14 34 54
20	14 34
21	04 34
22	04 32

WSZYSTKICH ŚWIĘTYCH

5	32
6	02 32
7	02 32
8	02 34 51
9	04 21 34 51
10	04 21 34 51
11	04 22 35 47 55
12	07 15 27 35 47 55
13	07 15 27 35 47 55
14	07 15 27 35 47 55
15	07 15 27 35 47 55
16	07 14 27 34 47 54
17	07 14 27 34 47 54
18	14 34 54
19	14 34 54
20	14 34
21	04 34
22	04 32

WIGILIA I SYLWESTER

5	32 52
6	12 34
7	03 23 43
8	03 23 43
9	03 28 48
10	08 28 48
11	08 28 48
12	08 28 48
13	08 28 48
14	08 27 47
15	07 31 47
16	07 27 47
17	07 24 44
18	04 24 44
19	04 24
20	04
21	
22	

WIELKANOC,BOŻE NARODZENIE,NOWY ROK

5	
6	
7	38
8	
9	00
10	10
11	21
12	31
13	41
14	51
15	
16	01
17	10
18	30
19	40
20	50
21	
22	00

