CHODŹKI - SZPITAL - CHODŹKI - OBYWATELSKA - LUBARTOWSKA - KRÓLEWSKA - ZAMOJSKA - FABRYCZNA - DROGA M. MAJDANKA - MAJDANEK

DZIEŃ POWSZEDNI, ROK SZKOLNY

5	28 48
6	08 30 59
7	19 39 59
8	19 39 59
9	24 44
10	04 24 44
11	04 24 44
12	04 24 44
13	04 24 44
14	04 23 43
15	03 27 43
16	03 23 43
17	03 20 40
18	00 20 40
19	00 20 40
20	00 29 59
21	29 59
22	27

SOBOTA, ROK SZKOLNY

5	28 56
6	28 48
7	10 30 50
8	10 30 53
9	10 30 50
10	10 30 50
11	10 31 51
12	11 31 51
13	11 31 51
14	11 31 51
15	11 31 51
16	11 31 51
17	11 31 51
18	11 31 51
19	11 31 51
20	10 30
21	00 30
22	00 28

DZIEŃ ŚWIĄTECZNY, ROK SZKOLNY

5	28 58
6	28 58
7	28 58
8	30
9	00 30
10	00 30
11	00 31 51
12	11 31 51
13	11 31 51
14	11 31 51
15	11 31 51
16	10 30 50
17	10 30 50
18	10 30 50
19	10 30 50
20	10 30
21	00 30
22	00 28

WSZYSTKICH ŚWIĘTYCH

5	28 58
6	28 58
7	28 58
8	30 47
9	00 17 30 47
10	00 17 30 47
11	00 18 31 43 51
12	03 11 23 31 43 51
13	03 11 23 31 43 51
14	03 11 23 31 43 51
15	03 11 23 31 43 51
16	03 10 23 30 43 50
17	03 10 23 30 43 50
18	10 30 50
19	10 30 50
20	10 30
21	00 30
22	00 28

WIGILIA I SYLWESTER

5	28 48
6	08 30 59
7	19 39 59
8	19 39 59
9	24 44
10	04 24 44
11	04 24 44
12	04 24 44
13	04 24 44
14	04 23 43
15	03 27 43
16	03 23 43
17	03 20 40
18	00 20 40
19	00 20
20	00
21	
22	

WIELKANOC,BOŻE NARODZENIE,NOWY ROK

5	
6	
7	34
8	56
9	
10	06
11	17
12	27
13	37
14	47
15	57
16	
17	06
18	26
19	36
20	46
21	56
22	

