CHODŹKI - SZPITAL - CHODŹKI - OBYWATELSKA - LUBARTOWSKA - KRÓLEWSKA - ZAMOJSKA - FABRYCZNA - DROGA M. MAJDANKA - MAJDANEK

DZIEŃ POWSZEDNI, ROK SZKOLNY

5	31 51
6	11 33
7	02 22 42
8	02 22 42
9	02 27 47
10	07 27 47
11	07 27 47
12	07 27 47
13	07 27 47
14	07 26 46
15	06 30 46
16	06 26 46
17	06 23 43
18	03 23 43
19	03 23 43
20	03 32
21	02 32
22	02 30

SOBOTA, ROK SZKOLNY

5	31 59
6	31 51
7	13 33 53
8	13 33 56
9	13 33 53
10	13 33 53
11	13 34 54
12	14 34 54
13	14 34 54
14	14 34 54
15	14 34 54
16	14 34 54
17	14 34 54
18	14 34 54
19	14 34 54
20	13 33
21	03 33
22	03 31

DZIEŃ ŚWIĄTECZNY, ROK SZKOLNY

5	31
6	01 31
7	01 31
8	01 33
9	03 33
10	03 33
11	03 34 54
12	14 34 54
13	14 34 54
14	14 34 54
15	14 34 54
16	13 33 53
17	13 33 53
18	13 33 53
19	13 33 53
20	13 33
21	03 33
22	03 31

WSZYSTKICH ŚWIĘTYCH

5	31
6	01 31
7	01 31
8	01 33 50
9	03 20 33 50
10	03 20 33 50
11	03 21 34 46 54
12	06 14 26 34 46 54
13	06 14 26 34 46 54
14	06 14 26 34 46 54
15	06 14 26 34 46 54
16	06 13 26 33 46 53
17	06 13 26 33 46 53
18	13 33 53
19	13 33 53
20	13 33
21	03 33
22	03 31

WIGILIA I SYLWESTER

5	31 51
6	11 33
7	02 22 42
8	02 22 42
9	02 27 47
10	07 27 47
11	07 27 47
12	07 27 47
13	07 27 47
14	07 26 46
15	06 30 46
16	06 26 46
17	06 23 43
18	03 23 43
19	03 23
20	03
21	
22	

WIELKANOC,BOŻE NARODZENIE,NOWY ROK

5	
6	
7	37
8	59
9	
10	09
11	20
12	30
13	40
14	50
15	
16	00
17	09
18	29
19	39
20	49
21	59
22	

