CHODŹKI - SZPITAL - CHODŹKI - OBYWATELSKA - LUBARTOWSKA - KRÓLEWSKA - ZAMOJSKA - FABRYCZNA - DROGA M. MAJDANKA - MAJDANEK

DZIEŃ POWSZEDNI, ROK SZKOLNY

5	26 46
6	06 28 55
7	15 35 55
8	15 35 55
9	20 40
10	00 20 40
11	00 20 40
12	00 20 40
13	00 20 40
14	00 19 39 59
15	23 39 59
16	19 39 59
17	16 36 56
18	16 36 56
19	16 36 56
20	26 56
21	26 56
22	25

SOBOTA, ROK SZKOLNY

5	26 54
6	26 46
7	07 27 47
8	07 27 50
9	07 27 47
10	07 27 47
11	07 28 48
12	08 28 48
13	08 28 48
14	08 28 48
15	08 28 48
16	08 28 48
17	08 28 48
18	08 28 48
19	08 28 48
20	07 27 57
21	27 57
22	26

DZIEŃ ŚWIĄTECZNY, ROK SZKOLNY

5	26 56
6	26 56
7	26 56
8	27 57
9	27 57
10	27 57
11	28 48
12	08 28 48
13	08 28 48
14	08 28 48
15	08 28 48
16	07 27 47
17	07 27 47
18	07 27 47
19	07 27 47
20	07 27 57
21	27 57
22	26

WSZYSTKICH ŚWIĘTYCH

5	26 56
6	26 56
7	26 56
8	27 44 57
9	14 27 44 57
10	14 27 44 57
11	15 28 40 48
12	00 08 20 28 40 48
13	00 08 20 28 40 48
14	00 08 20 28 40 48
15	00 08 20 28 40 48
16	00 07 20 27 40 47
17	00 07 20 27 40 47
18	07 27 47
19	07 27 47
20	07 27 57
21	27 57
22	26

WIGILIA I SYLWESTER

5	26 46
6	06 28 55
7	15 35 55
8	15 35 55
9	20 40
10	00 20 40
11	00 20 40
12	00 20 40
13	00 20 40
14	00 19 39 59
15	23 39 59
16	19 39 59
17	16 36 56
18	16 36 56
19	16 56
20	
21	
22	

WIELKANOC,BOŻE NARODZENIE,NOWY ROK

5	
6	
7	32
8	53
9	
10	03
11	14
12	24
13	34
14	44
15	54
16	
17	03
18	23
19	33
20	43
21	53
22	

