CHODŹKI - SZPITAL - CHODŹKI - OBYWATELSKA - LUBARTOWSKA - KRÓLEWSKA - ZAMOJSKA - FABRYCZNA - DROGA M. MAJDANKA - MAJDANEK

DZIEŃ POWSZEDNI, ROK SZKOLNY

5	21 41
6	01 23 50
7	10 30 50
8	10 30 50
9	15 35 55
10	15 35 55
11	15 35 55
12	15 35 55
13	15 35 55
14	12 32 52
15	16 32 52
16	12 32 52
17	11 31 51
18	11 31 51
19	11 31 51
20	21 51
21	21 51
22	20

SOBOTA, ROK SZKOLNY

5	21 49
6	21 41
7	02 22 42
8	02 22 45
9	02 22 42
10	02 22 42
11	02 23 43
12	03 23 43
13	03 23 43
14	03 23 43
15	03 23 43
16	03 23 43
17	03 23 43
18	03 23 43
19	03 23 43
20	02 22 52
21	22 52
22	21

DZIEŃ ŚWIĄTECZNY, ROK SZKOLNY

5	21 51
6	21 51
7	21 51
8	22 52
9	22 52
10	22 52
11	23 43
12	03 23 43
13	03 23 43
14	03 23 43
15	03 23 43
16	02 22 42
17	02 22 42
18	02 22 42
19	02 22 42
20	02 22 52
21	22 52
22	21

WSZYSTKICH ŚWIĘTYCH

5	21 51
6	21 51
7	21 51
8	22 39 52
9	09 22 39 52
10	09 22 39 52
11	10 23 35 43 55
12	03 15 23 35 43 55
13	03 15 23 35 43 55
14	03 15 23 35 43 55
15	03 15 23 35 43 55
16	02 15 22 35 42 55
17	02 15 22 35 42
18	02 22 42
19	02 22 42
20	02 22 52
21	22 52
22	21

WIGILIA I SYLWESTER

5	21 41
6	01 23 50
7	10 30 50
8	10 30 50
9	15 35 55
10	15 35 55
11	15 35 55
12	15 35 55
13	15 35 55
14	12 32 52
15	16 32 52
16	12 32 52
17	11 31 51
18	11 31 51
19	11 51
20	
21	
22	

WIELKANOC,BOŻE NARODZENIE,NOWY ROK

5	
6	
7	27
8	48
9	58
10	
11	09
12	19
13	29
14	39
15	49
16	58
17	
18	18
19	28
20	38
21	48
22	

