PADEREWSKIEGO - CHOINY - SZELIGOWSKIEGO - AL. KOMPOZYTORÓW  - KONCERTOWA - KOSMOWSKIEJ - AL. SIKORSKIEGO - POPIEŁUSZKI - AL. RACŁAWICKIE - KRAKOWSKIE PRZEDMIEŚCIE - NARUTOWICZA - ZAMOJSKA - LUBELSKIEGO LIPCA 80 - PLAC DWORCOWY - DWORZEC GŁ. PKP

DZIEŃ POWSZEDNI, ROK SZKOLNY

4	
5	06 24 39 54
6	05 18 31 43 59
7	09 22 31 48 59
8	18 36 48
9	03 14 27 45 56
10	11 26 36 51
11	06 19 32 45 59
12	12 27 38 53
13	07 20 33 46 58
14	12 27 45 57
15	11 26 41 54
16	05 21 38 57
17	09 24 35 51
18	06 27 42
19	08 21 36 53
20	11 31 51
21	08 34 59
22	16

SOBOTA, ROK SZKOLNY

4	57
5	16 31 53
6	16 38
7	01 23 46
8	08 41
9	03 26 48
10	11 33 56
11	18 41
12	03 26 45
13	11 33 56
14	18 41
15	03 26 48
16	11 33 53
17	18 51
18	13 36 58
19	21 43
20	06 28 51
21	11 31 51
22	16

DZIEŃ ŚWIĄTECZNY, ROK SZKOLNY

4	
5	11 41
6	11 41
7	11 41
8	11 51
9	21 51
10	21 51
11	21 51
12	21 51
13	21 51
14	21 51
15	21 51
16	21 51
17	25
18	01 31
19	01 31
20	01 31
21	01 26
22	01

WIGILIA I SYLWESTER

4	
5	06 24 39 54
6	05 18 31 43 59
7	09 22 31 48 59
8	18 36 48
9	03 14 27 45 56
10	11 26 36 51
11	06 19 32 45 59
12	12 27 38 53
13	07 20 33 46 58
14	12 27 45 57
15	11 26 41 54
16	05 21 38 57
17	09 24 35 51
18	06 27 42
19	08 21
20	51
21	
22	16

WIELKANOC,BOŻE NARODZENIE,NOWY ROK

4	
5	39
6	14
7	01 45
8	44
9	28
10	14 58
11	44
12	28
13	14 58
14	44
15	28
16	13 58
17	53
18	38
19	23
20	06 51
21	36
22	

