PADEREWSKIEGO - CHOINY - SZELIGOWSKIEGO - AL. KOMPOZYTORÓW  - KONCERTOWA - KOSMOWSKIEJ - AL. SIKORSKIEGO - POPIEŁUSZKI - AL. RACŁAWICKIE - KRAKOWSKIE PRZEDMIEŚCIE - NARUTOWICZA - ZAMOJSKA - LUBELSKIEGO LIPCA 80 - PLAC DWORCOWY - DWORZEC GŁ. PKP

DZIEŃ POWSZEDNI, ROK SZKOLNY

5	12 30 45
6	00 11 24 38 50
7	06 16 29 38 55
8	06 25 43 55
9	10 21 34 52
10	03 18 33 43 58
11	13 26 39 52
12	06 19 34 45
13	00 14 27 40 53
14	05 19 34 52
15	04 18 33 48
16	01 12 28 45
17	04 16 31 42 58
18	12 33 48
19	14 27 42 59
20	17 37 57
21	14 40
22	05 22

SOBOTA, ROK SZKOLNY

5	03 22 37 59
6	22 44
7	07 29 52
8	14 47
9	09 32 54
10	17 39
11	02 24 47
12	09 32 51
13	17 39
14	02 24 47
15	09 32 54
16	17 39 59
17	24 57
18	19 42
19	04 27 49
20	12 34 57
21	17 37 57
22	22

DZIEŃ ŚWIĄTECZNY, ROK SZKOLNY

5	17 47
6	17 47
7	17 47
8	17 57
9	27 57
10	27 57
11	27 57
12	27 57
13	27 57
14	27 57
15	27 57
16	27 57
17	31
18	07 37
19	07 37
20	07 37
21	07 32
22	07

WIGILIA I SYLWESTER

5	12 30 45
6	00 11 24 38 50
7	06 16 29 38 55
8	06 25 43 55
9	10 21 34 52
10	03 18 33 43 58
11	13 26 39 52
12	06 19 34 45
13	00 14 27 40 53
14	05 19 34 52
15	04 18 33 48
16	01 12 28 45
17	04 16 31 42 58
18	12 33 48
19	14 27
20	57
21	
22	22

WIELKANOC,BOŻE NARODZENIE,NOWY ROK

5	45
6	20
7	07 51
8	50
9	34
10	20
11	04 50
12	34
13	20
14	04 50
15	34
16	19
17	04 59
18	44
19	29
20	12 57
21	42
22	

