PADEREWSKIEGO - CHOINY - SZELIGOWSKIEGO - AL. KOMPOZYTORÓW  - KONCERTOWA - KOSMOWSKIEJ - AL. SIKORSKIEGO - POPIEŁUSZKI - AL. RACŁAWICKIE - KRAKOWSKIE PRZEDMIEŚCIE - NARUTOWICZA - ZAMOJSKA - LUBELSKIEGO LIPCA 80 - PLAC DWORCOWY - DWORZEC GŁ. PKP

DZIEŃ POWSZEDNI, ROK SZKOLNY

5	13 31 46
6	01 12 25 39 51
7	07 17 30 39 56
8	07 26 44 56
9	11 22 35 53
10	04 19 34 44 59
11	14 27 40 53
12	07 20 35 46
13	01 15 28 41 54
14	06 20 35 53
15	05 19 34 49
16	02 13 29 46
17	05 17 32 43 59
18	13 34 49
19	15 28 43
20	00 18 38 58
21	15 41
22	06 23

SOBOTA, ROK SZKOLNY

5	04 23 38
6	00 23 45
7	08 30 53
8	15 48
9	10 33 55
10	18 40
11	03 25 48
12	10 33 52
13	18 40
14	03 25 48
15	10 33 55
16	18 40
17	00 25 58
18	20 43
19	05 28 50
20	13 35 58
21	18 38 58
22	23

DZIEŃ ŚWIĄTECZNY, ROK SZKOLNY

5	18 48
6	18 48
7	18 48
8	18 58
9	28 58
10	28 58
11	28 58
12	28 58
13	28 58
14	28 58
15	28 58
16	28 58
17	32
18	08 38
19	08 38
20	08 38
21	08 33
22	08

WIGILIA I SYLWESTER

5	13 31 46
6	01 12 25 39 51
7	07 17 30 39 56
8	07 26 44 56
9	11 22 35 53
10	04 19 34 44 59
11	14 27 40 53
12	07 20 35 46
13	01 15 28 41 54
14	06 20 35 53
15	05 19 34 49
16	02 13 29 46
17	05 17 32 43 59
18	13 34 49
19	15 28
20	58
21	
22	23

WIELKANOC,BOŻE NARODZENIE,NOWY ROK

5	46
6	21
7	08 52
8	51
9	35
10	21
11	05 51
12	35
13	21
14	05 51
15	35
16	20
17	05
18	00 45
19	30
20	13 58
21	43
22	

