PADEREWSKIEGO - CHOINY - SZELIGOWSKIEGO - AL. KOMPOZYTORÓW  - KONCERTOWA - KOSMOWSKIEJ - AL. SIKORSKIEGO - POPIEŁUSZKI - AL. RACŁAWICKIE - KRAKOWSKIE PRZEDMIEŚCIE - NARUTOWICZA - ZAMOJSKA - LUBELSKIEGO LIPCA 80 - PLAC DWORCOWY - DWORZEC GŁ. PKP

DZIEŃ POWSZEDNI, ROK SZKOLNY

5	21 39 54
6	09 20 33 49
7	01 17 27 40 49
8	06 17 36 54
9	06 21 32 45
10	03 14 29 44 54
11	09 24 37 50
12	03 17 30 45 56
13	11 25 38 51
14	04 17 31 46
15	04 16 30 45
16	00 13 24 40 57
17	16 28 43 54
18	08 22 43 58
19	24 37 52
20	09 27 47
21	07 24 50
22	14 31

SOBOTA, ROK SZKOLNY

5	12 31 46
6	08 31 53
7	18 40
8	03 25 58
9	20 43
10	05 28 50
11	13 35 58
12	20 43
13	02 28 50
14	13 35 58
15	20 43
16	05 28 50
17	10 35
18	08 29 52
19	14 37 59
20	22 44
21	07 27 47
22	07 31

DZIEŃ ŚWIĄTECZNY, ROK SZKOLNY

5	26 56
6	26 56
7	28 58
8	28
9	08 38
10	08 38
11	08 38
12	08 38
13	08 38
14	08 38
15	08 38
16	08 38
17	08 42
18	17 47
19	17 47
20	17 47
21	17 42
22	16

WIGILIA I SYLWESTER

5	21 39 54
6	09 20 33 49
7	01 17 27 40 49
8	06 17 36 54
9	06 21 32 45
10	03 14 29 44 54
11	09 24 37 50
12	03 17 30 45 56
13	11 25 38 51
14	04 17 31 46
15	04 16 30 45
16	00 13 24 40 57
17	16 28 43 54
18	08 22 43 58
19	24 37
20	
21	07
22	31

WIELKANOC,BOŻE NARODZENIE,NOWY ROK

5	54
6	29
7	18
8	02
9	01 45
10	31
11	15
12	01 45
13	31
14	15
15	01 45
16	30
17	15
18	09 54
19	39
20	22
21	07 52
22	

