PADEREWSKIEGO - CHOINY - SZELIGOWSKIEGO - AL. KOMPOZYTORÓW  - KONCERTOWA - KOSMOWSKIEJ - AL. SIKORSKIEGO - POPIEŁUSZKI - AL. RACŁAWICKIE - KRAKOWSKIE PRZEDMIEŚCIE - NARUTOWICZA - ZAMOJSKA - LUBELSKIEGO LIPCA 80 - PLAC DWORCOWY - DWORZEC GŁ. PKP

DZIEŃ POWSZEDNI, ROK SZKOLNY

5	29 47
6	02 17 28 45
7	01 13 29 39 52
8	01 18 29 48
9	06 18 33 44 57
10	15 26 41 56
11	06 21 36 49
12	02 15 29 42 57
13	08 23 37 50
14	03 17 30 44 59
15	17 29 43 58
16	13 26 37 53
17	10 29 41 56
18	07 19 33 54
19	09 35 48
20	03 20 38 58
21	18 35
22	01 22 39

SOBOTA, ROK SZKOLNY

5	20 39 54
6	16 39
7	02 30 52
8	15 37
9	10 32 55
10	17 40
11	02 25 47
12	10 32 55
13	14 40
14	02 25 47
15	10 32 55
16	17 40
17	02 22 47
18	18 39
19	02 24 47
20	09 32 54
21	17 37 57
22	15 39

DZIEŃ ŚWIĄTECZNY, ROK SZKOLNY

5	34
6	04 34
7	06 40
8	10 40
9	20 50
10	20 50
11	20 50
12	20 50
13	20 50
14	20 50
15	20 50
16	20 50
17	20 54
18	27 57
19	27 57
20	27 57
21	27 52
22	24

WIGILIA I SYLWESTER

5	29 47
6	02 17 28 45
7	01 13 29 39 52
8	01 18 29 48
9	06 18 33 44 57
10	15 26 41 56
11	06 21 36 49
12	02 15 29 42 57
13	08 23 37 50
14	03 17 30 44 59
15	17 29 43 58
16	13 26 37 53
17	10 29 41 56
18	07 19 33 54
19	09 35 48
20	
21	18
22	39

WIELKANOC,BOŻE NARODZENIE,NOWY ROK

5	
6	02 37
7	30
8	14
9	13 57
10	43
11	27
12	13 57
13	43
14	27
15	13 57
16	42
17	27
18	19
19	04 49
20	32
21	17
22	02

