WĘGLIN - AL. KRAŚNICKA - ROZTOCZE - ORKANA - ARMII KRAJOWEJ - B. M. CASSINO - WILEŃSKA - GŁĘBOKA - NARUTOWICZA - AL. PIŁSUDSKIEGO - AL. ZYGMUNTOWSKIE - FABRYCZNA - DROGA M. MAJDANKA - MAJDANEK

DZIEŃ POWSZEDNI, ROK SZKOLNY

5	42
6	02 22 50
7	06 26 46
8	06 26 46
9	06 15 35 55
10	15 35 55
11	15 35 55
12	15 35 55
13	15 35 55
14	10 33 53
15	13 33 53
16	13 33 53
17	10 30 50
18	10 30 50
19	10 30 50
20	09 23 53
21	23 53
22	22 47

SOBOTA, ROK SZKOLNY

5	22 52
6	22 42
7	03 24 44
8	04 24 44
9	04 24 44
10	04 24 44
11	04 23 43
12	03 23 43
13	03 23 43
14	03 23 43
15	03 23 44
16	04 24 44
17	04 24 44
18	04 24 44
19	04 24 44
20	04 23 53
21	23 53
22	22 47

DZIEŃ ŚWIĄTECZNY, ROK SZKOLNY

5	52
6	22 52
7	22 52
8	23 53
9	23 53
10	23 53
11	19 24 44
12	04 24 44
13	04 24 44
14	04 24 44
15	04 24 44
16	04 24 44
17	04 24 44
18	04 24 44
19	04 24 44
20	04 23 53
21	23 53
22	22 47

WSZYSTKICH ŚWIĘTYCH

5	52
6	22 52
7	22 52
8	23 38 53
9	08 23 38 53
10	08 23 38 53
11	08 19 24 34 44 54
12	04 14 24 34 44 54
13	04 14 24 34 44 54
14	04 14 24 34 44 54
15	04 14 24 34 44 54
16	04 14 24 34 44 54
17	04 14 24 34 44 54
18	04 24 44
19	04 24 44
20	04 23 53
21	23 53
22	22 47

WIGILIA I SYLWESTER

5	42
6	02 22 50
7	06 26 46
8	06 26 46
9	06 15 35 55
10	15 35 55
11	15 35 55
12	15 35 55
13	15 35 55
14	10 33 53
15	13 33 53
16	13 33 53
17	10 30 50
18	10 30 50
19	10 50
20	09
21	
22	

WIELKANOC,BOŻE NARODZENIE,NOWY ROK

5	55
6	40
7	25
8	11
9	06 51
10	36
11	21
12	06 51
13	36
14	21
15	06 51
16	36
17	21
18	16
19	01 46
20	31
21	16
22	01 45

