WĘGLIN - AL. KRAŚNICKA - ROZTOCZE - ORKANA - ARMII KRAJOWEJ - B. M. CASSINO - WILEŃSKA - GŁĘBOKA - NARUTOWICZA - AL. PIŁSUDSKIEGO - AL. ZYGMUNTOWSKIE - FABRYCZNA - DROGA M. MAJDANKA - MAJDANEK

DZIEŃ POWSZEDNI, ROK SZKOLNY

5	40
6	00 20 46
7	02 22 42
8	02 22 42
9	02 11 31 51
10	11 31 51
11	11 31 51
12	11 31 51
13	11 31 51
14	06 29 49
15	09 29 49
16	09 29 49
17	06 26 46
18	06 26 46
19	06 26 46
20	06 20 50
21	20 50
22	20 45

SOBOTA, ROK SZKOLNY

5	20 50
6	20 40
7	00 21 41
8	01 21 41
9	01 21 41
10	01 21 41
11	01 20 40
12	00 20 40
13	00 20 40
14	00 20 40
15	00 20 41
16	01 21 41
17	01 21 41
18	01 21 41
19	01 21 41
20	01 20 50
21	20 50
22	20 45

DZIEŃ ŚWIĄTECZNY, ROK SZKOLNY

5	50
6	20 50
7	20 50
8	20 50
9	20 50
10	20 50
11	16 21 41
12	01 21 41
13	01 21 41
14	01 21 41
15	01 21 41
16	01 21 41
17	01 21 41
18	01 21 41
19	01 21 41
20	01 20 50
21	20 50
22	20 45

WSZYSTKICH ŚWIĘTYCH

5	50
6	20 50
7	20 50
8	20 35 50
9	05 20 35 50
10	05 20 35 50
11	05 16 21 31 41 51
12	01 11 21 31 41 51
13	01 11 21 31 41 51
14	01 11 21 31 41 51
15	01 11 21 31 41 51
16	01 11 21 31 41 51
17	01 11 21 31 41 51
18	01 21 41
19	01 21 41
20	01 20 50
21	20 50
22	20 45

WIGILIA I SYLWESTER

5	40
6	00 20 46
7	02 22 42
8	02 22 42
9	02 11 31 51
10	11 31 51
11	11 31 51
12	11 31 51
13	11 31 51
14	06 29 49
15	09 29 49
16	09 29 49
17	06 26 46
18	06 26 46
19	06 46
20	06
21	
22	

WIELKANOC,BOŻE NARODZENIE,NOWY ROK

5	53
6	38
7	23
8	08
9	03 48
10	33
11	18
12	03 48
13	33
14	18
15	03 48
16	33
17	18
18	13 58
19	43
20	28
21	13 58
22	43

