WĘGLIN - AL. KRAŚNICKA - ROZTOCZE - ORKANA - ARMII KRAJOWEJ - B. M. CASSINO - WILEŃSKA - GŁĘBOKA - NARUTOWICZA - AL. PIŁSUDSKIEGO - AL. ZYGMUNTOWSKIE - FABRYCZNA - DROGA M. MAJDANKA - MAJDANEK

DZIEŃ POWSZEDNI, ROK SZKOLNY

5	32 52
6	12 36 52
7	12 32 52
8	12 32 52
9	03 23 43
10	03 23 43
11	03 23 43
12	03 23 43
13	03 23 43 57
14	19 39 59
15	19 39 59
16	19 39 58
17	18 38 58
18	18 38 58
19	18 38 58
20	12 42
21	12 42
22	12 37

SOBOTA, ROK SZKOLNY

5	12 42
6	12 32 52
7	13 33 53
8	13 33 53
9	13 33 53
10	13 33 53
11	12 32 52
12	12 32 52
13	12 32 52
14	12 32 52
15	12 33 53
16	13 33 53
17	13 33 53
18	13 33 53
19	13 33 53
20	12 42
21	12 42
22	12 37

DZIEŃ ŚWIĄTECZNY, ROK SZKOLNY

5	42
6	12 42
7	12 42
8	12 42
9	12 42
10	12 42
11	08 13 33 53
12	13 33 53
13	13 33 53
14	13 33 53
15	13 33 53
16	13 33 53
17	13 33 53
18	13 33 53
19	13 33 53
20	12 42
21	12 42
22	12 37

WSZYSTKICH ŚWIĘTYCH

5	42
6	12 42
7	12 42
8	12 27 42 57
9	12 27 42 57
10	12 27 42 57
11	08 13 23 33 43 53
12	03 13 23 33 43 53
13	03 13 23 33 43 53
14	03 13 23 33 43 53
15	03 13 23 33 43 53
16	03 13 23 33 43 53
17	03 13 23 33 43 53
18	13 33 53
19	13 33 53
20	12 42
21	12 42
22	12 37

WIGILIA I SYLWESTER

5	32 52
6	12 36 52
7	12 32 52
8	12 32 52
9	03 23 43
10	03 23 43
11	03 23 43
12	03 23 43
13	03 23 43 57
14	19 39 59
15	19 39 59
16	19 39 58
17	18 38 58
18	18 38 58
19	38 58
20	
21	
22	

WIELKANOC,BOŻE NARODZENIE,NOWY ROK

5	45
6	30
7	15
8	00 55
9	40
10	25
11	10 55
12	40
13	25
14	10 55
15	40
16	25
17	10
18	05 50
19	35
20	20
21	05 50
22	35

