WĘGLIN - AL. KRAŚNICKA - ROZTOCZE - ORKANA - ARMII KRAJOWEJ - B. M. CASSINO - WILEŃSKA - GŁĘBOKA - NARUTOWICZA - AL. PIŁSUDSKIEGO - AL. ZYGMUNTOWSKIE - FABRYCZNA - DROGA M. MAJDANKA - MAJDANEK

DZIEŃ POWSZEDNI, ROK SZKOLNY

5	34 54
6	14 38 54
7	14 34 54
8	14 34 54
9	05 25 45
10	05 25 45
11	05 25 45
12	05 25 45
13	05 25 45 59
14	21 41
15	01 21 41
16	01 21 41
17	00 20 40
18	00 20 40
19	00 20 40
20	00 14 44
21	14 44
22	14 39

SOBOTA, ROK SZKOLNY

5	14 44
6	14 34 54
7	15 35 55
8	15 35 55
9	15 35 55
10	15 35 55
11	14 34 54
12	14 34 54
13	14 34 54
14	14 34 54
15	14 35 55
16	15 35 55
17	15 35 55
18	15 35 55
19	15 35 55
20	14 44
21	14 44
22	14 39

DZIEŃ ŚWIĄTECZNY, ROK SZKOLNY

5	44
6	14 44
7	14 44
8	14 44
9	14 44
10	14 44
11	10 15 35 55
12	15 35 55
13	15 35 55
14	15 35 55
15	15 35 55
16	15 35 55
17	15 35 55
18	15 35 55
19	15 35 55
20	14 44
21	14 44
22	14 39

WSZYSTKICH ŚWIĘTYCH

5	44
6	14 44
7	14 44
8	14 29 44 59
9	14 29 44 59
10	14 29 44 59
11	10 15 25 35 45 55
12	05 15 25 35 45 55
13	05 15 25 35 45 55
14	05 15 25 35 45 55
15	05 15 25 35 45 55
16	05 15 25 35 45 55
17	05 15 25 35 45 55
18	15 35 55
19	15 35 55
20	14 44
21	14 44
22	14 39

WIGILIA I SYLWESTER

5	34 54
6	14 38 54
7	14 34 54
8	14 34 54
9	05 25 45
10	05 25 45
11	05 25 45
12	05 25 45
13	05 25 45 59
14	21 41
15	01 21 41
16	01 21 41
17	00 20 40
18	00 20 40
19	00 40
20	00
21	
22	

WIELKANOC,BOŻE NARODZENIE,NOWY ROK

5	47
6	32
7	17
8	02 57
9	42
10	27
11	12 57
12	42
13	27
14	12 57
15	42
16	27
17	12
18	07 52
19	37
20	22
21	07 52
22	37

