WĘGLIN - AL. KRAŚNICKA - ROZTOCZE - ORKANA - ARMII KRAJOWEJ - B. M. CASSINO - WILEŃSKA - GŁĘBOKA - NARUTOWICZA - AL. PIŁSUDSKIEGO - AL. ZYGMUNTOWSKIE - FABRYCZNA - DROGA M. MAJDANKA - MAJDANEK

DZIEŃ POWSZEDNI, ROK SZKOLNY

5	21 41
6	01 22 35 55
7	15 35 55
8	15 35 46
9	12 32 52
10	12 32 52
11	12 32 52
12	12 32 52
13	12 32 46
14	07 27 47
15	07 27 47
16	07 27 46
17	07 27 47
18	07 27 47
19	07 27 47
20	01 31
21	01 31
22	01 26

SOBOTA, ROK SZKOLNY

5	01 31
6	01 21 41
7	01 21 41
8	01 21 41
9	01 21 41
10	01 21 41
11	00 20 40
12	00 20 40
13	00 20 40
14	00 20 40
15	00 21 41
16	01 21 41
17	01 21 41
18	01 21 41
19	01 21 41
20	01 31
21	01 31
22	01 26

DZIEŃ ŚWIĄTECZNY, ROK SZKOLNY

5	31
6	01 31
7	01 31
8	01 31
9	01 31
10	01 31
11	02 22 42
12	02 22 42
13	02 22 42
14	02 22 42
15	02 22 42
16	02 22 42
17	02 22 42
18	02 22 42
19	02 22 42
20	01 31
21	01 31
22	01 26

WSZYSTKICH ŚWIĘTYCH

5	31
6	01 31
7	01 31
8	01 16 31 46
9	01 16 31 46
10	01 16 31 46
11	02 12 22 32 42 52
12	02 12 22 32 42 52
13	02 12 22 32 42 52
14	02 12 22 32 42 52
15	02 12 22 32 42 52
16	02 12 22 32 42 52
17	02 12 22 32 42
18	02 22 42
19	02 22 42
20	01 31
21	01 31
22	01 26

WIGILIA I SYLWESTER

5	21 41
6	01 22 35 55
7	15 35 55
8	15 35 46
9	12 32 52
10	12 32 52
11	12 32 52
12	12 32 52
13	12 32 46
14	07 27 47
15	07 27 47
16	07 27 46
17	07 27 47
18	07 27 47
19	27 47
20	
21	
22	

WIELKANOC,BOŻE NARODZENIE,NOWY ROK

5	34
6	19
7	04 49
8	44
9	29
10	14 59
11	44
12	29
13	14 59
14	44
15	29
16	14 59
17	54
18	39
19	24
20	09 54
21	39
22	24

