DWORZEC GŁ. PKP - PLAC DWORCOWY - LUBELSKIEGO LIPCA 80 - ZAMOJSKA - NARUTOWICZA - KRAKOWSKIE PRZEDMIEŚCIE - AL. RACŁAWICKIE - AL. DŁUGOSZA - POPIEŁUSZKI - AL. SIKORSKIEGO - PÓŁNOCNA - KOSMOWSKIEJ - KONCERTOWA - AL. KOMPOZYTORÓW  - SMORAWIŃSKIEGO - SZELIGOWSKIEGO - CHOINY - PADEREWSKIEGO

DZIEŃ POWSZEDNI, ROK SZKOLNY

5	17 35 52
6	12 25 41 54
7	09 21 33 52
8	00 13 25 39 52
9	10 29 42 58
10	09 21 35 48
11	03 20 28 43
12	00 11 24 35 51
13	04 17 31 48 59
14	12 25 39 53
15	06 21 35 50
16	05 20 35 48
17	00 15 30 49
18	16 33 40 54
19	12 28 52
20	12 32 57
21	22 48
22	18 58

SOBOTA, ROK SZKOLNY

5	20 42 58
6	13 33 58
7	23 55
8	13 36 57
9	30 52
10	15 37
11	00 22 45
12	07 28 52
13	15 37
14	00 22 45
15	10 30 55
16	15 37
17	00 22 42
18	06 38 56
19	19 41
20	04 26 49
21	11 34
22	18 58

DZIEŃ ŚWIĄTECZNY, ROK SZKOLNY

5	33 51
6	21 51
7	28
8	02 32
9	02 42
10	12 42
11	12 42
12	12 42
13	12 42
14	12 42
15	12 42
16	12 42
17	12 42
18	14 45
19	15 45
20	15 45
21	15 45
22	18 58

WIGILIA I SYLWESTER

5	17 35 52
6	12 25 41 54
7	09 21 33 52
8	00 13 25 39 52
9	10 29 42 58
10	09 21 35 48
11	03 20 28 43
12	00 11 24 35 51
13	04 17 31 48 59
14	12 25 39 53
15	06 21 35 50
16	05 20 35 48
17	00 15 30 49
18	16 33 40 54
19	12 28 52
20	12
21	48
22	58

WIELKANOC,BOŻE NARODZENIE,NOWY ROK

5	33
6	21 56
7	50
8	36
9	33
10	17
11	03 47
12	33
13	17
14	03 47
15	33
16	17
17	02 47
18	36
19	21
20	06 49
21	34
22	28

