DWORZEC GŁ. PKP - PLAC DWORCOWY - LUBELSKIEGO LIPCA 80 - ZAMOJSKA - NARUTOWICZA - KRAKOWSKIE PRZEDMIEŚCIE - AL. RACŁAWICKIE - AL. DŁUGOSZA - POPIEŁUSZKI - AL. SIKORSKIEGO - PÓŁNOCNA - KOSMOWSKIEJ - KONCERTOWA - AL. KOMPOZYTORÓW  - SMORAWIŃSKIEGO - SZELIGOWSKIEGO - CHOINY - PADEREWSKIEGO

DZIEŃ POWSZEDNI, ROK SZKOLNY

5	12 30 47
6	07 20 34 47
7	02 14 26 45 53
8	06 18 32 45
9	03 22 35 51
10	02 14 28 41 56
11	13 21 36 53
12	04 17 28 44 57
13	10 24 41 52
14	05 18 32 46 59
15	14 28 43 58
16	13 28 41 53
17	08 23 42
18	10 27 34 48
19	06 22 46
20	06 26 51
21	16 42
22	13 53

SOBOTA, ROK SZKOLNY

5	15 37 53
6	08 28 53
7	16 48
8	06 29 50
9	23 45
10	08 30 53
11	15 38
12	00 21 45
13	08 30 53
14	15 38
15	03 23 48
16	08 30 53
17	15 35
18	00 32 50
19	13 35 58
20	20 43
21	05 28
22	13 53

DZIEŃ ŚWIĄTECZNY, ROK SZKOLNY

5	28 46
6	16 46
7	21 55
8	25 55
9	35
10	05 35
11	05 35
12	05 35
13	05 35
14	05 35
15	05 35
16	05 35
17	05 35
18	08 39
19	09 39
20	09 39
21	09 39
22	13 53

WIGILIA I SYLWESTER

5	12 30 47
6	07 20 34 47
7	02 14 26 45 53
8	06 18 32 45
9	03 22 35 51
10	02 14 28 41 56
11	13 21 36 53
12	04 17 28 44 57
13	10 24 41 52
14	05 18 32 46 59
15	14 28 43 58
16	13 28 41 53
17	08 23 42
18	10 27 34 48
19	06 22 46
20	06
21	42
22	53

WIELKANOC,BOŻE NARODZENIE,NOWY ROK

5	28
6	16 51
7	43
8	29
9	26
10	10 56
11	40
12	26
13	10 56
14	40
15	26
16	10 55
17	40
18	30
19	15
20	00 43
21	28
22	23

