DWORZEC GŁ. PKP - PLAC DWORCOWY - LUBELSKIEGO LIPCA 80 - ZAMOJSKA - NARUTOWICZA - KRAKOWSKIE PRZEDMIEŚCIE - AL. RACŁAWICKIE - AL. DŁUGOSZA - POPIEŁUSZKI - AL. SIKORSKIEGO - PÓŁNOCNA - KOSMOWSKIEJ - KONCERTOWA - AL. KOMPOZYTORÓW  - SMORAWIŃSKIEGO - SZELIGOWSKIEGO - CHOINY - PADEREWSKIEGO

DZIEŃ POWSZEDNI, ROK SZKOLNY

5	16 34 51
6	11 24 39 52
7	07 19 31 50 58
8	11 23 37 50
9	08 27 40 56
10	07 19 33 46
11	01 18 26 41 58
12	09 22 33 49
13	02 15 29 46 57
14	10 23 37 51
15	04 19 33 48
16	03 18 33 46 58
17	13 28 47
18	14 31 38 52
19	10 26 50
20	10 30 55
21	20 46
22	17 57

SOBOTA, ROK SZKOLNY

5	19 41 57
6	12 32 57
7	21 53
8	11 34 55
9	28 50
10	13 35 58
11	20 43
12	05 26 50
13	13 35 58
14	20 43
15	08 28 53
16	13 35 58
17	20 40
18	04 36 54
19	17 39
20	02 24 47
21	09 32
22	17 57

DZIEŃ ŚWIĄTECZNY, ROK SZKOLNY

5	32 50
6	20 50
7	26
8	00 30
9	00 40
10	10 40
11	10 40
12	10 40
13	10 40
14	10 40
15	10 40
16	10 40
17	10 40
18	12 43
19	13 43
20	13 43
21	13 43
22	17 57

WIGILIA I SYLWESTER

5	16 34 51
6	11 24 39 52
7	07 19 31 50 58
8	11 23 37 50
9	08 27 40 56
10	07 19 33 46
11	01 18 26 41 58
12	09 22 33 49
13	02 15 29 46 57
14	10 23 37 51
15	04 19 33 48
16	03 18 33 46 58
17	13 28 47
18	14 31 38 52
19	10 26 50
20	10
21	46
22	57

WIELKANOC,BOŻE NARODZENIE,NOWY ROK

5	32
6	20 55
7	48
8	34
9	31
10	15
11	01 45
12	31
13	15
14	01 45
15	31
16	15
17	00 45
18	34
19	19
20	04 47
21	32
22	27

