DWORZEC GŁ. PKP - PLAC DWORCOWY - LUBELSKIEGO LIPCA 80 - ZAMOJSKA - NARUTOWICZA - KRAKOWSKIE PRZEDMIEŚCIE - AL. RACŁAWICKIE - AL. DŁUGOSZA - POPIEŁUSZKI - AL. SIKORSKIEGO - PÓŁNOCNA - KOSMOWSKIEJ - KONCERTOWA - AL. KOMPOZYTORÓW  - SMORAWIŃSKIEGO - SZELIGOWSKIEGO - CHOINY - PADEREWSKIEGO

DZIEŃ POWSZEDNI, ROK SZKOLNY

5	23 41 58
6	18 31 48
7	01 16 28 40 59
8	07 20 32 46 59
9	17 36 49
10	05 16 28 42 55
11	10 27 35 50
12	07 18 31 42 58
13	11 24 38 55
14	08 23 36 50
15	04 17 32 46
16	01 16 31 46 59
17	11 26 41
18	00 22 39 46
19	00 18 34 58
20	18 38
21	03 28 54
22	24
23	04

SOBOTA, ROK SZKOLNY

5	26 48
6	04 19 39
7	04 30
8	02 20 43
9	04 37 59
10	22 44
11	07 29 52
12	14 35 59
13	22 44
14	07 29 52
15	17 37
16	02 22 44
17	07 29 49
18	12 44
19	02 25 47
20	10 32 55
21	17 40
22	24
23	04

DZIEŃ ŚWIĄTECZNY, ROK SZKOLNY

5	39 57
6	27 57
7	35
8	09 39
9	09 49
10	19 49
11	19 49
12	19 49
13	19 49
14	19 49
15	19 49
16	19 49
17	19 49
18	20 51
19	21 51
20	21 51
21	21 51
22	24
23	04

WIGILIA I SYLWESTER

5	23 41 58
6	18 31 48
7	01 16 28 40 59
8	07 20 32 46 59
9	17 36 49
10	05 16 28 42 55
11	10 27 35 50
12	07 18 31 42 58
13	11 24 38 55
14	08 23 36 50
15	04 17 32 46
16	01 16 31 46 59
17	11 26 41
18	00 22 39 46
19	00 18 34 58
20	18
21	54
22	
23	04

WIELKANOC,BOŻE NARODZENIE,NOWY ROK

5	39
6	27
7	02 57
8	43
9	40
10	24
11	10 54
12	40
13	24
14	10 54
15	40
16	24
17	09 54
18	42
19	27
20	12 55
21	40
22	34
23	

