DWORZEC GŁ. PKP - PLAC DWORCOWY - LUBELSKIEGO LIPCA 80 - ZAMOJSKA - NARUTOWICZA - KRAKOWSKIE PRZEDMIEŚCIE - AL. RACŁAWICKIE - AL. DŁUGOSZA - POPIEŁUSZKI - AL. SIKORSKIEGO - PÓŁNOCNA - KOSMOWSKIEJ - KONCERTOWA - AL. KOMPOZYTORÓW  - SMORAWIŃSKIEGO - SZELIGOWSKIEGO - CHOINY - PADEREWSKIEGO

DZIEŃ POWSZEDNI, ROK SZKOLNY

5	24 42 59
6	19 32 49
7	02 17 29 41
8	00 08 21 33 47
9	00 18 37 50
10	06 17 29 43 56
11	11 28 36 51
12	08 19 32 43 59
13	12 25 39 56
14	09 24 37 51
15	05 18 33 47
16	02 17 32 47
17	00 12 27 42
18	01 23 40 47
19	01 19 35 59
20	19 39
21	04 29 55
22	25
23	05

SOBOTA, ROK SZKOLNY

5	27 49
6	05 20 40
7	05 31
8	03 21 44
9	05 38
10	00 23 45
11	08 30 53
12	15 36
13	00 23 45
14	08 30 53
15	18 38
16	03 23 45
17	08 30 50
18	13 45
19	03 26 48
20	11 33 56
21	18 41
22	25
23	05

DZIEŃ ŚWIĄTECZNY, ROK SZKOLNY

5	40 58
6	28 58
7	36
8	10 40
9	10 50
10	20 50
11	20 50
12	20 50
13	20 50
14	20 50
15	20 50
16	20 50
17	20 50
18	21 52
19	22 52
20	22 52
21	22 52
22	25
23	05

WIGILIA I SYLWESTER

5	24 42 59
6	19 32 49
7	02 17 29 41
8	00 08 21 33 47
9	00 18 37 50
10	06 17 29 43 56
11	11 28 36 51
12	08 19 32 43 59
13	12 25 39 56
14	09 24 37 51
15	05 18 33 47
16	02 17 32 47
17	00 12 27 42
18	01 23 40 47
19	01 19 35 59
20	19
21	55
22	
23	05

WIELKANOC,BOŻE NARODZENIE,NOWY ROK

5	40
6	28
7	03 58
8	44
9	41
10	25
11	11 55
12	41
13	25
14	11 55
15	41
16	25
17	10 55
18	43
19	28
20	13 56
21	41
22	35
23	

