DWORZEC GŁ. PKP - PLAC DWORCOWY - LUBELSKIEGO LIPCA 80 - ZAMOJSKA - NARUTOWICZA - KRAKOWSKIE PRZEDMIEŚCIE - AL. RACŁAWICKIE - AL. DŁUGOSZA - POPIEŁUSZKI - AL. SIKORSKIEGO - PÓŁNOCNA - KOSMOWSKIEJ - KONCERTOWA - AL. KOMPOZYTORÓW  - SMORAWIŃSKIEGO - SZELIGOWSKIEGO - CHOINY - PADEREWSKIEGO

DZIEŃ POWSZEDNI, ROK SZKOLNY

5	27 45
6	02 22 35 52
7	05 20 32 44
8	03 11 24 36 50
9	03 21 40 53
10	09 20 32 46 59
11	14 31 39 54
12	11 22 35 46
13	02 15 28 42 59
14	13 28 41 55
15	09 22 37 51
16	06 21 36 51
17	04 16 31 46
18	04 26 43 50
19	04 22 38
20	02 22 42
21	07 32 58
22	28
23	08

SOBOTA, ROK SZKOLNY

5	30 52
6	08 23 43
7	08 34
8	06 24 47
9	08 41
10	03 26 48
11	11 33 56
12	18 39
13	03 26 48
14	11 33 56
15	21 41
16	06 26 48
17	11 33 53
18	16 48
19	06 29 51
20	14 36 59
21	21 44
22	28
23	08

DZIEŃ ŚWIĄTECZNY, ROK SZKOLNY

5	43
6	01 31
7	01 39
8	13 43
9	13 53
10	23 53
11	23 53
12	23 53
13	23 53
14	23 53
15	23 53
16	23 53
17	23 53
18	24 55
19	25 55
20	25 55
21	25 55
22	28
23	08

WIGILIA I SYLWESTER

5	27 45
6	02 22 35 52
7	05 20 32 44
8	03 11 24 36 50
9	03 21 40 53
10	09 20 32 46 59
11	14 31 39 54
12	11 22 35 46
13	02 15 28 42 59
14	13 28 41 55
15	09 22 37 51
16	06 21 36 51
17	04 16 31 46
18	04 26 43 50
19	04 22 38
20	02 22
21	58
22	
23	08

WIELKANOC,BOŻE NARODZENIE,NOWY ROK

5	43
6	31
7	06
8	01 47
9	44
10	28
11	14 58
12	44
13	28
14	14 58
15	44
16	28
17	13 58
18	46
19	31
20	16 59
21	44
22	38
23	

