DWORZEC GŁ. PKP - PLAC DWORCOWY - LUBELSKIEGO LIPCA 80 - ZAMOJSKA - NARUTOWICZA - KRAKOWSKIE PRZEDMIEŚCIE - AL. RACŁAWICKIE - AL. DŁUGOSZA - POPIEŁUSZKI - AL. SIKORSKIEGO - PÓŁNOCNA - KOSMOWSKIEJ - KONCERTOWA - AL. KOMPOZYTORÓW  - SMORAWIŃSKIEGO - SZELIGOWSKIEGO - CHOINY - PADEREWSKIEGO

DZIEŃ POWSZEDNI, ROK SZKOLNY

5	35 53
6	10 30 44
7	01 14 29 41 53
8	12 20 33 45 59
9	12 30 49
10	02 18 29 41 55
11	08 23 40 48
12	03 20 31 44 55
13	11 24 37 51
14	09 23 38 51
15	05 19 32 47
16	01 16 31 46
17	01 14 26 41 56
18	13 35 52 59
19	13 31 47
20	11 31 51
21	16 41
22	06 36
23	16

SOBOTA, ROK SZKOLNY

5	38
6	00 16 31 51
7	17 43
8	15 33 56
9	17 50
10	12 35 57
11	20 42
12	05 27 48
13	12 35 57
14	20 42
15	05 30 50
16	15 35 57
17	20 42
18	02 25 57
19	15 38
20	00 23 45
21	08 30 53
22	36
23	16

DZIEŃ ŚWIĄTECZNY, ROK SZKOLNY

5	51
6	09 39
7	10 48
8	22 52
9	22
10	02 32
11	02 32
12	02 32
13	02 32
14	02 32
15	02 32
16	02 32
17	02 32
18	02 33
19	04 34
20	04 34
21	04 34
22	03 36
23	16

WIGILIA I SYLWESTER

5	35 53
6	10 30 44
7	01 14 29 41 53
8	12 20 33 45 59
9	12 30 49
10	02 18 29 41 55
11	08 23 40 48
12	03 20 31 44 55
13	11 24 37 51
14	09 23 38 51
15	05 19 32 47
16	01 16 31 46
17	01 14 26 41 56
18	13 35 52 59
19	13 31 47
20	11 31
21	
22	06
23	16

WIELKANOC,BOŻE NARODZENIE,NOWY ROK

5	51
6	39
7	15
8	10 56
9	53
10	37
11	23
12	07 53
13	37
14	23
15	07 53
16	37
17	22
18	07 55
19	40
20	25
21	08 53
22	46
23	

