PLAC LITEWSKI - KRAKOWSKIE PRZEDMIEŚCIE - NARUTOWICZA - ZAMOJSKA - FABRYCZNA - DROGA M. MAJDANKA - KRAŃCOWA - CHEMICZNA - RATAJA - GRYGOWEJ - AL. WITOSA - DOŚWIADCZALNA - FELIN

DZIEŃ POWSZEDNI, ROK SZKOLNY

5	20 40 59
6	24 51
7	13 39 56
8	20 43
9	16 37 59
10	23 47
11	11 38
12	02 26 49
13	13 35
14	00 25 55
15	13 43
16	04 24 49
17	14 36
18	07 29 47
19	11 34
20	00 20 45
21	13 50
22	16 47

SOBOTA, ROK SZKOLNY

5	24 49
6	34
7	02 43
8	18
9	03 38
10	13 48
11	23 58
12	33
13	08 43
14	18 53
15	28 58
16	38
17	13 48
18	30
19	03 38
20	13 48
21	13 48
22	11 44

DZIEŃ ŚWIĄTECZNY, ROK SZKOLNY

5	24 49
6	34 57
7	43
8	18
9	03 38
10	13 48
11	23 58
12	33
13	08 43
14	18 53
15	28 58
16	38
17	13 48
18	30
19	03 38
20	13 48
21	13 48
22	11 44

WIGILIA I SYLWESTER

5	20 40 59
6	24 51
7	13 39 56
8	20 43
9	16 37 59
10	23 47
11	11 38
12	02 26 49
13	13 35
14	00 25 55
15	13 43
16	04 24 49
17	14 36
18	07 29 47
19	11 34
20	45
21	
22	

WIELKANOC,BOŻE NARODZENIE,NOWY ROK

5	24
6	34
7	43
8	
9	01
10	13
11	23
12	33
13	43
14	53
15	58
16	
17	13
18	30
19	38
20	48
21	48
22	44

