PLAC LITEWSKI - KRAKOWSKIE PRZEDMIEŚCIE - NARUTOWICZA - ZAMOJSKA - FABRYCZNA - DROGA M. MAJDANKA - KRAŃCOWA - CHEMICZNA - RATAJA - GRYGOWEJ - AL. WITOSA - DOŚWIADCZALNA - FELIN

DZIEŃ POWSZEDNI, ROK SZKOLNY

5	27 47
6	06 32
7	00 22 48
8	05 29 52
9	25 46
10	08 32 56
11	20 47
12	11 35 58
13	22 44
14	09 34
15	04 22 52
16	13 33 58
17	23 45
18	15 37 55
19	19 42
20	08 28 53
21	21 58
22	23 54

SOBOTA, ROK SZKOLNY

5	31 56
6	41
7	10 51
8	26
9	11 46
10	21 56
11	31
12	06 41
13	16 51
14	26
15	01 36
16	06 46
17	21 56
18	38
19	11 46
20	21 56
21	21 56
22	18 51

DZIEŃ ŚWIĄTECZNY, ROK SZKOLNY

5	31 56
6	41
7	05 51
8	26
9	11 46
10	21 56
11	31
12	06 41
13	16 51
14	26
15	01 36
16	06 46
17	21 56
18	38
19	11 46
20	21 56
21	21 56
22	18 51

WIGILIA I SYLWESTER

5	27 47
6	06 32
7	00 22 48
8	05 29 52
9	25 46
10	08 32 56
11	20 47
12	11 35 58
13	22 44
14	09 34
15	04 22 52
16	13 33 58
17	23 45
18	15 37 55
19	19 42
20	53
21	
22	

WIELKANOC,BOŻE NARODZENIE,NOWY ROK

5	31
6	41
7	51
8	
9	09
10	21
11	31
12	41
13	51
14	
15	01
16	06
17	21
18	38
19	46
20	56
21	56
22	51

