PLAC LITEWSKI - KRAKOWSKIE PRZEDMIEŚCIE - NARUTOWICZA - ZAMOJSKA - FABRYCZNA - DROGA M. MAJDANKA - KRAŃCOWA - CHEMICZNA - RATAJA - GRYGOWEJ - AL. WITOSA - DOŚWIADCZALNA - FELIN

DZIEŃ POWSZEDNI, ROK SZKOLNY

5	13 33 52
6	17 42
7	04 30 47
8	11 34
9	07 28 50
10	14 38
11	02 29 53
12	17 40
13	04 26 51
14	16 46
15	04 34 55
16	15 40
17	05 27 58
18	21 39
19	03 26 52
20	12 37
21	05 42
22	09 40

SOBOTA, ROK SZKOLNY

5	17 42
6	27 55
7	34
8	09 54
9	29
10	04 39
11	14 49
12	24 59
13	34
14	09 44
15	19 49
16	29
17	04 39
18	22 55
19	30
20	05 40
21	05 40
22	04 37

DZIEŃ ŚWIĄTECZNY, ROK SZKOLNY

5	17 42
6	27 50
7	34
8	09 54
9	29
10	04 39
11	14 49
12	24 59
13	34
14	09 44
15	19 49
16	29
17	04 39
18	22 55
19	30
20	05 40
21	05 40
22	04 37

WIGILIA I SYLWESTER

5	13 33 52
6	17 42
7	04 30 47
8	11 34
9	07 28 50
10	14 38
11	02 29 53
12	17 40
13	04 26 51
14	16 46
15	04 34 55
16	15 40
17	05 27 58
18	21 39
19	03 26
20	37
21	
22	

WIELKANOC,BOŻE NARODZENIE,NOWY ROK

5	17
6	27
7	34
8	52
9	
10	04
11	14
12	24
13	34
14	44
15	49
16	
17	04
18	22
19	30
20	40
21	40
22	37

