PLAC LITEWSKI - KRAKOWSKIE PRZEDMIEŚCIE - NARUTOWICZA - ZAMOJSKA - FABRYCZNA - DROGA M. MAJDANKA - KRAŃCOWA - CHEMICZNA - RATAJA - GRYGOWEJ - AL. WITOSA - DOŚWIADCZALNA - FELIN

DZIEŃ POWSZEDNI, ROK SZKOLNY

5	17 37 56
6	21 47
7	09 35 52
8	16 39
9	12 33 55
10	19 43
11	07 34 58
12	22 45
13	09 31 56
14	21 51
15	09 39
16	00 20 45
17	10 32
18	03 25 43
19	07 30 56
20	16 41
21	09 46
22	13 44

SOBOTA, ROK SZKOLNY

5	21 46
6	31 59
7	39
8	14 59
9	34
10	09 44
11	19 54
12	29
13	04 39
14	14 49
15	24 54
16	34
17	09 44
18	26 59
19	34
20	09 44
21	09 44
22	08 41

DZIEŃ ŚWIĄTECZNY, ROK SZKOLNY

5	21 46
6	31 54
7	39
8	14 59
9	34
10	09 44
11	19 54
12	29
13	04 39
14	14 49
15	24 54
16	34
17	09 44
18	26 59
19	34
20	09 44
21	09 44
22	08 41

WIGILIA I SYLWESTER

5	17 37 56
6	21 47
7	09 35 52
8	16 39
9	12 33 55
10	19 43
11	07 34 58
12	22 45
13	09 31 56
14	21 51
15	09 39
16	00 20 45
17	10 32
18	03 25 43
19	07 30
20	41
21	
22	

WIELKANOC,BOŻE NARODZENIE,NOWY ROK

5	21
6	31
7	39
8	57
9	
10	09
11	19
12	29
13	39
14	49
15	54
16	
17	09
18	26
19	34
20	44
21	44
22	41

