PLAC LITEWSKI - KRAKOWSKIE PRZEDMIEŚCIE - NARUTOWICZA - ZAMOJSKA - FABRYCZNA - DROGA M. MAJDANKA - KRAŃCOWA - CHEMICZNA - RATAJA - GRYGOWEJ - AL. WITOSA - DOŚWIADCZALNA - FELIN

DZIEŃ POWSZEDNI, ROK SZKOLNY

5	16 36 55
6	20 46
7	08 34 51
8	15 38
9	11 32 54
10	18 42
11	06 33 57
12	21 44
13	08 30 55
14	20 50
15	08 38 59
16	19 44
17	09 31
18	02 24 42
19	06 29 55
20	15 40
21	08 45
22	12 43

SOBOTA, ROK SZKOLNY

5	20 45
6	30 58
7	38
8	13 58
9	33
10	08 43
11	18 53
12	28
13	03 38
14	13 48
15	23 53
16	33
17	08 43
18	25 58
19	33
20	08 43
21	08 43
22	07 40

DZIEŃ ŚWIĄTECZNY, ROK SZKOLNY

5	20 45
6	30 53
7	38
8	13 58
9	33
10	08 43
11	18 53
12	28
13	03 38
14	13 48
15	23 53
16	33
17	08 43
18	25 58
19	33
20	08 43
21	08 43
22	07 40

WIGILIA I SYLWESTER

5	16 36 55
6	20 46
7	08 34 51
8	15 38
9	11 32 54
10	18 42
11	06 33 57
12	21 44
13	08 30 55
14	20 50
15	08 38 59
16	19 44
17	09 31
18	02 24 42
19	06 29
20	40
21	
22	

WIELKANOC,BOŻE NARODZENIE,NOWY ROK

5	20
6	30
7	38
8	56
9	
10	08
11	18
12	28
13	38
14	48
15	53
16	
17	08
18	25
19	33
20	43
21	43
22	40

