PLAC LITEWSKI - KRAKOWSKIE PRZEDMIEŚCIE - NARUTOWICZA - ZAMOJSKA - FABRYCZNA - DROGA M. MAJDANKA - KRAŃCOWA - CHEMICZNA - RATAJA - GRYGOWEJ - AL. WITOSA - DOŚWIADCZALNA - FELIN

DZIEŃ POWSZEDNI, ROK SZKOLNY

5	07 27 46
6	09 29 51
7	17 37
8	01 24 57
9	18 40
10	04 28 52
11	19 43
12	07 30 54
13	16 41
14	06 36 54
15	24 45
16	05 30 55
17	17 48
18	12 30 54
19	17 43
20	03 28 56
21	33
22	03 34

SOBOTA, ROK SZKOLNY

5	11 36
6	21 49
7	25
8	00 45
9	20 55
10	30
11	05 40
12	15 50
13	25
14	00 35
15	10 40
16	20 55
17	30
18	15 48
19	23 58
20	33 58
21	33 58
22	31

DZIEŃ ŚWIĄTECZNY, ROK SZKOLNY

5	11 36
6	21 44
7	25
8	00 45
9	20 55
10	30
11	05 40
12	15 50
13	25
14	00 35
15	10 40
16	20 55
17	30
18	15 48
19	23 58
20	33 58
21	33 58
22	31

WIGILIA I SYLWESTER

5	07 27 46
6	09 29 51
7	17 37
8	01 24 57
9	18 40
10	04 28 52
11	19 43
12	07 30 54
13	16 41
14	06 36 54
15	24 45
16	05 30 55
17	17 48
18	12 30 54
19	17
20	28
21	
22	

WIELKANOC,BOŻE NARODZENIE,NOWY ROK

5	11
6	21
7	25
8	43
9	55
10	
11	05
12	15
13	25
14	35
15	40
16	55
17	
18	15
19	23
20	33
21	33
22	31

