PLAC LITEWSKI - KRAKOWSKIE PRZEDMIEŚCIE - NARUTOWICZA - ZAMOJSKA - FABRYCZNA - DROGA M. MAJDANKA - KRAŃCOWA - CHEMICZNA - RATAJA - GRYGOWEJ - AL. WITOSA - DOŚWIADCZALNA - FELIN

DZIEŃ POWSZEDNI, ROK SZKOLNY

5	22 42
6	01 26 53
7	15 41 58
8	22 45
9	18 39
10	01 25 49
11	13 40
12	04 28 51
13	15 37
14	02 27 57
15	15 45
16	06 26 51
17	16 38
18	09 31 49
19	13 36
20	02 22 47
21	15 52
22	18 49

SOBOTA, ROK SZKOLNY

5	26 51
6	36
7	04 45
8	20
9	05 40
10	15 50
11	25
12	00 35
13	10 45
14	20 55
15	30
16	00 40
17	15 50
18	32
19	05 40
20	15 50
21	15 50
22	13 46

DZIEŃ ŚWIĄTECZNY, ROK SZKOLNY

5	26 51
6	36 59
7	45
8	20
9	05 40
10	15 50
11	25
12	00 35
13	10 45
14	20 55
15	30
16	00 40
17	15 50
18	32
19	05 40
20	15 50
21	15 50
22	13 46

WIGILIA I SYLWESTER

5	22 42
6	01 26 53
7	15 41 58
8	22 45
9	18 39
10	01 25 49
11	13 40
12	04 28 51
13	15 37
14	02 27 57
15	15 45
16	06 26 51
17	16 38
18	09 31 49
19	13 36
20	47
21	
22	

WIELKANOC,BOŻE NARODZENIE,NOWY ROK

5	26
6	36
7	45
8	
9	03
10	15
11	25
12	35
13	45
14	55
15	
16	00
17	15
18	32
19	40
20	50
21	50
22	46

