MEŁGIEWSKA FS - MEŁGIEWSKA - GOSPODARCZA - ŁĘCZYŃSKA - WOLSKA - AL. PIŁSUDSKIEGO - LIPOWA - AL. RACŁAWICKIE - AL. KRAŚNICKA - ZANA - ZANA ZUS

DZIEŃ POWSZEDNI, ROK SZKOLNY

5	05 36 56
6	16 26 44
7	04 24 44
8	04 24 44 58
9	18 38 59
10	18 38 58
11	18 38 58
12	18 38 58
13	18 38 53
14	13 33 53
15	13 33 53
16	13 33 56
17	16 36 56
18	16 36 56
19	16 36
20	03 36
21	06 36
22	17
23	

SOBOTA, ROK SZKOLNY

5	07 37 55
6	16 36 50
7	10 30 50
8	10 30 50
9	10 30 50
10	10 30 52
11	10 30 50
12	10 30 50
13	10 30 50
14	10 30 49
15	10 30 50
16	10 30 50
17	10 30 50
18	10 30 50
19	10 30 50
20	07 37
21	07 37
22	17
23	

DZIEŃ ŚWIĄTECZNY, ROK SZKOLNY

5	07 37
6	07 37
7	07 37
8	07 37
9	07 37
10	07 37
11	10 30 50
12	10 30 50
13	10 30 50
14	10 30 50
15	10 30 50
16	10 30 50
17	10 30 50
18	10 30 50
19	10 30 50
20	07 37
21	07 37
22	14
23	

WIGILIA I SYLWESTER

5	05 36 56
6	16 26 44
7	04 24 44
8	04 24 44 58
9	18 38 59
10	18 38 58
11	18 38 58
12	18 38 58
13	18 38 53
14	13 33 53
15	13 33 53
16	13 33 56
17	16 36 56
18	16 36 56
19	16
20	03
21	
22	
23	

WIELKANOC,BOŻE NARODZENIE,NOWY ROK

5	
6	18
7	03 48
8	42
9	30
10	13 58
11	43
12	28
13	13 58
14	43
15	28
16	13 58
17	52
18	40
19	23
20	08 53
21	38
22	23
23	22

