MEŁGIEWSKA FS - MEŁGIEWSKA - GOSPODARCZA - ŁĘCZYŃSKA - WOLSKA - AL. PIŁSUDSKIEGO - LIPOWA - AL. RACŁAWICKIE - AL. KRAŚNICKA - ZANA - ZANA ZUS

DZIEŃ POWSZEDNI, ROK SZKOLNY

5	18 49
6	09 29 43
7	01 21 41
8	01 21 41
9	01 14 34 54
10	15 34 54
11	14 34 54
12	14 34 54
13	14 34 54
14	11 31 51
15	11 31 51
16	11 31 51
17	13 33 53
18	13 33 53
19	13 33 53
20	17 50
21	20 50
22	30
23	

SOBOTA, ROK SZKOLNY

5	20 50
6	08 29 49
7	03 23 43
8	03 23 43
9	03 23 43
10	03 23 43
11	05 25 45
12	05 25 45
13	05 25 45
14	05 25 45
15	04 24 44
16	04 24 44
17	04 24 44
18	04 24 44
19	04 24 44
20	04 21 51
21	21 51
22	30
23	

DZIEŃ ŚWIĄTECZNY, ROK SZKOLNY

5	20 50
6	20 50
7	20 50
8	20 50
9	20 50
10	20 50
11	24 44
12	04 24 44
13	04 24 44
14	04 24 44
15	04 24 44
16	04 24 44
17	04 24 44
18	04 24 44
19	04 24 44
20	04 21 51
21	21 51
22	27
23	

WIGILIA I SYLWESTER

5	18 49
6	09 29 43
7	01 21 41
8	01 21 41
9	01 14 34 54
10	15 34 54
11	14 34 54
12	14 34 54
13	14 34 54
14	11 31 51
15	11 31 51
16	11 31 51
17	13 33 53
18	13 33 53
19	13 33
20	17
21	
22	
23	

WIELKANOC,BOŻE NARODZENIE,NOWY ROK

5	
6	31
7	16
8	01 55
9	43
10	26
11	12 57
12	42
13	27
14	12 57
15	42
16	27
17	12
18	06 54
19	37
20	22
21	07 52
22	36
23	35

