MEŁGIEWSKA FS - MEŁGIEWSKA - GOSPODARCZA - ŁĘCZYŃSKA - WOLSKA - AL. PIŁSUDSKIEGO - LIPOWA - AL. RACŁAWICKIE - AL. KRAŚNICKA - ZANA - ZANA ZUS

DZIEŃ POWSZEDNI, ROK SZKOLNY

5	03 34 54
6	14 24 41
7	01 21 41
8	01 21 41 55
9	15 35 56
10	15 35 55
11	15 35 55
12	15 35 55
13	15 35 50
14	10 30 50
15	10 30 50
16	10 30 53
17	13 33 53
18	13 33 53
19	13 33
20	01 34
21	04 34
22	15
23	

SOBOTA, ROK SZKOLNY

5	05 35 53
6	14 34 48
7	08 28 48
8	08 28 48
9	08 28 48
10	08 28 50
11	08 28 48
12	08 28 48
13	08 28 48
14	08 28 47
15	08 28 48
16	08 28 48
17	08 28 48
18	08 28 48
19	08 28 48
20	05 35
21	05 35
22	15
23	

DZIEŃ ŚWIĄTECZNY, ROK SZKOLNY

5	05 35
6	05 35
7	05 35
8	05 35
9	05 35
10	05 35
11	08 28 48
12	08 28 48
13	08 28 48
14	08 28 48
15	08 28 48
16	08 28 48
17	08 28 48
18	08 28 48
19	08 28 48
20	05 35
21	05 35
22	12
23	

WIGILIA I SYLWESTER

5	03 34 54
6	14 24 41
7	01 21 41
8	01 21 41 55
9	15 35 56
10	15 35 55
11	15 35 55
12	15 35 55
13	15 35 50
14	10 30 50
15	10 30 50
16	10 30 53
17	13 33 53
18	13 33 53
19	13
20	01
21	
22	
23	

WIELKANOC,BOŻE NARODZENIE,NOWY ROK

5	
6	16
7	01 46
8	40
9	28
10	11 56
11	41
12	26
13	11 56
14	41
15	26
16	11 56
17	50
18	38
19	21
20	06 51
21	36
22	21
23	20

