MEŁGIEWSKA FS - MEŁGIEWSKA - GOSPODARCZA - ŁĘCZYŃSKA - WOLSKA - AL. PIŁSUDSKIEGO - LIPOWA - AL. RACŁAWICKIE - AL. KRAŚNICKA - ZANA - ZANA ZUS

DZIEŃ POWSZEDNI, ROK SZKOLNY

5	12 43
6	03 23 35 53
7	13 33 53
8	13 33 53
9	07 27 47
10	08 27 47
11	07 27 47
12	07 27 47
13	07 27 47
14	02 22 42
15	02 22 42
16	02 22 42
17	05 25 45
18	05 25 45
19	05 25 45
20	11 44
21	14 44
22	24
23	

SOBOTA, ROK SZKOLNY

5	14 44
6	02 23 43 57
7	17 37 57
8	17 37 57
9	17 37 57
10	17 37 59
11	18 38 58
12	18 38 58
13	18 38 58
14	18 38 57
15	18 38 58
16	18 38 58
17	18 38 58
18	18 38 58
19	18 38 58
20	15 45
21	15 45
22	24
23	

DZIEŃ ŚWIĄTECZNY, ROK SZKOLNY

5	14 44
6	14 44
7	14 44
8	14 44
9	14 44
10	14 44
11	18 38 58
12	18 38 58
13	18 38 58
14	18 38 58
15	18 38 58
16	18 38 58
17	18 38 58
18	18 38 58
19	18 38 58
20	15 45
21	15 45
22	21
23	

WIGILIA I SYLWESTER

5	12 43
6	03 23 35 53
7	13 33 53
8	13 33 53
9	07 27 47
10	08 27 47
11	07 27 47
12	07 27 47
13	07 27 47
14	02 22 42
15	02 22 42
16	02 22 42
17	05 25 45
18	05 25 45
19	05 25
20	11
21	
22	
23	

WIELKANOC,BOŻE NARODZENIE,NOWY ROK

5	
6	25
7	10 55
8	49
9	37
10	20
11	06 51
12	36
13	21
14	06 51
15	36
16	21
17	06
18	00 48
19	31
20	16
21	01 46
22	30
23	29

