MEŁGIEWSKA FS - MEŁGIEWSKA - GOSPODARCZA - ŁĘCZYŃSKA - WOLSKA - AL. PIŁSUDSKIEGO - LIPOWA - AL. RACŁAWICKIE - AL. KRAŚNICKA - ZANA - ZANA ZUS

DZIEŃ POWSZEDNI, ROK SZKOLNY

5	32
6	03 23 46
7	01 19 39 59
8	19 39 59
9	20 33 53
10	13 34 53
11	13 33 53
12	13 33 53
13	13 33 53
14	15 34 54
15	14 34 54
16	14 34 54
17	12 31 51
18	11 31 51
19	11 31 51
20	08 32
21	05 35
22	05 44

SOBOTA, ROK SZKOLNY

5	34
6	04 22 43
7	03 18 38 58
8	18 38 58
9	18 38 58
10	18 38 58
11	20 40
12	00 20 40
13	00 20 40
14	00 20 40
15	00 19 39 59
16	19 39 59
17	19 39 59
18	19 39 59
19	19 39 59
20	19 36
21	06 36
22	06 44

DZIEŃ ŚWIĄTECZNY, ROK SZKOLNY

5	01 34
6	04 34
7	04 34
8	04 35
9	05 35
10	05 35
11	05 39 59
12	19 39 59
13	19 39 59
14	19 39 59
15	19 39 59
16	19 39 59
17	19 39 59
18	19 39 59
19	19 39 59
20	19 36
21	06 36
22	06 41

WIGILIA I SYLWESTER

5	32
6	03 23 46
7	01 19 39 59
8	19 39 59
9	20 33 53
10	13 34 53
11	13 33 53
12	13 33 53
13	13 33 53
14	15 34 54
15	14 34 54
16	14 34 54
17	12 31 51
18	11 31 51
19	11 31 51
20	32
21	
22	

WIELKANOC,BOŻE NARODZENIE,NOWY ROK

5	
6	45
7	30
8	16
9	10 58
10	41
11	27
12	12 57
13	42
14	27
15	12 57
16	42
17	27
18	21
19	09 52
20	37
21	22
22	07 50

