MEŁGIEWSKA FS - MEŁGIEWSKA - GOSPODARCZA - ŁĘCZYŃSKA - WOLSKA - AL. PIŁSUDSKIEGO - LIPOWA - AL. RACŁAWICKIE - AL. KRAŚNICKA - ZANA - ZANA ZUS

DZIEŃ POWSZEDNI, ROK SZKOLNY

4	
5	30
6	01 21 44 59
7	17 37 57
8	17 37 57
9	18 31 51
10	11 32 51
11	11 31 51
12	11 31 51
13	11 31 51
14	13 32 52
15	12 32 52
16	12 32 52
17	10 29 49
18	09 29 49
19	09 29 49
20	06 30
21	03 33
22	03 42

SOBOTA, ROK SZKOLNY

4	
5	32
6	02 20 41
7	01 16 36 56
8	16 36 56
9	16 36 56
10	16 36 56
11	18 38 58
12	18 38 58
13	18 38 58
14	18 38 58
15	17 37 57
16	17 37 57
17	17 37 57
18	17 37 57
19	17 37 57
20	17 34
21	04 34
22	04 42

DZIEŃ ŚWIĄTECZNY, ROK SZKOLNY

4	59
5	32
6	02 32
7	02 32
8	02 33
9	03 33
10	03 33
11	03 37 57
12	17 37 57
13	17 37 57
14	17 37 57
15	17 37 57
16	17 37 57
17	17 37 57
18	17 37 57
19	17 37 57
20	17 34
21	04 34
22	04 39

WIGILIA I SYLWESTER

4	
5	30
6	01 21 44 59
7	17 37 57
8	17 37 57
9	18 31 51
10	11 32 51
11	11 31 51
12	11 31 51
13	11 31 51
14	13 32 52
15	12 32 52
16	12 32 52
17	10 29 49
18	09 29 49
19	09 29 49
20	30
21	
22	

WIELKANOC,BOŻE NARODZENIE,NOWY ROK

4	
5	
6	43
7	28
8	14
9	08 56
10	39
11	25
12	10 55
13	40
14	25
15	10 55
16	40
17	25
18	19
19	07 50
20	35
21	20
22	05 48

