MEŁGIEWSKA FS - MEŁGIEWSKA - GOSPODARCZA - ŁĘCZYŃSKA - WOLSKA - AL. PIŁSUDSKIEGO - LIPOWA - AL. RACŁAWICKIE - AL. KRAŚNICKA - ZANA - ZANA ZUS

DZIEŃ POWSZEDNI, ROK SZKOLNY

5	08 39 59
6	19 29 47
7	07 27 47
8	07 27 47
9	01 21 41
10	02 21 41
11	01 21 41
12	01 21 41
13	01 21 41 56
14	16 36 56
15	16 36 56
16	16 36 59
17	19 39 59
18	19 39 59
19	19 39
20	06 39
21	09 39
22	20
23	

SOBOTA, ROK SZKOLNY

5	10 40 58
6	19 39 53
7	13 33 53
8	13 33 53
9	13 33 53
10	13 33 55
11	13 33 53
12	13 33 53
13	13 33 53
14	13 33 52
15	13 33 53
16	13 33 53
17	13 33 53
18	13 33 53
19	13 33 53
20	10 40
21	10 40
22	20
23	

DZIEŃ ŚWIĄTECZNY, ROK SZKOLNY

5	10 40
6	10 40
7	10 40
8	10 40
9	10 40
10	10 40
11	13 33 53
12	13 33 53
13	13 33 53
14	13 33 53
15	13 33 53
16	13 33 53
17	13 33 53
18	13 33 53
19	13 33 53
20	10 40
21	10 40
22	17
23	

WIGILIA I SYLWESTER

5	08 39 59
6	19 29 47
7	07 27 47
8	07 27 47
9	01 21 41
10	02 21 41
11	01 21 41
12	01 21 41
13	01 21 41 56
14	16 36 56
15	16 36 56
16	16 36 59
17	19 39 59
18	19 39 59
19	19
20	06
21	
22	
23	

WIELKANOC,BOŻE NARODZENIE,NOWY ROK

5	
6	21
7	06 51
8	45
9	33
10	16
11	01 46
12	31
13	16
14	01 46
15	31
16	16
17	01 55
18	43
19	26
20	11 56
21	41
22	26
23	25

