WĘGLIN - AL. KRAŚNICKA - AL. RACŁAWICKIE - LIPOWA - AL. PIŁSUDSKIEGO - PLAC DWORCOWY - DWORZEC GŁ. PKP

DZIEŃ POWSZEDNI, ROK SZKOLNY

4	43
5	17 37 57
6	17 23 46
7	08 28 48
8	08 28 48
9	06 26 46
10	06 26 46
11	06 26 46
12	06 26 46
13	06 26 46
14	05 25 45
15	05 25 45
16	05 25 45
17	07 27 47
18	07 27 47
19	07 27 47
20	07 25 55
21	25 55
22	24

SOBOTA, ROK SZKOLNY

4	47
5	25 55
6	17 37 57
7	19 39 59
8	19 39 59
9	19 39 59
10	19 39 59
11	20 40
12	00 20 40
13	00 20 40
14	00 20 40
15	00 20 40
16	00 20 40
17	00 20 40
18	00 20 40
19	00 20 40
20	00 26 56
21	26 56
22	25

DZIEŃ ŚWIĄTECZNY, ROK SZKOLNY

4	47
5	25 55
6	25 55
7	25 55
8	27 57
9	27 57
10	27 57
11	20 40
12	00 20 40
13	00 20 40
14	00 20 40
15	00 20 40
16	00 20 40
17	00 20 40
18	00 20 40
19	00 20 40
20	00 27 57
21	27 57
22	25

WIGILIA I SYLWESTER

4	43
5	17 37 57
6	17 23 46
7	08 28 48
8	08 28 48
9	06 26 46
10	06 26 46
11	06 26 46
12	06 26 46
13	06 26 46
14	05 25 45
15	05 25 45
16	05 25 45
17	07 27 47
18	07 27 47
19	07 27
20	25 55
21	
22	24

WIELKANOC,BOŻE NARODZENIE,NOWY ROK

4	
5	33 57
6	34
7	07 34 57
8	34 59
9	24 49
10	14 39
11	04 30 55
12	20 45
13	10 35
14	00 25 50
15	15 40
16	05 30 55
17	20 55
18	20 45
19	10 35
20	00 26
21	11 56
22	39

