PLAC LITEWSKI - KRAKOWSKIE PRZEDMIEŚCIE - NARUTOWICZA - ZAMOJSKA - FABRYCZNA - DROGA M. MAJDANKA - KRAŃCOWA - CHEMICZNA - RATAJA - GRYGOWEJ - AL. WITOSA - DOŚWIADCZALNA - FELIN

DZIEŃ POWSZEDNI, ROK SZKOLNY

5	19 39 58
6	23 50
7	12 38 55
8	19 42
9	15 36 58
10	22 46
11	10 37
12	01 25 48
13	12 34 59
14	24 54
15	12 42
16	03 23 48
17	13 35
18	06 28 46
19	10 33 59
20	19 44
21	12 49
22	15 46

SOBOTA, ROK SZKOLNY

5	23 48
6	33
7	01 42
8	17
9	02 37
10	12 47
11	22 57
12	32
13	07 42
14	17 52
15	27 57
16	37
17	12 47
18	29
19	02 37
20	12 47
21	12 47
22	10 43

DZIEŃ ŚWIĄTECZNY, ROK SZKOLNY

5	23 48
6	33 56
7	42
8	17
9	02 37
10	12 47
11	22 57
12	32
13	07 42
14	17 52
15	27 57
16	37
17	12 47
18	29
19	02 37
20	12 47
21	12 47
22	10 43

WIGILIA I SYLWESTER

5	19 39 58
6	23 50
7	12 38 55
8	19 42
9	15 36 58
10	22 46
11	10 37
12	01 25 48
13	12 34 59
14	24 54
15	12 42
16	03 23 48
17	13 35
18	06 28 46
19	10 33
20	44
21	
22	

WIELKANOC,BOŻE NARODZENIE,NOWY ROK

5	23
6	33
7	42
8	
9	00
10	12
11	22
12	32
13	42
14	52
15	57
16	
17	12
18	29
19	37
20	47
21	47
22	43

