PLAC LITEWSKI - KRAKOWSKIE PRZEDMIEŚCIE - NARUTOWICZA - ZAMOJSKA - FABRYCZNA - DROGA M. MAJDANKA - KRAŃCOWA - CHEMICZNA - RATAJA - GRYGOWEJ - AL. WITOSA - DOŚWIADCZALNA - FELIN

DZIEŃ POWSZEDNI, ROK SZKOLNY

5	18 38 57
6	22 49
7	11 37 54
8	18 41
9	14 35 57
10	21 45
11	09 36
12	00 24 47
13	11 33 58
14	23 53
15	11 41
16	02 22 47
17	12 34
18	05 27 45
19	09 32 58
20	18 43
21	11 48
22	14 45

SOBOTA, ROK SZKOLNY

5	22 47
6	32
7	00 41
8	16
9	01 36
10	11 46
11	21 56
12	31
13	06 41
14	16 51
15	26 56
16	36
17	11 46
18	28
19	01 36
20	11 46
21	11 46
22	09 42

DZIEŃ ŚWIĄTECZNY, ROK SZKOLNY

5	22 47
6	32 55
7	41
8	16
9	01 36
10	11 46
11	21 56
12	31
13	06 41
14	16 51
15	26 56
16	36
17	11 46
18	28
19	01 36
20	11 46
21	11 46
22	09 42

WIGILIA I SYLWESTER

5	18 38 57
6	22 49
7	11 37 54
8	18 41
9	14 35 57
10	21 45
11	09 36
12	00 24 47
13	11 33 58
14	23 53
15	11 41
16	02 22 47
17	12 34
18	05 27 45
19	09 32
20	43
21	
22	

WIELKANOC,BOŻE NARODZENIE,NOWY ROK

5	22
6	32
7	41
8	59
9	
10	11
11	21
12	31
13	41
14	51
15	56
16	
17	11
18	28
19	36
20	46
21	46
22	42

