PLAC LITEWSKI - KRAKOWSKIE PRZEDMIEŚCIE - NARUTOWICZA - ZAMOJSKA - FABRYCZNA - DROGA M. MAJDANKA - KRAŃCOWA - CHEMICZNA - RATAJA - GRYGOWEJ - AL. WITOSA - DOŚWIADCZALNA - FELIN

DZIEŃ POWSZEDNI, ROK SZKOLNY

5	14 34 53
6	18 43
7	05 31 48
8	12 35
9	08 29 51
10	15 39
11	03 30 54
12	18 41
13	05 27 52
14	17 47
15	05 35 56
16	16 41
17	06 28 59
18	22 40
19	04 27 53
20	13 38
21	06 43
22	10 41

SOBOTA, ROK SZKOLNY

5	18 43
6	28 56
7	35
8	10 55
9	30
10	05 40
11	15 50
12	25
13	00 35
14	10 45
15	20 50
16	30
17	05 40
18	23 56
19	31
20	06 41
21	06 41
22	05 38

DZIEŃ ŚWIĄTECZNY, ROK SZKOLNY

5	18 43
6	28 51
7	35
8	10 55
9	30
10	05 40
11	15 50
12	25
13	00 35
14	10 45
15	20 50
16	30
17	05 40
18	23 56
19	31
20	06 41
21	06 41
22	05 38

WIGILIA I SYLWESTER

5	14 34 53
6	18 43
7	05 31 48
8	12 35
9	08 29 51
10	15 39
11	03 30 54
12	18 41
13	05 27 52
14	17 47
15	05 35 56
16	16 41
17	06 28 59
18	22 40
19	04 27
20	38
21	
22	

WIELKANOC,BOŻE NARODZENIE,NOWY ROK

5	18
6	28
7	35
8	53
9	
10	05
11	15
12	25
13	35
14	45
15	50
16	
17	05
18	23
19	31
20	41
21	41
22	38

