PLAC LITEWSKI - KRAKOWSKIE PRZEDMIEŚCIE - NARUTOWICZA - ZAMOJSKA - FABRYCZNA - DROGA M. MAJDANKA - KRAŃCOWA - CHEMICZNA - RATAJA - GRYGOWEJ - AL. WITOSA - DOŚWIADCZALNA - FELIN

DZIEŃ POWSZEDNI, ROK SZKOLNY

5	24 44
6	03 28 56
7	18 44
8	01 25 48
9	21 42
10	04 28 52
11	16 43
12	07 31 54
13	18 40
14	05 30
15	00 18 48
16	09 29 54
17	19 41
18	11 33 51
19	15 38
20	04 24 49
21	17 54
22	20 51

SOBOTA, ROK SZKOLNY

5	28 53
6	38
7	06 47
8	22
9	07 42
10	17 52
11	27
12	02 37
13	12 47
14	22 57
15	32
16	02 42
17	17 52
18	34
19	07 42
20	17 52
21	17 52
22	15 48

DZIEŃ ŚWIĄTECZNY, ROK SZKOLNY

5	28 53
6	38
7	01 47
8	22
9	07 42
10	17 52
11	27
12	02 37
13	12 47
14	22 57
15	32
16	02 42
17	17 52
18	34
19	07 42
20	17 52
21	17 52
22	15 48

WIGILIA I SYLWESTER

5	24 44
6	03 28 56
7	18 44
8	01 25 48
9	21 42
10	04 28 52
11	16 43
12	07 31 54
13	18 40
14	05 30
15	00 18 48
16	09 29 54
17	19 41
18	11 33 51
19	15 38
20	49
21	
22	

WIELKANOC,BOŻE NARODZENIE,NOWY ROK

5	28
6	38
7	47
8	
9	05
10	17
11	27
12	37
13	47
14	57
15	
16	02
17	17
18	34
19	42
20	52
21	52
22	48

