PLAC LITEWSKI - KRAKOWSKIE PRZEDMIEŚCIE - NARUTOWICZA - ZAMOJSKA - FABRYCZNA - DROGA M. MAJDANKA - KRAŃCOWA - CHEMICZNA - RATAJA - GRYGOWEJ - AL. WITOSA - DOŚWIADCZALNA - FELIN

DZIEŃ POWSZEDNI, ROK SZKOLNY

5	09 29 48
6	11 31 53
7	19 39
8	03 26 59
9	20 42
10	06 30 54
11	21 45
12	09 32 56
13	18 43
14	08 38 56
15	26 47
16	07 32 57
17	19 50
18	14 32 56
19	19 45
20	05 30 58
21	35
22	05 36

SOBOTA, ROK SZKOLNY

5	13 38
6	23 51
7	27
8	02 47
9	22 57
10	32
11	07 42
12	17 52
13	27
14	02 37
15	12 42
16	22 57
17	32
18	17 50
19	25
20	00 35
21	00 35
22	00 33

DZIEŃ ŚWIĄTECZNY, ROK SZKOLNY

5	13 38
6	23 46
7	27
8	02 47
9	22 57
10	32
11	07 42
12	17 52
13	27
14	02 37
15	12 42
16	22 57
17	32
18	17 50
19	25
20	00 35
21	00 35
22	00 33

WIGILIA I SYLWESTER

5	09 29 48
6	11 31 53
7	19 39
8	03 26 59
9	20 42
10	06 30 54
11	21 45
12	09 32 56
13	18 43
14	08 38 56
15	26 47
16	07 32 57
17	19 50
18	14 32 56
19	19
20	30
21	
22	

WIELKANOC,BOŻE NARODZENIE,NOWY ROK

5	13
6	23
7	27
8	45
9	57
10	
11	07
12	17
13	27
14	37
15	42
16	57
17	
18	17
19	25
20	35
21	35
22	33

