PLAC LITEWSKI - KRAKOWSKIE PRZEDMIEŚCIE - NARUTOWICZA - ZAMOJSKA - FABRYCZNA - DROGA M. MAJDANKA - KRAŃCOWA - CHEMICZNA - RATAJA - GRYGOWEJ - AL. WITOSA - DOŚWIADCZALNA - FELIN

DZIEŃ POWSZEDNI, ROK SZKOLNY

5	21 41
6	00 25 52
7	14 40 57
8	21 44
9	17 38
10	00 24 48
11	12 39
12	03 27 50
13	14 36
14	01 26 56
15	14 44
16	05 25 50
17	15 37
18	08 30 48
19	12 35
20	01 21 46
21	14 51
22	17 48

SOBOTA, ROK SZKOLNY

5	25 50
6	35
7	03 44
8	19
9	04 39
10	14 49
11	24 59
12	34
13	09 44
14	19 54
15	29 59
16	39
17	14 49
18	31
19	04 39
20	14 49
21	14 49
22	12 45

DZIEŃ ŚWIĄTECZNY, ROK SZKOLNY

5	25 50
6	35 58
7	44
8	19
9	04 39
10	14 49
11	24 59
12	34
13	09 44
14	19 54
15	29 59
16	39
17	14 49
18	31
19	04 39
20	14 49
21	14 49
22	12 45

WIGILIA I SYLWESTER

5	21 41
6	00 25 52
7	14 40 57
8	21 44
9	17 38
10	00 24 48
11	12 39
12	03 27 50
13	14 36
14	01 26 56
15	14 44
16	05 25 50
17	15 37
18	08 30 48
19	12 35
20	46
21	
22	

WIELKANOC,BOŻE NARODZENIE,NOWY ROK

5	25
6	35
7	44
8	
9	02
10	14
11	24
12	34
13	44
14	54
15	59
16	
17	14
18	31
19	39
20	49
21	49
22	45

