PLAC LITEWSKI - KRAKOWSKIE PRZEDMIEŚCIE - NARUTOWICZA - ZAMOJSKA - FABRYCZNA - DROGA M. MAJDANKA - KRAŃCOWA - CHEMICZNA - RATAJA - GRYGOWEJ - AL. WITOSA - DOŚWIADCZALNA - FELIN

DZIEŃ POWSZEDNI, ROK SZKOLNY

5	23 43
6	02 27 54
7	16 42 59
8	23 46
9	19 40
10	02 26 50
11	14 41
12	05 29 52
13	16 38
14	03 28 58
15	16 46
16	07 27 52
17	17 39
18	10 32 50
19	14 37
20	03 23 48
21	16 53
22	19 50

SOBOTA, ROK SZKOLNY

5	27 52
6	37
7	05 46
8	21
9	06 41
10	16 51
11	26
12	01 36
13	11 46
14	21 56
15	31
16	01 41
17	16 51
18	33
19	06 41
20	16 51
21	16 51
22	14 47

DZIEŃ ŚWIĄTECZNY, ROK SZKOLNY

5	27 52
6	37
7	00 46
8	21
9	06 41
10	16 51
11	26
12	01 36
13	11 46
14	21 56
15	31
16	01 41
17	16 51
18	33
19	06 41
20	16 51
21	16 51
22	14 47

WIGILIA I SYLWESTER

5	23 43
6	02 27 54
7	16 42 59
8	23 46
9	19 40
10	02 26 50
11	14 41
12	05 29 52
13	16 38
14	03 28 58
15	16 46
16	07 27 52
17	17 39
18	10 32 50
19	14 37
20	48
21	
22	

WIELKANOC,BOŻE NARODZENIE,NOWY ROK

5	27
6	37
7	46
8	
9	04
10	16
11	26
12	36
13	46
14	56
15	
16	01
17	16
18	33
19	41
20	51
21	51
22	47

