PLAC LITEWSKI - KRAKOWSKIE PRZEDMIEŚCIE - NARUTOWICZA - ZAMOJSKA - FABRYCZNA - DROGA M. MAJDANKA - KRAŃCOWA - CHEMICZNA - RATAJA - GRYGOWEJ - AL. WITOSA - DOŚWIADCZALNA - FELIN

DZIEŃ POWSZEDNI, ROK SZKOLNY

5	26 46
6	05 30 58
7	20 46
8	03 27 50
9	23 44
10	06 30 54
11	18 45
12	09 33 56
13	20 42
14	07 32
15	02 20 50
16	11 31 56
17	21 43
18	13 35 53
19	17 40
20	06 26 51
21	19 56
22	22 53

SOBOTA, ROK SZKOLNY

5	30 55
6	40
7	08 49
8	24
9	09 44
10	19 54
11	29
12	04 39
13	14 49
14	24 59
15	34
16	04 44
17	19 54
18	36
19	09 44
20	19 54
21	19 54
22	17 50

DZIEŃ ŚWIĄTECZNY, ROK SZKOLNY

5	30 55
6	40
7	03 49
8	24
9	09 44
10	19 54
11	29
12	04 39
13	14 49
14	24 59
15	34
16	04 44
17	19 54
18	36
19	09 44
20	19 54
21	19 54
22	17 50

WIGILIA I SYLWESTER

5	26 46
6	05 30 58
7	20 46
8	03 27 50
9	23 44
10	06 30 54
11	18 45
12	09 33 56
13	20 42
14	07 32
15	02 20 50
16	11 31 56
17	21 43
18	13 35 53
19	17 40
20	51
21	
22	

WIELKANOC,BOŻE NARODZENIE,NOWY ROK

5	30
6	40
7	49
8	
9	07
10	19
11	29
12	39
13	49
14	59
15	
16	04
17	19
18	36
19	44
20	54
21	54
22	50

