PLAC LITEWSKI - KRAKOWSKIE PRZEDMIEŚCIE - NARUTOWICZA - ZAMOJSKA - FABRYCZNA - DROGA M. MAJDANKA - KRAŃCOWA - CHEMICZNA - RATAJA - GRYGOWEJ - AL. WITOSA - DOŚWIADCZALNA - FELIN

DZIEŃ POWSZEDNI, ROK SZKOLNY

5	10 30 49
6	12 33 55
7	21 41
8	05 28
9	01 22 44
10	08 32 56
11	23 47
12	11 34 58
13	20 45
14	10 40 58
15	28 49
16	09 34 59
17	21 52
18	16 34 58
19	21 47
20	07 32
21	00 37
22	06 37

SOBOTA, ROK SZKOLNY

5	14 39
6	24 52
7	29
8	04 49
9	24 59
10	34
11	09 44
12	19 54
13	29
14	04 39
15	14 44
16	24 59
17	34
18	18 51
19	26
20	01 36
21	01 36
22	01 34

DZIEŃ ŚWIĄTECZNY, ROK SZKOLNY

5	14 39
6	24 47
7	29
8	04 49
9	24 59
10	34
11	09 44
12	19 54
13	29
14	04 39
15	14 44
16	24 59
17	34
18	18 51
19	26
20	01 36
21	01 36
22	01 34

WIGILIA I SYLWESTER

5	10 30 49
6	12 33 55
7	21 41
8	05 28
9	01 22 44
10	08 32 56
11	23 47
12	11 34 58
13	20 45
14	10 40 58
15	28 49
16	09 34 59
17	21 52
18	16 34 58
19	21
20	32
21	
22	

WIELKANOC,BOŻE NARODZENIE,NOWY ROK

5	14
6	24
7	29
8	47
9	59
10	
11	09
12	19
13	29
14	39
15	44
16	59
17	
18	18
19	26
20	36
21	36
22	34

