MEŁGIEWSKA FS - MEŁGIEWSKA - GOSPODARCZA - ŁĘCZYŃSKA - WOLSKA - PLAC DWORCOWY - KROCHMALNA - JANA PAWŁA II - FILARETÓW - JANA PAWŁA II - ARMII KRAJOWEJ - ORKANA - AL. KRAŚNICKA - WĘGLIN

DZIEŃ POWSZEDNI, ROK SZKOLNY

5	06 20 39
6	06 19 31 52
7	19 44
8	15 43
9	07 30 58
10	23 47
11	12 37
12	03 28 53
13	18 43
14	08 36
15	01 24 51
16	14 44
17	06 31 56
18	17 38
19	08 28 53
20	18 43
21	33 58
22	36

SOBOTA, ROK SZKOLNY

5	20 50
6	15 45
7	13 56
8	27
9	14 45
10	23
11	03 39
12	18 53
13	33
14	08 48
15	23
16	01 38
17	16 54
18	28
19	05 37
20	12 47
21	22 52
22	31

DZIEŃ ŚWIĄTECZNY, ROK SZKOLNY

5	20 50
6	15 45
7	13 56
8	27
9	14 45
10	23
11	03 37
12	18 53
13	33
14	08 48
15	23
16	01 38
17	16 54
18	28
19	05 37
20	12 47
21	22 52
22	31

WIGILIA I SYLWESTER

5	06 20 39
6	06 19 31 52
7	19 44
8	15 43
9	07 30 58
10	23 47
11	12 37
12	03 28 53
13	18 43
14	08 36
15	01 24 51
16	14 44
17	06 31 56
18	17 38
19	08 53
20	43
21	
22	36

WIELKANOC,BOŻE NARODZENIE,NOWY ROK

5	50
6	45
7	56
8	
9	17
10	28
11	37
12	53
13	
14	08
15	23
16	38
17	53
18	
19	07
20	12
21	22
22	31

DZIEŃ SPECJALNY

5	06 20 39
6	06 19 31 44
7	08 40
8	11 39
9	03 26 54
10	19 43
11	08 33 59
12	24 49
13	14 39
14	04 29 54
15	17 44
16	07 37 59
17	24 49
18	13 36
19	06 26 51
20	16 41
21	31 56
22	36

