MEŁGIEWSKA FS - MEŁGIEWSKA - GOSPODARCZA - ŁĘCZYŃSKA - WOLSKA - PLAC DWORCOWY - KROCHMALNA - JANA PAWŁA II - FILARETÓW - JANA PAWŁA II - ARMII KRAJOWEJ - ORKANA - AL. KRAŚNICKA - WĘGLIN

DZIEŃ POWSZEDNI, ROK SZKOLNY

5	05 19 38
6	05 18 30 51
7	18 43
8	14 42
9	06 29 57
10	22 46
11	11 36
12	02 27 52
13	17 42
14	07 35
15	00 23 50
16	13 43
17	05 30 55
18	16 37
19	07 27 52
20	17 42
21	32 57
22	35

SOBOTA, ROK SZKOLNY

5	19 49
6	14 44
7	12 55
8	26
9	13 44
10	22
11	02 38
12	17 52
13	32
14	07 47
15	22
16	00 37
17	15 53
18	27
19	04 36
20	11 46
21	21 51
22	30

DZIEŃ ŚWIĄTECZNY, ROK SZKOLNY

5	19 49
6	14 44
7	12 55
8	26
9	13 44
10	22
11	02 36
12	17 52
13	32
14	07 47
15	22
16	00 37
17	15 53
18	27
19	04 36
20	11 46
21	21 51
22	30

WIGILIA I SYLWESTER

5	05 19 38
6	05 18 30 51
7	18 43
8	14 42
9	06 29 57
10	22 46
11	11 36
12	02 27 52
13	17 42
14	07 35
15	00 23 50
16	13 43
17	05 30 55
18	16 37
19	07 52
20	42
21	
22	35

WIELKANOC,BOŻE NARODZENIE,NOWY ROK

5	49
6	44
7	55
8	
9	16
10	27
11	36
12	52
13	
14	07
15	22
16	37
17	52
18	
19	06
20	11
21	21
22	30

DZIEŃ SPECJALNY

5	05 19 38
6	05 18 30 43
7	07 39
8	10 38
9	02 25 53
10	18 42
11	07 32 58
12	23 48
13	13 38
14	03 28 53
15	16 43
16	06 36 58
17	23 48
18	12 35
19	05 25 50
20	15 40
21	30 55
22	35

