MEŁGIEWSKA FS - MEŁGIEWSKA - GOSPODARCZA - ŁĘCZYŃSKA - WOLSKA - PLAC DWORCOWY - KROCHMALNA - JANA PAWŁA II - FILARETÓW - JANA PAWŁA II - ARMII KRAJOWEJ - ORKANA - AL. KRAŚNICKA - WĘGLIN

DZIEŃ POWSZEDNI, ROK SZKOLNY

4	55
5	09 28 55
6	08 20 36
7	03 28 59
8	27 51
9	14 42
10	07 31 56
11	21 47
12	12 37
13	02 27 52
14	19 44
15	07 34 57
16	27 49
17	14 39
18	04 25 55
19	15 40
20	05 30
21	20 45
22	25

SOBOTA, ROK SZKOLNY

4	
5	09 39
6	04 34 59
7	42
8	13
9	00 31
10	09 49
11	25
12	04 39
13	19 54
14	34
15	09 47
16	24
17	02 40
18	15 52
19	24 59
20	34
21	09 39
22	20

DZIEŃ ŚWIĄTECZNY, ROK SZKOLNY

4	
5	09 39
6	04 34 59
7	42
8	13
9	00 31
10	09 49
11	23
12	04 39
13	19 54
14	34
15	09 47
16	24
17	02 40
18	15 52
19	24 59
20	34
21	09 39
22	20

WIGILIA I SYLWESTER

4	55
5	09 28 55
6	08 20 36
7	03 28 59
8	27 51
9	14 42
10	07 31 56
11	21 47
12	12 37
13	02 27 52
14	19 44
15	07 34 57
16	27 49
17	14 39
18	04 25 55
19	40
20	30
21	
22	25

WIELKANOC,BOŻE NARODZENIE,NOWY ROK

4	
5	39
6	34
7	42
8	
9	03
10	14
11	23
12	39
13	54
14	
15	09
16	24
17	39
18	54
19	59
20	
21	09
22	20

DZIEŃ SPECJALNY

4	55
5	09 28 55
6	08 20 33 56
7	26 57
8	25 49
9	12 40
10	05 29 54
11	19 45
12	10 35
13	00 25 50
14	15 40
15	03 30 53
16	23 45
17	10 35
18	00 23 53
19	13 38
20	03 28
21	18 43
22	25

