MEŁGIEWSKA FS - MEŁGIEWSKA - GOSPODARCZA - ŁĘCZYŃSKA - WOLSKA - PLAC DWORCOWY - KROCHMALNA - JANA PAWŁA II - FILARETÓW - JANA PAWŁA II - ARMII KRAJOWEJ - ORKANA - AL. KRAŚNICKA - WĘGLIN

DZIEŃ POWSZEDNI, ROK SZKOLNY

4	58
5	12 31 58
6	11 23 41
7	08 33
8	04 32 56
9	19 47
10	12 36
11	01 26 52
12	17 42
13	07 32 57
14	25 50
15	13 40
16	03 33 55
17	20 45
18	08 29 59
19	19 44
20	09 34
21	24 49
22	28

SOBOTA, ROK SZKOLNY

4	
5	12 42
6	07 37
7	03 46
8	17
9	04 35
10	13 53
11	29
12	08 43
13	23 58
14	38
15	13 51
16	28
17	06 44
18	19 56
19	28
20	03 38
21	13 43
22	23

DZIEŃ ŚWIĄTECZNY, ROK SZKOLNY

4	
5	12 42
6	07 37
7	03 46
8	17
9	04 35
10	13 53
11	27
12	08 43
13	23 58
14	38
15	13 51
16	28
17	06 44
18	19 56
19	28
20	03 38
21	13 43
22	23

WIGILIA I SYLWESTER

4	58
5	12 31 58
6	11 23 41
7	08 33
8	04 32 56
9	19 47
10	12 36
11	01 26 52
12	17 42
13	07 32 57
14	25 50
15	13 40
16	03 33 55
17	20 45
18	08 29 59
19	44
20	34
21	
22	28

WIELKANOC,BOŻE NARODZENIE,NOWY ROK

4	
5	42
6	37
7	46
8	
9	07
10	18
11	27
12	43
13	58
14	
15	13
16	28
17	43
18	58
19	
20	03
21	13
22	23

DZIEŃ SPECJALNY

4	58
5	12 31 58
6	11 23 36 59
7	30
8	01 29 53
9	16 44
10	09 33 58
11	23 49
12	14 39
13	04 29 54
14	19 44
15	07 34 57
16	27 49
17	14 39
18	04 27 57
19	17 42
20	07 32
21	22 47
22	28

