MEŁGIEWSKA FS - MEŁGIEWSKA - GOSPODARCZA - ŁĘCZYŃSKA - WOLSKA - PLAC DWORCOWY - KROCHMALNA - JANA PAWŁA II - FILARETÓW - JANA PAWŁA II - ARMII KRAJOWEJ - ORKANA - AL. KRAŚNICKA - WĘGLIN

DZIEŃ POWSZEDNI, ROK SZKOLNY

5	08 22 41
6	08 21 33 54
7	21 46
8	17 45
9	09 32
10	00 25 49
11	14 39
12	05 30 55
13	20 45
14	10 38
15	03 26 53
16	16 46
17	08 33 58
18	19 40
19	10 30 55
20	20 45
21	35
22	00 38

SOBOTA, ROK SZKOLNY

5	22 52
6	17 47
7	15 58
8	29
9	16 47
10	25
11	05 41
12	20 55
13	35
14	10 50
15	25
16	03 40
17	18 56
18	30
19	07 39
20	14 49
21	24 54
22	33

DZIEŃ ŚWIĄTECZNY, ROK SZKOLNY

5	22 52
6	17 47
7	15 58
8	29
9	16 47
10	25
11	05 39
12	20 55
13	35
14	10 50
15	25
16	03 40
17	18 56
18	30
19	07 39
20	14 49
21	24 54
22	33

WIGILIA I SYLWESTER

5	08 22 41
6	08 21 33 54
7	21 46
8	17 45
9	09 32
10	00 25 49
11	14 39
12	05 30 55
13	20 45
14	10 38
15	03 26 53
16	16 46
17	08 33 58
18	19 40
19	10 55
20	45
21	
22	38

WIELKANOC,BOŻE NARODZENIE,NOWY ROK

5	52
6	47
7	58
8	
9	19
10	30
11	39
12	55
13	
14	10
15	25
16	40
17	55
18	
19	09
20	14
21	24
22	33

DZIEŃ SPECJALNY

5	08 22 41
6	08 21 33 46
7	10 42
8	13 41
9	05 28 56
10	21 45
11	10 35
12	01 26 51
13	16 41
14	06 31 56
15	19 46
16	09 39
17	01 26 51
18	15 38
19	08 28 53
20	18 43
21	33 58
22	38

