MEŁGIEWSKA FS - MEŁGIEWSKA - GOSPODARCZA - ŁĘCZYŃSKA - WOLSKA - PLAC DWORCOWY - KROCHMALNA - JANA PAWŁA II - FILARETÓW - JANA PAWŁA II - ARMII KRAJOWEJ - ORKANA - AL. KRAŚNICKA - WĘGLIN

DZIEŃ POWSZEDNI, ROK SZKOLNY

4	51
5	05 24 51
6	04 16 29 55
7	20 51
8	19 43
9	06 34 59
10	23 48
11	13 39
12	04 29 54
13	19 44
14	09 34 57
15	24 47
16	17 39
17	04 29 54
18	18 48
19	08 33 58
20	23
21	13 38
22	21

SOBOTA, ROK SZKOLNY

4	
5	05 35
6	00 30 55
7	36
8	07 54
9	25
10	03 43
11	19 58
12	33
13	13 48
14	28
15	03 41
16	18 56
17	34
18	10 47
19	19 54
20	29
21	04 34
22	16

DZIEŃ ŚWIĄTECZNY, ROK SZKOLNY

4	
5	05 35
6	00 30 55
7	36
8	07 54
9	25
10	03 43
11	17 58
12	33
13	13 48
14	28
15	03 41
16	18 56
17	34
18	10 47
19	19 54
20	29
21	04 34
22	16

WIGILIA I SYLWESTER

4	51
5	05 24 51
6	04 16 29 55
7	20 51
8	19 43
9	06 34 59
10	23 48
11	13 39
12	04 29 54
13	19 44
14	09 34 57
15	24 47
16	17 39
17	04 29 54
18	18 48
19	33
20	23
21	
22	21

WIELKANOC,BOŻE NARODZENIE,NOWY ROK

4	
5	35
6	30
7	36
8	57
9	
10	08
11	17
12	33
13	48
14	
15	03
16	18
17	33
18	49
19	54
20	
21	04
22	16

DZIEŃ SPECJALNY

4	51
5	05 24 51
6	04 16 29 52
7	20 51
8	19 43
9	06 34 59
10	23 48
11	13 39
12	04 29 54
13	19 44
14	09 34 57
15	24 47
16	17 39
17	04 29 54
18	18 48
19	08 33 58
20	23
21	13 38
22	21

