SŁAWINKOWSKA - SŁAWINKOWSKA - ZBOŻOWA - AL. WARSZAWSKA - AL. RACŁAWICKIE - KRAKOWSKIE PRZEDMIEŚCIE - 3 MAJA - AL. TYSIĄCLECIA - PODZAMCZE - AL. SPÓŁDZIELCZOŚCI PRACY - ZWIĄZKOWA - CHOINY - PADEREWSKIEGO

DZIEŃ POWSZEDNI, ROK SZKOLNY

5	13 36. 45 57
6	11 21 28. 36 46 59.
7	12 26. 39 51 58
8	14 22. 30 40 50.
9	05 18. 30 42 59
10	06 14. 22 30 43. 54
11	08. 21 33 43 54
12	03. 12 23 36. 47 55.
13	05 19 30 43 52.
14	01 12 22. 36 44. 57
15	06 21 32 40. 48 57
16	08. 25 38. 45
17	03 16 31 40. 50
18	00 09. 19 29. 41 58
19	15 23. 32 40. 56
20	13. 27 44
21	10 29. 48
22	09 33

SOBOTA, ROK SZKOLNY

5	35
6	06 21 37. 58
7	21 38
8	02 17. 47
9	10 33 54
10	16. 38
11	00 22 45
12	13. 23 53
13	16 36
14	02. 19 37 58
15	17 39.
16	04 23 46
17	05 25. 50
18	11 30 45
19	08. 27 47
20	09 35. 58
21	25 48
22	27

DZIEŃ ŚWIĄTECZNY, ROK SZKOLNY

5	37
6	00 30
7	02 35
8	09 44
9	25 56
10	38
11	07 42
12	17 52
13	24
14	02 37
15	11 46
16	24
17	02 41
18	17 43
19	18 53
20	28
21	03 32
22	25

WIELKANOC,BOŻE NARODZENIE,NOWY ROK

5	37
6	
7	02 47
8	48
9	37
10	32
11	19
12	17
13	07
14	02 52
15	47
16	37
17	37
18	25
19	15
20	00 45
21	30
22	

