SŁAWINKOWSKA - SŁAWINKOWSKA - ZBOŻOWA - AL. WARSZAWSKA - AL. RACŁAWICKIE - KRAKOWSKIE PRZEDMIEŚCIE - 3 MAJA - AL. TYSIĄCLECIA - PODZAMCZE - AL. SPÓŁDZIELCZOŚCI PRACY - ZWIĄZKOWA - CHOINY - PADEREWSKIEGO

DZIEŃ POWSZEDNI, ROK SZKOLNY

5	27 50. 59
6	11 25 36 46. 56
7	06 19. 32 46. 59
8	11 18 34 42. 50
9	00 10. 25 38. 50
10	02 19 26 34. 42 50
11	03. 14 28. 41 53
12	03 14 23. 32 43 56.
13	07 15. 25 39 50
14	03 13. 24 35 45. 59
15	07. 20 29 44 55
16	03. 11 20 31. 48
17	01. 08 26 39 54
18	03. 11 17 26. 36 46. 58
19	15 32 40. 49 57.
20	13 30. 44
21	01 27 46.
22	05 24 48

SOBOTA, ROK SZKOLNY

5	49
6	20 35 51.
7	16 41 58
8	22 37.
9	07 30 53
10	14 36. 58
11	20 42
12	05 33. 43
13	13 36 56
14	22. 39 57
15	18 37 59.
16	24 43
17	06 25 45.
18	09 28 47
19	02 25. 44
20	04 26 52.
21	15 42
22	05 41

DZIEŃ ŚWIĄTECZNY, ROK SZKOLNY

5	51
6	14 44
7	22 55
8	29
9	04 45
10	16 58
11	27
12	02 37
13	12 44
14	22 57
15	31
16	06 44
17	22
18	01 34
19	00 35
20	10 45
21	20 49
22	39

WIELKANOC,BOŻE NARODZENIE,NOWY ROK

5	51
6	
7	22
8	07
9	08 57
10	52
11	39
12	37
13	27
14	22
15	12
16	07 57
17	57
18	42
19	32
20	17
21	02 47
22	

