SŁAWINKOWSKA - SŁAWINKOWSKA - ZBOŻOWA - AL. WARSZAWSKA - AL. RACŁAWICKIE - KRAKOWSKIE PRZEDMIEŚCIE - 3 MAJA - AL. TYSIĄCLECIA - PODZAMCZE - AL. SPÓŁDZIELCZOŚCI PRACY - ZWIĄZKOWA - CHOINY - PADEREWSKIEGO

DZIEŃ POWSZEDNI, ROK SZKOLNY

5	28 51.
6	00 12 26 37 47. 57
7	07 20. 33 47.
8	00 12 19 35 43. 51
9	01 11. 26 39. 51
10	03 20 27 35. 43 51
11	04. 15 29. 42 54
12	04 15 24. 33 44 57.
13	08 16. 26 40 51
14	04 14. 25 36 46.
15	00 08. 21 30 45 56
16	04. 12 21 32. 49
17	02. 09 27 40 55
18	04. 12 18 27. 37 47. 59
19	16 33 41. 50 58.
20	14 31. 45
21	02 28 47.
22	06 25 49

SOBOTA, ROK SZKOLNY

5	50
6	21 36 52.
7	17 42 59
8	23 38.
9	08 31 54
10	15 37. 59
11	21 43
12	06 34. 44
13	14 37 57
14	23. 40 58
15	19 38
16	00. 25 44
17	07 26 46.
18	10 29 48
19	03 26. 45
20	05 27 53.
21	16 43
22	06 42

DZIEŃ ŚWIĄTECZNY, ROK SZKOLNY

5	52
6	15 45
7	23 56
8	30
9	05 46
10	17 59
11	28
12	03 38
13	13 45
14	23 58
15	32
16	07 45
17	23
18	02 35
19	01 36
20	11 46
21	21 50
22	40

WIELKANOC,BOŻE NARODZENIE,NOWY ROK

5	52
6	
7	23
8	08
9	09 58
10	53
11	40
12	38
13	28
14	23
15	13
16	08 58
17	58
18	43
19	33
20	18
21	03 48
22	

