SŁAWINKOWSKA - SŁAWINKOWSKA - ZBOŻOWA - AL. WARSZAWSKA - AL. RACŁAWICKIE - KRAKOWSKIE PRZEDMIEŚCIE - 3 MAJA - AL. TYSIĄCLECIA - PODZAMCZE - AL. SPÓŁDZIELCZOŚCI PRACY - ZWIĄZKOWA - CHOINY - PADEREWSKIEGO

DZIEŃ POWSZEDNI, ROK SZKOLNY

4	56
5	19. 28 40 54
6	04 11. 18 25 36. 49
7	03. 16 28 35 51 59.
8	07 17 27. 42 55.
9	07 19 36 43 51. 59
10	07 20. 31 45. 58
11	10 20 31 40. 49
12	00 13. 24 32. 42 56
13	07 20 29. 38 47 57.
14	11 19. 32 41 56
15	07 15. 23 32 43.
16	00 13. 20 38 51
17	06 15. 25 35 47. 59
18	09. 21 38 55
19	03. 12 20. 36 53.
20	07 24 50
21	09. 28 50
22	16

SOBOTA, ROK SZKOLNY

4	
5	18 49
6	04 20. 41 59
7	16 40 55.
8	25 48
9	11 32 54.
10	16 38
11	00 23 51.
12	01 31 54
13	14 40. 57
14	15 36 55
15	17. 42
16	01 24 43
17	03. 28 50
18	10 25 48.
19	07 27 49
20	15. 38
21	05 28
22	10

DZIEŃ ŚWIĄTECZNY, ROK SZKOLNY

4	
5	20 43
6	13 45
7	13 47
8	22
9	03 34
10	16 45
11	20 55
12	30
13	02 40
14	15 49
15	24
16	02 40
17	19 57
18	23 58
19	33
20	08 43
21	12
22	08

WIELKANOC,BOŻE NARODZENIE,NOWY ROK

4	
5	20
6	45
7	25
8	26
9	15
10	10 57
11	55
12	45
13	40
14	30
15	25
16	15
17	15
18	05 55
19	40
20	25
21	10
22	

