SŁAWINKOWSKA - SŁAWINKOWSKA - ZBOŻOWA - AL. WARSZAWSKA - AL. RACŁAWICKIE - KRAKOWSKIE PRZEDMIEŚCIE - 3 MAJA - AL. TYSIĄCLECIA - PODZAMCZE - AL. SPÓŁDZIELCZOŚCI PRACY - ZWIĄZKOWA - CHOINY - PADEREWSKIEGO

DZIEŃ POWSZEDNI, ROK SZKOLNY

5	00 23. 32 44 58
6	08 15. 22 29 41. 54
7	08. 21 33 40 56
8	04. 12 22 32. 47
9	00. 12 24 41 48 56.
10	04 12 25. 36 50.
11	03 15 25 36 45. 54
12	05 18. 29 37. 47
13	01 12 25 34. 43 52
14	02. 16 24. 37 46
15	01 12 20. 28 37 48.
16	05 18. 25 43 56
17	11 20. 30 40 52.
18	04 14. 26 43
19	00 08. 17 25. 41 58.
20	12 29 55
21	14. 33 55
22	20

SOBOTA, ROK SZKOLNY

5	22 53
6	08 24. 45
7	04 21 45
8	00. 30 53
9	16 37 59.
10	21 43
11	05 28 56.
12	06 36 59
13	19 45.
14	02 20 41
15	00 22. 47
16	06 29 48
17	08. 33 55
18	15 30 53.
19	12 32 54
20	20. 43
21	10 33
22	14

DZIEŃ ŚWIĄTECZNY, ROK SZKOLNY

5	24 47
6	17 49
7	18 52
8	27
9	08 39
10	21 50
11	25
12	00 35
13	07 45
14	20 54
15	29
16	07 45
17	24
18	02 28
19	03 38
20	13 48
21	17
22	12

WIELKANOC,BOŻE NARODZENIE,NOWY ROK

5	24
6	49
7	30
8	31
9	20
10	15
11	02
12	00 50
13	45
14	35
15	30
16	20
17	20
18	10
19	00 45
20	30
21	15
22	

