SŁAWINKOWSKA - SŁAWINKOWSKA - ZBOŻOWA - AL. WARSZAWSKA - AL. RACŁAWICKIE - KRAKOWSKIE PRZEDMIEŚCIE - 3 MAJA - AL. TYSIĄCLECIA - PODZAMCZE - AL. SPÓŁDZIELCZOŚCI PRACY - ZWIĄZKOWA - CHOINY - PADEREWSKIEGO

DZIEŃ POWSZEDNI, ROK SZKOLNY

4	59
5	22. 31 43 57
6	07 14. 21 28 40. 53
7	07. 20 32 39 55
8	03. 11 21 31. 46 59.
9	11 23 40 47 55.
10	03 11 24. 35 49.
11	02 14 24 35 44. 53
12	04 17. 28 36. 46
13	00 11 24 33. 42 51
14	01. 15 23. 36 45
15	00 11 19. 27 36 47.
16	04 17. 24 42 55
17	10 19. 29 39 51.
18	03 13. 25 42 59
19	07. 16 24. 40 57.
20	11 28 54
21	13. 32 54
22	19

SOBOTA, ROK SZKOLNY

4	
5	21 52
6	07 23. 44
7	03 20 44 59.
8	29 52
9	15 36 58.
10	20 42
11	04 27 55.
12	05 35 58
13	18 44.
14	01 19 40 59
15	21. 46
16	05 28 47
17	07. 32 54
18	14 29 52.
19	11 31 53
20	19. 42
21	09 32
22	13

DZIEŃ ŚWIĄTECZNY, ROK SZKOLNY

4	
5	23 46
6	16 48
7	17 51
8	26
9	07 38
10	20 49
11	24 59
12	34
13	06 44
14	19 53
15	28
16	06 44
17	23
18	01 27
19	02 37
20	12 47
21	16
22	11

WIELKANOC,BOŻE NARODZENIE,NOWY ROK

4	
5	23
6	48
7	29
8	30
9	19
10	14
11	01 59
12	49
13	44
14	34
15	29
16	19
17	19
18	09 59
19	44
20	29
21	14
22	

