SŁAWINKOWSKA - SŁAWINKOWSKA - ZBOŻOWA - AL. WARSZAWSKA - AL. RACŁAWICKIE - KRAKOWSKIE PRZEDMIEŚCIE - 3 MAJA - AL. TYSIĄCLECIA - PODZAMCZE - AL. SPÓŁDZIELCZOŚCI PRACY - ZWIĄZKOWA - CHOINY - PADEREWSKIEGO

DZIEŃ POWSZEDNI, ROK SZKOLNY

4	58
5	21. 30 42 56
6	06 13. 20 27 39. 52
7	06. 19 31 38 54
8	02. 10 20 30. 45 58.
9	10 22 39 46 54.
10	02 10 23. 34 48.
11	01 13 23 34 43. 52
12	03 16. 27 35. 45 59
13	10 23 32. 41 50
14	00. 14 22. 35 44 59
15	10 18. 26 35 46.
16	03 16. 23 41 54
17	09 18. 28 38 50.
18	02 12. 24 41 58
19	06. 15 23. 39 56.
20	10 27 53
21	12. 31 53
22	18

SOBOTA, ROK SZKOLNY

4	
5	20 51
6	06 22. 43
7	02 19 43 58.
8	28 51
9	14 35 57.
10	19 41
11	03 26 54.
12	04 34 57
13	17 43.
14	00 18 39 58
15	20. 45
16	04 27 46
17	06. 31 53
18	13 28 51.
19	10 30 52
20	18. 41
21	08 31
22	12

DZIEŃ ŚWIĄTECZNY, ROK SZKOLNY

4	
5	22 45
6	15 47
7	16 50
8	25
9	06 37
10	19 48
11	23 58
12	33
13	05 43
14	18 52
15	27
16	05 43
17	22
18	00 26
19	01 36
20	11 46
21	15
22	10

WIELKANOC,BOŻE NARODZENIE,NOWY ROK

4	
5	22
6	47
7	28
8	29
9	18
10	13
11	00 58
12	48
13	43
14	33
15	28
16	18
17	18
18	08 58
19	43
20	28
21	13
22	

