SŁAWINKOWSKA - SŁAWINKOWSKA - ZBOŻOWA - AL. WARSZAWSKA - AL. RACŁAWICKIE - KRAKOWSKIE PRZEDMIEŚCIE - 3 MAJA - AL. TYSIĄCLECIA - PODZAMCZE - AL. SPÓŁDZIELCZOŚCI PRACY - ZWIĄZKOWA - CHOINY - PADEREWSKIEGO

DZIEŃ POWSZEDNI, ROK SZKOLNY

5	24 47. 56
6	08 22 32 43. 53
7	03 16. 29 43. 56
8	08 15 31 39. 47 57
9	07. 22 35. 47 59
10	16 23 31. 39 47
11	00. 11 25. 38 50
12	00 11 20. 29 40 53.
13	04 12. 22 36 47
14	00 10. 21 32 42. 56
15	04. 17 26 41 52
16	00. 08 17 28. 45 58.
17	05 23 36 51
18	00. 08 14 23. 33 43. 55
19	12 29 37. 46 54.
20	10 27. 41 58
21	24 43.
22	02 21 45

SOBOTA, ROK SZKOLNY

5	46
6	17 32 48.
7	13 38 55
8	19 34.
9	04 27 50
10	11 33. 55
11	17 39
12	02 30. 40
13	10 33 53
14	19. 36 54
15	15 34 56.
16	21 40
17	03 22 42.
18	06 25 44 59
19	22. 41
20	01 23 49.
21	12 39
22	02 38

DZIEŃ ŚWIĄTECZNY, ROK SZKOLNY

5	48
6	11 41
7	19 52
8	26
9	01 42
10	13 55
11	24 59
12	34
13	09 41
14	19 54
15	28
16	03 41
17	19 58
18	31 57
19	32
20	07 42
21	17 46
22	36

WIELKANOC,BOŻE NARODZENIE,NOWY ROK

5	48
6	
7	19
8	04
9	05 54
10	49
11	36
12	34
13	24
14	19
15	09
16	04 54
17	54
18	39
19	29
20	14 59
21	44
22	

