SŁAWINKOWSKA - SŁAWINKOWSKA - ZBOŻOWA - AL. WARSZAWSKA - AL. RACŁAWICKIE - KRAKOWSKIE PRZEDMIEŚCIE - 3 MAJA - AL. TYSIĄCLECIA - PODZAMCZE - AL. SPÓŁDZIELCZOŚCI PRACY - ZWIĄZKOWA - CHOINY - PADEREWSKIEGO

DZIEŃ POWSZEDNI, ROK SZKOLNY

5	25 48. 57
6	09 23 44. 54
7	04 17. 30 44. 57
8	09 16 32 40. 48 58
9	08. 23 36. 48
10	00 17 24 32. 40 48
11	01. 12 26. 39 51
12	01 12 21. 30 41 54.
13	05 13. 23 37 48
14	01 11. 22 33 43. 57
15	05. 18 27 42 53
16	01. 09 18 29. 46 59.
17	06 24 37 52
18	01. 09 15 24. 34 44. 56
19	13 30 38. 47 55.
20	11 28. 42 59
21	25 44.
22	03 22 46

SOBOTA, ROK SZKOLNY

5	47
6	18 33 49.
7	14 39 56
8	20 35.
9	05 28 51
10	12 34. 56
11	18 40
12	03 31. 41
13	11 34 54
14	20. 37 55
15	16 35 57.
16	22 41
17	04 23 43.
18	07 26 45
19	00 23. 42
20	02 24 50.
21	13 40
22	03 39

DZIEŃ ŚWIĄTECZNY, ROK SZKOLNY

5	49
6	12 42
7	20 53
8	27
9	02 43
10	14 56
11	25
12	00 35
13	10 42
14	20 55
15	29
16	04 42
17	20 59
18	32 58
19	33
20	08 43
21	18 47
22	37

WIELKANOC,BOŻE NARODZENIE,NOWY ROK

5	49
6	
7	20
8	05
9	06 55
10	50
11	37
12	35
13	25
14	20
15	10
16	05 55
17	55
18	40
19	30
20	15
21	00 45
22	

