MAJDANEK - DROGA M. MAJDANKA - FABRYCZNA - ZAMOJSKA - LUBARTOWSKA - OBYWATELSKA - CHODŹKI - CHODŹKI - SZPITAL

DZIEŃ POWSZEDNI, ROK SZKOLNY

5	25 45
6	05 25 44
7	05 25 45
8	05 25 45
9	05 30 50
10	10 30 50
11	10 30 50
12	10 30 50
13	10 30 50
14	09 29 49
15	09 29 49
16	09 29 49
17	08 30 50
18	10 30 50
19	10 30 50
20	09 36
21	06 36
22	05 31

SOBOTA, ROK SZKOLNY

5	35
6	05 25 45
7	06 22 42
8	02 12 22 42
9	02 22 42
10	02 22 42
11	02 23 43
12	03 23 43
13	03 23 43
14	03 23 43
15	03 22 42
16	02 22 42
17	02 22 42
18	02 22 42
19	02 22 42
20	02 36
21	06 36
22	05 31

DZIEŃ ŚWIĄTECZNY, ROK SZKOLNY

5	35
6	05 35
7	05 35
8	06 36
9	06 36
10	06 36
11	06 24 43
12	03 23 43
13	03 23 43
14	03 23 43
15	03 23 43
16	03 22 42
17	02 22 42
18	02 22 42
19	02 22 42
20	02 36
21	06 36
22	05 31

WSZYSTKICH ŚWIĘTYCH

5	35
6	05 35
7	05 35
8	06 36 51
9	06 21 36 51
10	06 21 36 51
11	06 24 33 43 53
12	03 13 23 33 43 53
13	03 13 23 33 43 53
14	03 13 23 33 43 53
15	03 13 23 33 43 53
16	03 13 22 32 42 52
17	02 22 42
18	02 12 22 42
19	02 22 42
20	02 36
21	06 36
22	05 31

WIGILIA I SYLWESTER

5	25 45
6	05 25 44
7	05 25 45
8	05 25 45
9	05 30 50
10	10 30 50
11	10 30 50
12	10 30 50
13	10 30 50
14	09 29 49
15	09 29 49
16	09 29 49
17	08 30 50
18	10 30 50
19	30
20	
21	
22	

WIELKANOC,BOŻE NARODZENIE,NOWY ROK

5	
6	
7	06
8	17
9	37
10	42
11	53
12	
13	08
14	18
15	28
16	37
17	57
18	
19	07
20	17
21	22
22	31

