MAJDANEK - DROGA M. MAJDANKA - FABRYCZNA - ZAMOJSKA - LUBARTOWSKA - OBYWATELSKA - CHODŹKI - CHODŹKI - SZPITAL

DZIEŃ POWSZEDNI, ROK SZKOLNY

5	09 29 49
6	09 25 44
7	04 24 44
8	04 24 44
9	09 29 49
10	09 29 49
11	09 29 49
12	09 29 49
13	09 29 47
14	05 25 45
15	05 25 45
16	05 25 45
17	09 29 49
18	09 29 49
19	09 29 49
20	19 49
21	19 49
22	15

SOBOTA, ROK SZKOLNY

5	19 49
6	09 29 49
7	05 25 45 55
8	05 25 45
9	05 25 45
10	05 25 45
11	05 25 45
12	05 25 45
13	05 25 45
14	05 25 45
15	05 25 45
16	05 25 45
17	05 25 45
18	05 25 45
19	05 25 45
20	19 49
21	19 49
22	15

DZIEŃ ŚWIĄTECZNY, ROK SZKOLNY

5	19 49
6	19 49
7	19 49
8	19 49
9	19 49
10	19 49
11	06 25 45
12	05 25 45
13	05 25 45
14	05 25 45
15	05 25 45
16	05 25 45
17	05 25 45
18	05 25 45
19	05 25 45
20	19 49
21	19 49
22	15

WSZYSTKICH ŚWIĘTYCH

5	19 49
6	19 49
7	19 49
8	19 34 49
9	04 19 34 49
10	04 19 34 49
11	06 15 25 35 45 55
12	05 15 25 35 45 55
13	05 15 25 35 45 55
14	05 15 25 35 45 55
15	05 15 25 35 45 55
16	05 15 25 35 45
17	05 25 45 55
18	05 25 45
19	05 25 45
20	19 49
21	19 49
22	15

WIGILIA I SYLWESTER

5	09 29 49
6	09 25 44
7	04 24 44
8	04 24 44
9	09 29 49
10	09 29 49
11	09 29 49
12	09 29 49
13	09 29 47
14	05 25 45
15	05 25 45
16	05 25 45
17	09 29 49
18	09 29
19	09
20	
21	
22	

WIELKANOC,BOŻE NARODZENIE,NOWY ROK

5	
6	50
7	
8	00
9	20
10	25
11	35
12	50
13	
14	00
15	10
16	20
17	40
18	50
19	
20	00
21	05
22	15

