MAJDANEK - DROGA M. MAJDANKA - FABRYCZNA - ZAMOJSKA - LUBARTOWSKA - OBYWATELSKA - CHODŹKI - CHODŹKI - SZPITAL

DZIEŃ POWSZEDNI, ROK SZKOLNY

5	11 31 51
6	11 27 47
7	07 27 47
8	07 27 47
9	12 32 52
10	12 32 52
11	12 32 52
12	12 32 52
13	12 32 50
14	08 28 48
15	08 28 48
16	08 28 48
17	12 32 52
18	12 32 52
19	12 32 52
20	21 51
21	21 51
22	17

SOBOTA, ROK SZKOLNY

5	21 51
6	11 31 51
7	07 27 47 57
8	07 27 47
9	07 27 47
10	07 27 47
11	08 28 48
12	08 28 48
13	08 28 48
14	08 28 48
15	07 27 47
16	07 27 47
17	07 27 47
18	07 27 47
19	07 27 47
20	21 51
21	21 51
22	17

DZIEŃ ŚWIĄTECZNY, ROK SZKOLNY

5	21 51
6	21 51
7	21 51
8	21 51
9	21 51
10	21 51
11	09 28 48
12	08 28 48
13	08 28 48
14	08 28 48
15	08 28 48
16	07 27 47
17	07 27 47
18	07 27 47
19	07 27 47
20	21 51
21	21 51
22	17

WSZYSTKICH ŚWIĘTYCH

5	21 51
6	21 51
7	21 51
8	21 36 51
9	06 21 36 51
10	06 21 36 51
11	09 18 28 38 48 58
12	08 18 28 38 48 58
13	08 18 28 38 48 58
14	08 18 28 38 48 58
15	08 18 28 38 48 58
16	07 17 27 37 47
17	07 27 47 57
18	07 27 47
19	07 27 47
20	21 51
21	21 51
22	17

WIGILIA I SYLWESTER

5	11 31 51
6	11 27 47
7	07 27 47
8	07 27 47
9	12 32 52
10	12 32 52
11	12 32 52
12	12 32 52
13	12 32 50
14	08 28 48
15	08 28 48
16	08 28 48
17	12 32 52
18	12 32
19	12
20	
21	
22	

WIELKANOC,BOŻE NARODZENIE,NOWY ROK

5	
6	52
7	
8	02
9	22
10	27
11	38
12	53
13	
14	03
15	13
16	22
17	42
18	52
19	
20	02
21	07
22	17

