MAJDANEK - DROGA M. MAJDANKA - FABRYCZNA - ZAMOJSKA - LUBARTOWSKA - OBYWATELSKA - CHODŹKI - CHODŹKI - SZPITAL

DZIEŃ POWSZEDNI, ROK SZKOLNY

5	13 33 53
6	13 29 49
7	09 29 49
8	09 29 49
9	14 34 54
10	14 34 54
11	14 34 54
12	14 34 54
13	14 34 52
14	10 30 50
15	10 30 50
16	10 30 50
17	14 34 54
18	14 34 54
19	14 34 54
20	23 53
21	23 53
22	19

SOBOTA, ROK SZKOLNY

5	23 53
6	13 33 53
7	09 29 49 59
8	09 29 49
9	09 29 49
10	09 29 49
11	10 30 50
12	10 30 50
13	10 30 50
14	10 30 50
15	09 29 49
16	09 29 49
17	09 29 49
18	09 29 49
19	09 29 49
20	23 53
21	23 53
22	19

DZIEŃ ŚWIĄTECZNY, ROK SZKOLNY

5	23 53
6	23 53
7	23 53
8	23 53
9	23 53
10	23 53
11	11 30 50
12	10 30 50
13	10 30 50
14	10 30 50
15	10 30 50
16	09 29 49
17	09 29 49
18	09 29 49
19	09 29 49
20	23 53
21	23 53
22	19

WSZYSTKICH ŚWIĘTYCH

5	23 53
6	23 53
7	23 53
8	23 38 53
9	08 23 38 53
10	08 23 38 53
11	11 20 30 40 50
12	00 10 20 30 40 50
13	00 10 20 30 40 50
14	00 10 20 30 40 50
15	00 10 20 30 40 50
16	00 09 19 29 39 49
17	09 29 49 59
18	09 29 49
19	09 29 49
20	23 53
21	23 53
22	19

WIGILIA I SYLWESTER

5	13 33 53
6	13 29 49
7	09 29 49
8	09 29 49
9	14 34 54
10	14 34 54
11	14 34 54
12	14 34 54
13	14 34 52
14	10 30 50
15	10 30 50
16	10 30 50
17	14 34 54
18	14 34
19	14
20	
21	
22	

WIELKANOC,BOŻE NARODZENIE,NOWY ROK

5	
6	54
7	
8	04
9	24
10	29
11	40
12	55
13	
14	05
15	15
16	24
17	44
18	54
19	
20	04
21	09
22	19

