MAJDANEK - DROGA M. MAJDANKA - FABRYCZNA - ZAMOJSKA - LUBARTOWSKA - OBYWATELSKA - CHODŹKI - CHODŹKI - SZPITAL

DZIEŃ POWSZEDNI, ROK SZKOLNY

5	21 41
6	01 21 39
7	00 20 40
8	00 20 40
9	00 25 45
10	05 25 45
11	05 25 45
12	05 25 45
13	05 25 45
14	03 23 43
15	03 23 43
16	03 23 43
17	03 25 45
18	05 25 45
19	05 25 45
20	05 32
21	02 32
22	01 27

SOBOTA, ROK SZKOLNY

5	31
6	01 21 41
7	02 18 38 58
8	08 18 38 58
9	18 38 58
10	18 38 58
11	19 39 59
12	19 39 59
13	19 39 59
14	19 39 59
15	18 38 58
16	18 38 58
17	18 38 58
18	18 38 58
19	18 38 58
20	32
21	02 32
22	01 27

DZIEŃ ŚWIĄTECZNY, ROK SZKOLNY

5	31
6	01 31
7	01 31
8	02 32
9	02 32
10	02 32
11	02 20 39 59
12	19 39 59
13	19 39 59
14	19 39 59
15	19 39 59
16	18 38 58
17	18 38 58
18	18 38 58
19	18 38 58
20	32
21	02 32
22	01 27

WSZYSTKICH ŚWIĘTYCH

5	31
6	01 31
7	01 31
8	02 32 47
9	02 17 32 47
10	02 17 32 47
11	02 20 29 39 49 59
12	09 19 29 39 49 59
13	09 19 29 39 49 59
14	09 19 29 39 49 59
15	09 19 29 39 49 59
16	09 18 28 38 48 58
17	18 38 58
18	08 18 38 58
19	18 38 58
20	32
21	02 32
22	01 27

WIGILIA I SYLWESTER

5	21 41
6	01 21 39
7	00 20 40
8	00 20 40
9	00 25 45
10	05 25 45
11	05 25 45
12	05 25 45
13	05 25 45
14	03 23 43
15	03 23 43
16	03 23 43
17	03 25 45
18	05 25 45
19	25
20	
21	
22	

WIELKANOC,BOŻE NARODZENIE,NOWY ROK

5	
6	
7	02
8	13
9	33
10	38
11	49
12	
13	04
14	14
15	24
16	33
17	53
18	
19	03
20	13
21	18
22	27

