MAJDANEK - DROGA M. MAJDANKA - FABRYCZNA - ZAMOJSKA - LUBARTOWSKA - OBYWATELSKA - CHODŹKI - CHODŹKI - SZPITAL

DZIEŃ POWSZEDNI, ROK SZKOLNY

5	22 42
6	02 22 41
7	02 22 42
8	02 22 42
9	02 27 47
10	07 27 47
11	07 27 47
12	07 27 47
13	07 27 47
14	05 25 45
15	05 25 45
16	05 25 45
17	05 27 47
18	07 27 47
19	07 27 47
20	06 33
21	03 33
22	02 28

SOBOTA, ROK SZKOLNY

5	32
6	02 22 42
7	03 19 39 59
8	09 19 39 59
9	19 39 59
10	19 39 59
11	20 40
12	00 20 40
13	00 20 40
14	00 20 40
15	00 19 39 59
16	19 39 59
17	19 39 59
18	19 39 59
19	19 39 59
20	33
21	03 33
22	02 28

DZIEŃ ŚWIĄTECZNY, ROK SZKOLNY

5	32
6	02 32
7	02 32
8	03 33
9	03 33
10	03 33
11	03 21 40
12	00 20 40
13	00 20 40
14	00 20 40
15	00 20 40
16	00 19 39 59
17	19 39 59
18	19 39 59
19	19 39 59
20	33
21	03 33
22	02 28

WSZYSTKICH ŚWIĘTYCH

5	32
6	02 32
7	02 32
8	03 33 48
9	03 18 33 48
10	03 18 33 48
11	03 21 30 40 50
12	00 10 20 30 40 50
13	00 10 20 30 40 50
14	00 10 20 30 40 50
15	00 10 20 30 40 50
16	00 10 19 29 39 49 59
17	19 39 59
18	09 19 39 59
19	19 39 59
20	33
21	03 33
22	02 28

WIGILIA I SYLWESTER

5	22 42
6	02 22 41
7	02 22 42
8	02 22 42
9	02 27 47
10	07 27 47
11	07 27 47
12	07 27 47
13	07 27 47
14	05 25 45
15	05 25 45
16	05 25 45
17	05 27 47
18	07 27 47
19	27
20	
21	
22	

WIELKANOC,BOŻE NARODZENIE,NOWY ROK

5	
6	
7	03
8	14
9	34
10	39
11	50
12	
13	05
14	15
15	25
16	34
17	54
18	
19	04
20	14
21	19
22	28

