ROMERA - ROMERA - DIAMENTOWA - WROTKOWSKA - NOWYŚWIAT - KUNICKIEGO - LUBELSKIEGO LIPCA 80 - ZAMOJSKA - LUBARTOWSKA - AL. TYSIĄCLECIA - LWOWSKA - KORYZNOWEJ - AL. NIEPODLEGŁOŚCI - NIEPODLEGŁOŚCI

DZIEŃ POWSZEDNI, ROK SZKOLNY

5	27 38 50
6	02 13 25 39 56
7	07 22 31 42 54
8	06 18 29 53
9	04 16 28 39 53
10	07 21 35 49
11	03 17 30 43 56
12	09 22 35 48
13	01 14 27 40 53
14	07 21 34 47
15	00 13 26 39 52
16	05 18 32 45 58
17	12 24 39 52
18	05 16 26 39 52
19	06 24 40 58
20	16 33 45 57
21	16 34 57
22	19 33 58
23	

SOBOTA, ROK SZKOLNY

5	23 39 58
6	17 33 56
7	27 47
8	07 27
9	02 22 42
10	02 22 42
11	02 22 42
12	02 22 42
13	02 22 42
14	02 22 39
15	02 22 40
16	00 20 40
17	02 22 52
18	11 33 53
19	13 33 49
20	15 41
21	08 34
22	03 45
23	

DZIEŃ ŚWIĄTECZNY, ROK SZKOLNY

5	57
6	20 50
7	21 46
8	17 53
9	23 50
10	17 45
11	12 36
12	03 30 57
13	23 49
14	17 43
15	10 37
16	03 30 58
17	33
18	06 29 52
19	18 50
20	12 42
21	06 35
22	01 33 45
23	03

WIGILIA I SYLWESTER

5	27 38 50
6	02 13 25 39 56
7	07 22 31 42 54
8	06 18 29 53
9	04 16 28 39 53
10	07 21 35 49
11	03 17 30 43 56
12	09 22 35 48
13	01 14 27 40 53
14	07 21 34 47
15	00 13 26 39 52
16	05 18 32 45 58
17	12 24 39 52
18	05 16 26 39 52
19	06 24 40 58
20	45
21	
22	
23	

WIELKANOC,BOŻE NARODZENIE,NOWY ROK

5	
6	
7	37
8	17
9	10 50
10	30
11	07 50
12	31
13	12 48
14	30
15	10 50
16	30
17	24
18	05 41
19	22
20	02 41
21	21
22	01 33
23	

