ROMERA - ROMERA - DIAMENTOWA - WROTKOWSKA - NOWYŚWIAT - KUNICKIEGO - LUBELSKIEGO LIPCA 80 - ZAMOJSKA - LUBARTOWSKA - AL. TYSIĄCLECIA - LWOWSKA - KORYZNOWEJ - AL. NIEPODLEGŁOŚCI - NIEPODLEGŁOŚCI

DZIEŃ POWSZEDNI, ROK SZKOLNY

5	13 24 36 48 59
6	11 23 38 49
7	04 13 24 36 48
8	00 11 35 46 58
9	10 21 35 49
10	03 17 31 45 59
11	12 25 38 51
12	04 17 30 43 56
13	09 22 35 48
14	01 14 27 40 53
15	06 19 32 45 58
16	12 25 38 52
17	04 19 32 45 58
18	10 23 36 50
19	08 24 42
20	00 17 29 41
21	00 18 41
22	05 19 44

SOBOTA, ROK SZKOLNY

5	09 25 44
6	03 19 42
7	09 29 49
8	09 44
9	04 24 44
10	04 24 44
11	04 24 44
12	04 24 44
13	04 24 44
14	04 21 44
15	04 22 42
16	02 22 44
17	04 34 54
18	18 38 58
19	18 34
20	00 26 53
21	19 48
22	31

DZIEŃ ŚWIĄTECZNY, ROK SZKOLNY

5	43
6	06 36
7	03 28 59
8	35
9	05 32 59
10	27 54
11	18 45
12	12 39
13	05 31 59
14	25 52
15	19 45
16	12 40
17	15 48
18	14 37
19	03 35 57
20	27 51
21	20 46
22	19 31 49

WIGILIA I SYLWESTER

5	13 24 36 48 59
6	11 23 38 49
7	04 13 24 36 48
8	00 11 35 46 58
9	10 21 35 49
10	03 17 31 45 59
11	12 25 38 51
12	04 17 30 43 56
13	09 22 35 48
14	01 14 27 40 53
15	06 19 32 45 58
16	12 25 38 52
17	04 19 32 45 58
18	10 23 36 50
19	08 24 42
20	29
21	
22	

WIELKANOC,BOŻE NARODZENIE,NOWY ROK

5	
6	
7	19 59
8	52
9	32
10	12 49
11	32
12	13 54
13	30
14	12 52
15	32
16	12
17	06 47
18	26
19	07 47
20	26
21	06 46
22	19

