ROMERA - ROMERA - DIAMENTOWA - WROTKOWSKA - NOWYŚWIAT - KUNICKIEGO - LUBELSKIEGO LIPCA 80 - ZAMOJSKA - LUBARTOWSKA - AL. TYSIĄCLECIA - LWOWSKA - KORYZNOWEJ - AL. NIEPODLEGŁOŚCI - NIEPODLEGŁOŚCI

DZIEŃ POWSZEDNI, ROK SZKOLNY

5	25 36 48
6	00 11 23 37 54
7	05 20 29 40 52
8	04 16 27 51
9	02 14 26 37 51
10	05 19 33 47
11	01 15 28 41 54
12	07 20 33 46 59
13	12 25 38 51
14	05 19 32 45 58
15	11 24 37 50
16	03 16 30 43 56
17	10 22 37 50
18	03 14 24 37 50
19	04 22 38 56
20	14 31 43 55
21	14 32 55
22	17 31 56
23	

SOBOTA, ROK SZKOLNY

5	21 37 56
6	15 31 54
7	25 45
8	05 25
9	00 20 40
10	00 20 40
11	00 20 40
12	00 20 40
13	00 20 40
14	00 20 37
15	00 20 38 58
16	18 38
17	00 20 50
18	09 31 51
19	11 31 47
20	13 39
21	06 32
22	01 43
23	

DZIEŃ ŚWIĄTECZNY, ROK SZKOLNY

5	55
6	18 48
7	19 44
8	15 51
9	21 48
10	15 43
11	10 34
12	01 28 55
13	21 47
14	15 41
15	08 35
16	01 28 56
17	31
18	04 27 50
19	16 48
20	10 40
21	04 33 59
22	31 43
23	01

WIGILIA I SYLWESTER

5	25 36 48
6	00 11 23 37 54
7	05 20 29 40 52
8	04 16 27 51
9	02 14 26 37 51
10	05 19 33 47
11	01 15 28 41 54
12	07 20 33 46 59
13	12 25 38 51
14	05 19 32 45 58
15	11 24 37 50
16	03 16 30 43 56
17	10 22 37 50
18	03 14 24 37 50
19	04 22 38 56
20	43
21	
22	
23	

WIELKANOC,BOŻE NARODZENIE,NOWY ROK

5	
6	
7	35
8	15
9	08 48
10	28
11	05 48
12	29
13	10 46
14	28
15	08 48
16	28
17	22
18	03 39
19	20
20	00 39
21	19 59
22	31
23	

