ROMERA - ROMERA - DIAMENTOWA - WROTKOWSKA - NOWYŚWIAT - KUNICKIEGO - LUBELSKIEGO LIPCA 80 - ZAMOJSKA - LUBARTOWSKA - AL. TYSIĄCLECIA - LWOWSKA - KORYZNOWEJ - AL. NIEPODLEGŁOŚCI - NIEPODLEGŁOŚCI

DZIEŃ POWSZEDNI, ROK SZKOLNY

5	10 21 33 45 56
6	08 20 34 45
7	00 09 20 32 44 56
8	07 31 42 54
9	06 17 31 45 59
10	13 27 41 55
11	08 21 34 47
12	00 13 26 39 52
13	05 18 31 44 57
14	10 23 36 49
15	02 15 28 41 54
16	08 21 34 48
17	00 15 28 41 54
18	06 19 32 46
19	04 20 38 56
20	13 25 37 56
21	14 37
22	02 16 41

SOBOTA, ROK SZKOLNY

5	06 22 41
6	00 16 39
7	05 25 45
8	05 40
9	00 20 40
10	00 20 40
11	00 20 40
12	00 20 40
13	00 20 40
14	00 17 40
15	00 18 38 58
16	18 40
17	00 30 50
18	14 34 54
19	14 30 56
20	22 49
21	15 44
22	28

DZIEŃ ŚWIĄTECZNY, ROK SZKOLNY

5	40
6	03 33 59
7	24 55
8	31
9	01 28 55
10	23 50
11	14 41
12	08 35
13	01 27 55
14	21 48
15	15 41
16	08 36
17	11 44
18	10 33 59
19	31 53
20	23 47
21	16 42
22	16 28 46

WIGILIA I SYLWESTER

5	10 21 33 45 56
6	08 20 34 45
7	00 09 20 32 44 56
8	07 31 42 54
9	06 17 31 45 59
10	13 27 41 55
11	08 21 34 47
12	00 13 26 39 52
13	05 18 31 44 57
14	10 23 36 49
15	02 15 28 41 54
16	08 21 34 48
17	00 15 28 41 54
18	06 19 32 46
19	04 20 38
20	25
21	
22	

WIELKANOC,BOŻE NARODZENIE,NOWY ROK

5	
6	
7	15 55
8	48
9	28
10	08 45
11	28
12	09 50
13	26
14	08 48
15	28
16	08
17	02 43
18	22
19	03 43
20	22
21	02 42
22	16

