ROMERA - ROMERA - DIAMENTOWA - WROTKOWSKA - NOWYŚWIAT - KUNICKIEGO - LUBELSKIEGO LIPCA 80 - ZAMOJSKA - LUBARTOWSKA - AL. TYSIĄCLECIA - LWOWSKA - KORYZNOWEJ - AL. NIEPODLEGŁOŚCI - NIEPODLEGŁOŚCI

DZIEŃ POWSZEDNI, ROK SZKOLNY

5	06 17 29 41 52
6	04 16 28 39 54
7	03 14 26 38 50
8	01 25 36 48
9	00 11 25 39 53
10	07 21 35 49
11	02 15 28 41 54
12	07 20 33 46 59
13	12 25 38 51
14	04 17 30 43 56
15	09 22 35 48
16	02 15 28 42 54
17	09 22 35 48
18	01 14 27 41 59
19	15 33 51
20	08 20 32 51
21	09 32 57
22	12 37

SOBOTA, ROK SZKOLNY

5	02 18 37 56
6	12 35 59
7	19 39 59
8	34 54
9	14 34 54
10	14 34 54
11	14 34 54
12	14 34 54
13	14 34 54
14	11 34 54
15	12 32 52
16	12 34 54
17	24 44
18	09 29 49
19	09 25 51
20	17 44
21	10 39
22	24

DZIEŃ ŚWIĄTECZNY, ROK SZKOLNY

5	36 59
6	29 55
7	18 49
8	25 55
9	22 49
10	17 44
11	08 35
12	02 29 55
13	21 49
14	15 42
15	09 35
16	02 30
17	05 38
18	05 28 54
19	26 48
20	18 42
21	11 37
22	12 24 42

WIGILIA I SYLWESTER

5	06 17 29 41 52
6	04 16 28 39 54
7	03 14 26 38 50
8	01 25 36 48
9	00 11 25 39 53
10	07 21 35 49
11	02 15 28 41 54
12	07 20 33 46 59
13	12 25 38 51
14	04 17 30 43 56
15	09 22 35 48
16	02 15 28 42 54
17	09 22 35 48
18	01 14 27 41 59
19	15 33
20	20
21	
22	

WIELKANOC,BOŻE NARODZENIE,NOWY ROK

5	
6	
7	09 49
8	42
9	22
10	02 39
11	22
12	03 44
13	20
14	02 42
15	22
16	02 56
17	37
18	17 58
19	38
20	17 57
21	37
22	12

