ROMERA - ROMERA - DIAMENTOWA - WROTKOWSKA - NOWYŚWIAT - KUNICKIEGO - LUBELSKIEGO LIPCA 80 - ZAMOJSKA - LUBARTOWSKA - AL. TYSIĄCLECIA - LWOWSKA - KORYZNOWEJ - AL. NIEPODLEGŁOŚCI - NIEPODLEGŁOŚCI

DZIEŃ POWSZEDNI, ROK SZKOLNY

5	04 15 27 39 50
6	02 14 26 37 52
7	01 12 24 36 48 59
8	23 34 46 58
9	09 23 37 51
10	05 19 33 47
11	00 13 26 39 52
12	05 18 31 44 57
13	10 23 36 49
14	02 15 28 41 54
15	07 20 33 46
16	00 13 26 40 52
17	07 20 33 46 59
18	12 25 39 57
19	13 31 49
20	06 18 30 49
21	07 30 55
22	10 35

SOBOTA, ROK SZKOLNY

5	00 16 35 54
6	10 33 57
7	17 37 57
8	32 52
9	12 32 52
10	12 32 52
11	12 32 52
12	12 32 52
13	12 32 52
14	09 32 52
15	10 30 50
16	10 32 52
17	22 42
18	07 27 47
19	07 23 49
20	15 42
21	08 37
22	22

DZIEŃ ŚWIĄTECZNY, ROK SZKOLNY

5	34 57
6	27 53
7	16 47
8	23 53
9	20 47
10	15 42
11	06 33
12	00 27 53
13	19 47
14	13 40
15	07 33
16	00 28
17	03 36
18	03 26 52
19	24 46
20	16 40
21	09 35
22	10 22 40

WIGILIA I SYLWESTER

5	04 15 27 39 50
6	02 14 26 37 52
7	01 12 24 36 48 59
8	23 34 46 58
9	09 23 37 51
10	05 19 33 47
11	00 13 26 39 52
12	05 18 31 44 57
13	10 23 36 49
14	02 15 28 41 54
15	07 20 33 46
16	00 13 26 40 52
17	07 20 33 46 59
18	12 25 39 57
19	13 31
20	18
21	
22	

WIELKANOC,BOŻE NARODZENIE,NOWY ROK

5	
6	
7	07 47
8	40
9	20
10	00 37
11	20
12	01 42
13	18
14	00 40
15	20
16	00 54
17	35
18	15 56
19	36
20	15 55
21	35
22	10

