ROMERA - ROMERA - DIAMENTOWA - WROTKOWSKA - NOWYŚWIAT - KUNICKIEGO - LUBELSKIEGO LIPCA 80 - ZAMOJSKA - LUBARTOWSKA - AL. TYSIĄCLECIA - LWOWSKA - KORYZNOWEJ - AL. NIEPODLEGŁOŚCI - NIEPODLEGŁOŚCI

DZIEŃ POWSZEDNI, ROK SZKOLNY

5	16 27 39 51
6	02 14 26 42 53
7	08 17 28 40 52
8	04 15 39 50
9	02 14 25 39 53
10	07 21 35 49
11	03 16 29 42 55
12	08 21 34 47
13	00 13 26 39 52
14	06 19 32 45 58
15	11 24 37 50
16	03 17 30 43 57
17	09 24 37 50
18	03 13 26 39 53
19	11 27 45
20	03 20 32 44
21	03 21 44
22	08 22 47

SOBOTA, ROK SZKOLNY

5	12 28 47
6	06 22 45
7	13 33 53
8	13 48
9	08 28 48
10	08 28 48
11	08 28 48
12	08 28 48
13	08 28 48
14	08 25 48
15	08 26 46
16	06 26 48
17	08 38 58
18	21 41
19	01 21 37
20	03 29 56
21	22 51
22	34

DZIEŃ ŚWIĄTECZNY, ROK SZKOLNY

5	46
6	09 39
7	07 32
8	03 39
9	09 36
10	03 31 58
11	22 49
12	16 43
13	09 35
14	03 29 56
15	23 49
16	16 44
17	19 52
18	17 40
19	06 38
20	00 30 54
21	23 49
22	22 34 52

WIGILIA I SYLWESTER

5	16 27 39 51
6	02 14 26 42 53
7	08 17 28 40 52
8	04 15 39 50
9	02 14 25 39 53
10	07 21 35 49
11	03 16 29 42 55
12	08 21 34 47
13	00 13 26 39 52
14	06 19 32 45 58
15	11 24 37 50
16	03 17 30 43 57
17	09 24 37 50
18	03 13 26 39 53
19	11 27 45
20	32
21	
22	

WIELKANOC,BOŻE NARODZENIE,NOWY ROK

5	
6	
7	23
8	03 56
9	36
10	16 53
11	36
12	17 58
13	34
14	16 56
15	36
16	16
17	10 51
18	29
19	10 50
20	29
21	09 49
22	22

