ROMERA - ROMERA - DIAMENTOWA - WROTKOWSKA - NOWYŚWIAT - KUNICKIEGO - LUBELSKIEGO LIPCA 80 - ZAMOJSKA - LUBARTOWSKA - AL. TYSIĄCLECIA - LWOWSKA - KORYZNOWEJ - AL. NIEPODLEGŁOŚCI - NIEPODLEGŁOŚCI

DZIEŃ POWSZEDNI, ROK SZKOLNY

5	09 20 32 44 55
6	07 19 32 43 58
7	07 18 30 42 54
8	05 29 40 52
9	04 15 29 43 57
10	11 25 39 53
11	06 19 32 45 58
12	11 24 37 50
13	03 16 29 42 55
14	08 21 34 47
15	00 13 26 39 52
16	06 19 32 46 58
17	13 26 39 52
18	05 18 31 45
19	03 19 37 55
20	12 24 36 55
21	13 36
22	01 15 40

SOBOTA, ROK SZKOLNY

5	05 21 40 59
6	15 38
7	03 23 43
8	03 38 58
9	18 38 58
10	18 38 58
11	18 38 58
12	18 38 58
13	18 38 58
14	15 38 58
15	16 36 56
16	16 38 58
17	28 48
18	13 33 53
19	13 29 55
20	21 48
21	14 43
22	27

DZIEŃ ŚWIĄTECZNY, ROK SZKOLNY

5	39
6	02 32 58
7	22 53
8	29 59
9	26 53
10	21 48
11	12 39
12	06 33 59
13	25 53
14	19 46
15	13 39
16	06 34
17	09 42
18	09 32 58
19	30 52
20	22 46
21	15 41
22	15 27 45

WIGILIA I SYLWESTER

5	09 20 32 44 55
6	07 19 32 43 58
7	07 18 30 42 54
8	05 29 40 52
9	04 15 29 43 57
10	11 25 39 53
11	06 19 32 45 58
12	11 24 37 50
13	03 16 29 42 55
14	08 21 34 47
15	00 13 26 39 52
16	06 19 32 46 58
17	13 26 39 52
18	05 18 31 45
19	03 19 37
20	24
21	
22	

WIELKANOC,BOŻE NARODZENIE,NOWY ROK

5	
6	
7	13 53
8	46
9	26
10	06 43
11	26
12	07 48
13	24
14	06 46
15	26
16	06
17	00 41
18	21
19	02 42
20	21
21	01 41
22	15

