ROMERA - ROMERA - DIAMENTOWA - WROTKOWSKA - NOWYŚWIAT - KUNICKIEGO - LUBELSKIEGO LIPCA 80 - ZAMOJSKA - LUBARTOWSKA - AL. TYSIĄCLECIA - LWOWSKA - KORYZNOWEJ - AL. NIEPODLEGŁOŚCI - NIEPODLEGŁOŚCI

DZIEŃ POWSZEDNI, ROK SZKOLNY

5	19 30 42 54
6	05 17 29 46 57
7	12 21 32 44 56
8	08 19 43 54
9	06 18 29 43 57
10	11 25 39 53
11	07 20 33 46 59
12	12 25 38 51
13	04 17 30 43 56
14	10 23 36 49
15	02 15 28 41 54
16	07 21 34 47
17	01 13 28 41 54
18	06 16 29 42 56
19	14 30 48
20	06 23 35 47
21	06 24 47
22	11 25 50

SOBOTA, ROK SZKOLNY

5	15 31 50
6	09 25 48
7	17 37 57
8	17 52
9	12 32 52
10	12 32 52
11	12 32 52
12	12 32 52
13	12 32 52
14	12 29 52
15	12 30 50
16	10 30 52
17	12 42
18	02 24 44
19	04 24 40
20	06 32 59
21	25 54
22	37

DZIEŃ ŚWIĄTECZNY, ROK SZKOLNY

5	49
6	12 42
7	11 36
8	07 43
9	13 40
10	07 35
11	02 26 53
12	20 47
13	13 39
14	07 33
15	00 27 53
16	20 48
17	23 56
18	20 43
19	09 41
20	03 33 57
21	26 52
22	25 37 55

WIGILIA I SYLWESTER

5	19 30 42 54
6	05 17 29 46 57
7	12 21 32 44 56
8	08 19 43 54
9	06 18 29 43 57
10	11 25 39 53
11	07 20 33 46 59
12	12 25 38 51
13	04 17 30 43 56
14	10 23 36 49
15	02 15 28 41 54
16	07 21 34 47
17	01 13 28 41 54
18	06 16 29 42 56
19	14 30 48
20	35
21	
22	

WIELKANOC,BOŻE NARODZENIE,NOWY ROK

5	
6	
7	27
8	07
9	00 40
10	20 57
11	40
12	21
13	02 38
14	20
15	00 40
16	20
17	14 55
18	32
19	13 53
20	32
21	12 52
22	25

