WĘGLIN - AL. KRAŚNICKA - AL. RACŁAWICKIE - LIPOWA - AL. PIŁSUDSKIEGO - KUNICKIEGO - ABRAMOWICE - ŚNIADECKIEGO

DZIEŃ POWSZEDNI, ROK SZKOLNY

4	43 54
5	04 14 34 54
6	04 14 34 49
7	02 22 42
8	02 22 42
9	02 23 43
10	03 23 43
11	03 23 43
12	03 23 43
13	03 23 33 43
14	03 10 26 46
15	06 26 46
16	06 26 46
17	06 24 44
18	04 24 44
19	04 24 44
20	04 20 50
21	20 50
22	18 45

SOBOTA, ROK SZKOLNY

4	42
5	02 16 23 49
6	14 29 40 54
7	16 37 57
8	17 37 57
9	06 17 37 46 57
10	17 37 57
11	17 37 57
12	17 37 57
13	17 37 57
14	17 37 57
15	17 37 57
16	17 37 57
17	17 37 57
18	17 37 57
19	17 37 57
20	22 51
21	21 51
22	19 45

DZIEŃ ŚWIĄTECZNY, ROK SZKOLNY

4	
5	09 19 49
6	19 49
7	19 49
8	22 46 52
9	22 33 52
10	22 52
11	17 29 37 57
12	17 37 57
13	17 37 57
14	17 37 57
15	17 37 57
16	16 36 56
17	16 36 56
18	16 36 56
19	16 36 56
20	22 52
21	22 52
22	19 45

WIGILIA I SYLWESTER

4	43 54
5	04 14 34 54
6	04 14 34 49
7	02 22 42
8	02 22 42
9	02 23 43
10	03 23 43
11	03 23 43
12	03 23 43
13	03 23 33 43
14	03 10 26 46
15	06 26 46
16	06 26 46
17	06 24 44
18	04 24 44
19	04 44
20	04
21	
22	

WIELKANOC,BOŻE NARODZENIE,NOWY ROK

4	
5	33
6	
7	03 48
8	46
9	31
10	18
11	03 47
12	32
13	17
14	02 47
15	32
16	17
17	02 57
18	42
19	29
20	14 56
21	41
22	23

