WĘGLIN - AL. KRAŚNICKA - AL. RACŁAWICKIE - LIPOWA - AL. PIŁSUDSKIEGO - KUNICKIEGO - ABRAMOWICE - ŚNIADECKIEGO

DZIEŃ POWSZEDNI, ROK SZKOLNY

4	49
5	00 10 20 40
6	00 10 20 41 56
7	09 29 49
8	09 29 49
9	10 31 51
10	11 31 51
11	11 31 51
12	11 31 51
13	11 31 41 51
14	15 22 38 58
15	18 38 58
16	18 38 58
17	13 31 51
18	11 31 51
19	11 31 51
20	11 27 57
21	27 57
22	24 51

SOBOTA, ROK SZKOLNY

4	48
5	08 22 29 55
6	20 35 46
7	00 23 44
8	04 24 44
9	04 13 24 44 53
10	04 24 44
11	04 24 44
12	04 24 44
13	04 24 44
14	04 24 44
15	04 24 44
16	04 24 44
17	04 24 44
18	04 24 44
19	04 24 44
20	04 29 58
21	28 58
22	25 51

DZIEŃ ŚWIĄTECZNY, ROK SZKOLNY

4	
5	15 25 55
6	25 55
7	25 55
8	29 53 59
9	29 40 59
10	29 59
11	24 36 44
12	04 24 44
13	04 24 44
14	04 24 44
15	04 24 44
16	04 23 43
17	03 23 43
18	03 23 43
19	03 23 43
20	03 29 59
21	29 59
22	25 51

WIGILIA I SYLWESTER

4	49
5	00 10 20 40
6	00 10 20 41 56
7	09 29 49
8	09 29 49
9	10 31 51
10	11 31 51
11	11 31 51
12	11 31 51
13	11 31 41 51
14	15 22 38 58
15	18 38 58
16	18 38 58
17	13 31 51
18	11 31 51
19	11 51
20	11
21	
22	

WIELKANOC,BOŻE NARODZENIE,NOWY ROK

4	
5	39
6	
7	09 54
8	53
9	38
10	25
11	10 54
12	39
13	24
14	09 54
15	39
16	24
17	09
18	04 49
19	36
20	21
21	03 48
22	29

