WĘGLIN - AL. KRAŚNICKA - AL. RACŁAWICKIE - LIPOWA - AL. PIŁSUDSKIEGO - KUNICKIEGO - ABRAMOWICE - ŚNIADECKIEGO

DZIEŃ POWSZEDNI, ROK SZKOLNY

4	46 57
5	07 17 37 57
6	07 17 37 52
7	05 25 45
8	05 25 45
9	06 27 47
10	07 27 47
11	07 27 47
12	07 27 47
13	07 27 37 47
14	09 16 32 52
15	12 32 52
16	12 32 52
17	09 27 47
18	07 27 47
19	07 27 47
20	07 23 53
21	23 53
22	21 48

SOBOTA, ROK SZKOLNY

4	45
5	05 19 26 52
6	17 32 43 57
7	19 40
8	00 20 40
9	00 09 20 40 49
10	00 20 40
11	00 20 40
12	00 20 40
13	00 20 40
14	00 20 40
15	00 20 40
16	00 20 40
17	00 20 40
18	00 20 40
19	00 20 40
20	00 25 54
21	24 54
22	22 48

DZIEŃ ŚWIĄTECZNY, ROK SZKOLNY

4	
5	12 22 52
6	22 52
7	22 52
8	25 49 55
9	25 36 55
10	25 55
11	20 32 40
12	00 20 40
13	00 20 40
14	00 20 40
15	00 20 40
16	00 19 39 59
17	19 39 59
18	19 39 59
19	19 39 59
20	25 55
21	25 55
22	22 48

WIGILIA I SYLWESTER

4	46 57
5	07 17 37 57
6	07 17 37 52
7	05 25 45
8	05 25 45
9	06 27 47
10	07 27 47
11	07 27 47
12	07 27 47
13	07 27 37 47
14	09 16 32 52
15	12 32 52
16	12 32 52
17	09 27 47
18	07 27 47
19	07 47
20	07
21	
22	

WIELKANOC,BOŻE NARODZENIE,NOWY ROK

4	
5	36
6	
7	06 51
8	49
9	34
10	21
11	06 50
12	35
13	20
14	05 50
15	35
16	20
17	05
18	00 45
19	32
20	17 59
21	44
22	26

