WĘGLIN - AL. KRAŚNICKA - AL. RACŁAWICKIE - LIPOWA - AL. PIŁSUDSKIEGO - KUNICKIEGO - ABRAMOWICE - ŚNIADECKIEGO

DZIEŃ POWSZEDNI, ROK SZKOLNY

4	37 48 58
5	08 28 48 58
6	08 28 42 55
7	15 35 55
8	15 35 55
9	16 36 56
10	16 36 56
11	16 36 56
12	16 36 56
13	16 26 36 56
14	01 17 37 57
15	17 37 57
16	17 37 57
17	17 37 57
18	17 37 57
19	17 37 57
20	13 43
21	13 43
22	12 39

SOBOTA, ROK SZKOLNY

4	36 56
5	10 17 43
6	08 23 34 48
7	09 30 50
8	10 30 50 59
9	10 30 39 50
10	10 30 50
11	10 30 50
12	10 30 50
13	10 30 50
14	10 30 50
15	10 30 50
16	10 30 50
17	10 30 50
18	10 30 50
19	10 30 50
20	15 44
21	14 44
22	13 39

DZIEŃ ŚWIĄTECZNY, ROK SZKOLNY

4	
5	03 13 43
6	13 43
7	13 43
8	15 39 45
9	15 26 45
10	15 45
11	10 22 30 50
12	10 30 50
13	10 30 50
14	10 30 50
15	10 30 50
16	09 29 49
17	09 29 49
18	09 29 49
19	09 29 49
20	15 45
21	15 45
22	13 39

WIGILIA I SYLWESTER

4	37 48 58
5	08 28 48 58
6	08 28 42 55
7	15 35 55
8	15 35 55
9	16 36 56
10	16 36 56
11	16 36 56
12	16 36 56
13	16 26 36 56
14	01 17 37 57
15	17 37 57
16	17 37 57
17	17 37 57
18	17 37 57
19	37 57
20	
21	
22	

WIELKANOC,BOŻE NARODZENIE,NOWY ROK

4	
5	27
6	57
7	42
8	39
9	24
10	11 56
11	40
12	25
13	10 55
14	40
15	25
16	10 55
17	50
18	35
19	22
20	07 49
21	34
22	17

