MĘTÓW - MĘTÓW - ĆMIŁÓW - ABRAMOWICKA - KUNICKIEGO - WOLSKA - FABRYCZNA - PARK BRONOWICE

DZIEŃ POWSZEDNI, ROK SZKOLNY

5	10 36
6	06 28
7	02 30
8	11 38
9	21 38
10	19 35
11	33
12	31 58
13	27
14	02 30
15	15 45
16	22 53
17	25 56
18	49
19	42
20	36
21	35
22	31
23	17

SOBOTA, ROK SZKOLNY

5	15
6	05
7	05 55
8	55
9	50
10	45
11	40
12	35
13	30
14	25
15	20
16	15
17	10
18	10
19	00 57
20	44
21	35
22	26
23	13

DZIEŃ ŚWIĄTECZNY, ROK SZKOLNY

5	15
6	05
7	05 55
8	55
9	50
10	45
11	40
12	35
13	30
14	25
15	20
16	15
17	10
18	10
19	00 57
20	45
21	35
22	26
23	10

WIGILIA I SYLWESTER

5	10 36
6	06 28
7	02 30
8	11 38
9	21 38
10	19 35
11	33
12	31 58
13	27
14	02 30
15	15 45
16	22 53
17	25 56
18	49
19	42
20	36
21	
22	
23	

WIELKANOC,BOŻE NARODZENIE,NOWY ROK

5	
6	
7	05 55
8	55
9	50
10	45
11	37
12	37
13	30
14	25
15	20
16	15
17	10
18	10
19	00 50
20	37
21	35
22	26
23	

