MĘTÓW - MĘTÓW - ĆMIŁÓW - ABRAMOWICKA - KUNICKIEGO - WOLSKA - FABRYCZNA - PARK BRONOWICE

DZIEŃ POWSZEDNI, ROK SZKOLNY

5	08 34
6	04 26
7	00 28
8	09 36
9	19 36
10	17 33
11	31
12	29 56
13	25
14	00 28
15	13 43
16	20 51
17	23 54
18	47
19	40
20	34
21	33
22	29
23	15

SOBOTA, ROK SZKOLNY

5	13
6	03
7	03 53
8	53
9	48
10	43
11	38
12	33
13	28
14	23
15	18
16	13
17	08
18	08 58
19	55
20	42
21	33
22	24
23	11

DZIEŃ ŚWIĄTECZNY, ROK SZKOLNY

5	13
6	03
7	03 53
8	53
9	48
10	43
11	38
12	33
13	28
14	23
15	18
16	13
17	08
18	08 58
19	55
20	43
21	33
22	24
23	08

WIGILIA I SYLWESTER

5	08 34
6	04 26
7	00 28
8	09 36
9	19 36
10	17 33
11	31
12	29 56
13	25
14	00 28
15	13 43
16	20 51
17	23 54
18	47
19	40
20	34
21	
22	
23	

WIELKANOC,BOŻE NARODZENIE,NOWY ROK

5	
6	
7	03 53
8	53
9	48
10	43
11	35
12	35
13	28
14	23
15	18
16	13
17	08
18	08 58
19	48
20	35
21	33
22	24
23	

