MĘTÓW - MĘTÓW - ĆMIŁÓW - ABRAMOWICKA - KUNICKIEGO - WOLSKA - FABRYCZNA - PARK BRONOWICE

DZIEŃ POWSZEDNI, ROK SZKOLNY

5	13 39
6	09 31
7	05 33
8	14 41
9	24 41
10	22 38
11	36
12	34
13	01 30
14	05 33
15	18 48
16	25 56
17	28 59
18	52
19	45
20	39
21	38
22	34
23	20

SOBOTA, ROK SZKOLNY

5	18
6	08
7	08 58
8	58
9	53
10	48
11	43
12	38
13	33
14	28
15	23
16	18
17	13
18	13
19	03
20	00 47
21	38
22	29
23	16

DZIEŃ ŚWIĄTECZNY, ROK SZKOLNY

5	18
6	08
7	08 58
8	58
9	53
10	48
11	43
12	38
13	33
14	28
15	23
16	18
17	13
18	13
19	03
20	00 48
21	38
22	29
23	13

WIGILIA I SYLWESTER

5	13 39
6	09 31
7	05 33
8	14 41
9	24 41
10	22 38
11	36
12	34
13	01 30
14	05 33
15	18 48
16	25 56
17	28 59
18	52
19	45
20	39
21	
22	
23	

WIELKANOC,BOŻE NARODZENIE,NOWY ROK

5	
6	
7	08 58
8	58
9	53
10	48
11	40
12	40
13	33
14	28
15	23
16	18
17	13
18	13
19	03 53
20	40
21	38
22	29
23	

