MĘTÓW - MĘTÓW - ĆMIŁÓW - ABRAMOWICKA - KUNICKIEGO - WOLSKA - FABRYCZNA - PARK BRONOWICE

DZIEŃ POWSZEDNI, ROK SZKOLNY

5	20 46
6	16 38
7	12 40
8	21 48
9	31 48
10	29 45
11	43
12	41
13	08 37
14	12 40
15	25 55
16	32
17	03 35
18	06 59
19	52
20	46
21	45
22	41
23	27

SOBOTA, ROK SZKOLNY

5	25
6	15
7	15
8	05
9	05
10	00 55
11	50
12	45
13	40
14	35
15	30
16	25
17	20
18	20
19	10
20	07 54
21	45
22	36
23	23

DZIEŃ ŚWIĄTECZNY, ROK SZKOLNY

5	25
6	15
7	15
8	05
9	05
10	00 55
11	50
12	45
13	40
14	35
15	30
16	25
17	20
18	20
19	10
20	07 55
21	45
22	36
23	20

WIGILIA I SYLWESTER

5	20 46
6	16 38
7	12 40
8	21 48
9	31 48
10	29 45
11	43
12	41
13	08 37
14	12 40
15	25 55
16	32
17	03 35
18	06 59
19	52
20	46
21	
22	
23	

WIELKANOC,BOŻE NARODZENIE,NOWY ROK

5	
6	
7	15
8	05
9	05
10	00 55
11	47
12	47
13	40
14	35
15	30
16	25
17	20
18	20
19	10
20	00 47
21	45
22	36
23	

