MĘTÓW - MĘTÓW - ĆMIŁÓW - ABRAMOWICKA - KUNICKIEGO - WOLSKA - FABRYCZNA - PARK BRONOWICE

DZIEŃ POWSZEDNI, ROK SZKOLNY

5	12 38
6	08 30
7	04 32
8	13 40
9	23 40
10	21 37
11	35
12	33
13	00 29
14	04 32
15	17 47
16	24 55
17	27 58
18	51
19	44
20	38
21	37
22	33
23	19

SOBOTA, ROK SZKOLNY

5	17
6	07
7	07 57
8	57
9	52
10	47
11	42
12	37
13	32
14	27
15	22
16	17
17	12
18	12
19	02 59
20	46
21	37
22	28
23	15

DZIEŃ ŚWIĄTECZNY, ROK SZKOLNY

5	17
6	07
7	07 57
8	57
9	52
10	47
11	42
12	37
13	32
14	27
15	22
16	17
17	12
18	12
19	02 59
20	47
21	37
22	28
23	12

WIGILIA I SYLWESTER

5	12 38
6	08 30
7	04 32
8	13 40
9	23 40
10	21 37
11	35
12	33
13	00 29
14	04 32
15	17 47
16	24 55
17	27 58
18	51
19	44
20	38
21	
22	
23	

WIELKANOC,BOŻE NARODZENIE,NOWY ROK

5	
6	
7	07 57
8	57
9	52
10	47
11	39
12	39
13	32
14	27
15	22
16	17
17	12
18	12
19	02 52
20	39
21	37
22	28
23	

