MĘTÓW - MĘTÓW - ĆMIŁÓW - ABRAMOWICKA - KUNICKIEGO - WOLSKA - FABRYCZNA - PARK BRONOWICE

DZIEŃ POWSZEDNI, ROK SZKOLNY

5	22 48
6	18 40
7	14 42
8	23 50
9	33 50
10	47
11	45
12	43
13	10 39
14	14 42
15	27 57
16	34
17	05
18	08
19	01 54
20	48
21	47
22	43

SOBOTA, ROK SZKOLNY

5	27
6	17
7	17
8	07
9	07
10	02 57
11	52
12	47
13	42
14	37
15	32
16	27
17	22
18	22
19	12
20	09 56
21	47
22	38

DZIEŃ ŚWIĄTECZNY, ROK SZKOLNY

5	27
6	17
7	17
8	07
9	07
10	02 57
11	52
12	47
13	42
14	37
15	32
16	27
17	22
18	22
19	12
20	09 57
21	47
22	38

WIGILIA I SYLWESTER

5	22 48
6	18 40
7	14 42
8	23 50
9	33 50
10	47
11	45
12	43
13	10 39
14	14 42
15	27 57
16	34
17	05
18	08
19	01 54
20	48
21	
22	

WIELKANOC,BOŻE NARODZENIE,NOWY ROK

5	
6	
7	17
8	07
9	07
10	02 57
11	49
12	49
13	42
14	37
15	32
16	27
17	22
18	22
19	12
20	02 49
21	47
22	38

