TURYSTYCZNA - TURYSTYCZNA - AL. ANDERSA - LWOWSKA - AL. TYSIĄCLECIA - 3 MAJA - NARUTOWICZA - NADBYSTRZYCKA - JANA PAWŁA II - FILARETÓW - ZANA - ZANA LECLERC

DZIEŃ POWSZEDNI, ROK SZKOLNY

4	57
5	06 14 36 44 55
6	10 23 39 55
7	09 20 32 48
8	03 19 34 50
9	15 23 31 47
10	02 18 33 49
11	04 12 20 36 51
12	07 22 38 54
13	02 09 25 42 58
14	16 32 48 55
15	02 21 38 55
16	12 29 46 54
17	01 16 31 47
18	02 25 48 56
19	10 24 41 52
20	06 30 46
21	00 15 43
22	21

SOBOTA, ROK SZKOLNY

4	59
5	19 28 44
6	08 22 48
7	05 26 46
8	11 32 58
9	24 45
10	07 28 49
11	10 31 53
12	14 35 56
13	17 40
14	00 21 42
15	02 27 46
16	08 29 51
17	13 33 53
18	19 41
19	01 17 38 57
20	16 34 54
21	14 34
22	17

DZIEŃ ŚWIĄTECZNY, ROK SZKOLNY

4	59
5	19 28 44
6	22 48
7	05 26 46
8	11 32 53
9	24 45
10	07 28 49
11	10 31 53
12	15 36 58
13	19 40
14	01 21 41
15	04 27 43
16	05 26 48
17	09 29 49
18	15 37 58
19	18 37 54
20	13 32 53
21	14 32
22	17

WIGILIA I SYLWESTER

4	57
5	06 14 36 44 55
6	10 23 39 55
7	09 20 32 48
8	03 19 34 50
9	15 23 31 47
10	02 18 33 49
11	04 12 20 36 51
12	07 22 38 54
13	02 09 25 42 58
14	16 32 48 55
15	02 21 38 55
16	12 29 46 54
17	01 16 31 47
18	02 25 48 56
19	10
20	06
21	
22	

WIELKANOC,BOŻE NARODZENIE,NOWY ROK

4	
5	36
6	14 58
7	50
8	54
9	44
10	42
11	32
12	26
13	18
14	12
15	04 58
16	50
17	54
18	40
19	32
20	16
21	42
22	

