TURYSTYCZNA - TURYSTYCZNA - AL. ANDERSA - LWOWSKA - AL. TYSIĄCLECIA - 3 MAJA - NARUTOWICZA - NADBYSTRZYCKA - JANA PAWŁA II - FILARETÓW - ZANA - ZANA LECLERC

DZIEŃ POWSZEDNI, ROK SZKOLNY

4	49
5	06 28 36 47
6	02 15 28 43 57
7	08 20 36 51
8	07 22 38
9	03 11 19 35 50
10	06 21 37 52
11	00 08 24 39 55
12	10 26 42 50 57
13	13 30 46
14	04 20 36 43 50
15	09 26 43
16	00 17 34 42 49
17	04 19 35 50
18	15 38 46
19	00 14 31 42 56
20	20 36 50
21	05 33
22	13

SOBOTA, ROK SZKOLNY

4	51
5	11 20 36
6	00 14 40 56
7	15 35
8	00 21 47
9	13 34 56
10	17 38 59
11	20 42
12	03 24 45
13	06 29 49
14	10 31 51
15	16 35 57
16	18 40
17	02 22 42
18	10 32 52
19	08 29 48
20	07 25 45
21	05 25
22	09

DZIEŃ ŚWIĄTECZNY, ROK SZKOLNY

4	51
5	11 20 36
6	14 40 56
7	15 35
8	00 21 42
9	13 34 56
10	17 38 59
11	20 42
12	04 25 47
13	08 29 50
14	10 30 53
15	16 32 54
16	15 37 58
17	18 38
18	06 28 49
19	09 28 45
20	04 23 44
21	05 23
22	09

WIGILIA I SYLWESTER

4	49
5	06 28 36 47
6	02 15 28 43 57
7	08 20 36 51
8	07 22 38
9	03 11 19 35 50
10	06 21 37 52
11	00 08 24 39 55
12	10 26 42 50 57
13	13 30 46
14	04 20 36 43 50
15	09 26 43
16	00 17 34 42 49
17	04 19 35 50
18	15 38 46
19	00 56
20	
21	
22	

WIELKANOC,BOŻE NARODZENIE,NOWY ROK

4	
5	28
6	06 50
7	39
8	43
9	33
10	31
11	21
12	15
13	07
14	01 53
15	47
16	39
17	43
18	31
19	23
20	07
21	33
22	

