TURYSTYCZNA - TURYSTYCZNA - AL. ANDERSA - LWOWSKA - AL. TYSIĄCLECIA - 3 MAJA - NARUTOWICZA - NADBYSTRZYCKA - JANA PAWŁA II - FILARETÓW - ZANA - ZANA LECLERC

DZIEŃ POWSZEDNI, ROK SZKOLNY

4	48
5	05 27 35 46
6	01 14 27 42 56
7	07 19 35 50
8	06 21 37
9	02 10 18 34 49
10	05 20 36 51 59
11	07 23 38 54
12	09 25 41 49 56
13	12 29 45
14	03 19 35 42 49
15	08 25 42 59
16	16 33 41 48
17	03 18 34 49
18	14 37 45 59
19	13 30 41 55
20	19 35 49
21	04 32
22	12

SOBOTA, ROK SZKOLNY

4	50
5	10 19 35 59
6	13 39 55
7	14 34 59
8	20 46
9	12 33 55
10	16 37 58
11	19 41
12	02 23 44
13	05 28 48
14	09 30 50
15	15 34 56
16	17 39
17	01 21 41
18	09 31 51
19	07 28 47
20	06 24 44
21	04 24
22	08

DZIEŃ ŚWIĄTECZNY, ROK SZKOLNY

4	50
5	10 19 35
6	13 39 55
7	14 34 59
8	20 41
9	12 33 55
10	16 37 58
11	19 41
12	03 24 46
13	07 28 49
14	09 29 52
15	15 31 53
16	14 36 57
17	17 37
18	05 27 48
19	08 27 44
20	03 22 43
21	04 22
22	08

WIGILIA I SYLWESTER

4	48
5	05 27 35 46
6	01 14 27 42 56
7	07 19 35 50
8	06 21 37
9	02 10 18 34 49
10	05 20 36 51 59
11	07 23 38 54
12	09 25 41 49 56
13	12 29 45
14	03 19 35 42 49
15	08 25 42 59
16	16 33 41 48
17	03 18 34 49
18	14 37 45 59
19	55
20	
21	
22	

WIELKANOC,BOŻE NARODZENIE,NOWY ROK

4	
5	27
6	05 49
7	38
8	42
9	32
10	30
11	20
12	14
13	06
14	00 52
15	46
16	38
17	42
18	30
19	22
20	06
21	32
22	

