TURYSTYCZNA - TURYSTYCZNA - AL. ANDERSA - LWOWSKA - AL. TYSIĄCLECIA - 3 MAJA - NARUTOWICZA - NADBYSTRZYCKA - JANA PAWŁA II - FILARETÓW - ZANA - ZANA LECLERC

DZIEŃ POWSZEDNI, ROK SZKOLNY

5	11 20 28 50 58
6	09 24 38 57
7	13 27 38 50
8	06 21 37 52
9	08 33 41 49
10	05 20 36 51
11	07 22 30 38 54
12	09 25 40 56
13	12 20 27 43
14	00 17 35 51
15	07 14 21 40 57
16	14 31 48
17	05 13 20 35 50
18	06 17 40
19	03 11 25 39 56
20	07 21 45
21	01 15 30 58
22	35

SOBOTA, ROK SZKOLNY

5	13 33 42 58
6	24 38
7	04 23 44
8	04 29 50
9	16 42
10	03 25 46
11	07 28 49
12	11 32 53
13	14 35 58
14	18 39
15	00 20 45
16	04 26 47
17	09 30 50
18	10 34 56
19	16 32 53
20	12 31 49
21	09 29 49
22	31

DZIEŃ ŚWIĄTECZNY, ROK SZKOLNY

5	13 33 42 58
6	38
7	04 23 44
8	04 29 50
9	11 42
10	03 25 46
11	07 28 49
12	11 33 54
13	16 37 58
14	19 39 59
15	22 45
16	01 23 44
17	06 27 47
18	07 30 52
19	13 33 52
20	09 28 47
21	08 29 47
22	31

WIGILIA I SYLWESTER

5	11 20 28 50 58
6	09 24 38 57
7	13 27 38 50
8	06 21 37 52
9	08 33 41 49
10	05 20 36 51
11	07 22 30 38 54
12	09 25 40 56
13	12 20 27 43
14	00 17 35 51
15	07 14 21 40 57
16	14 31 48
17	05 13 20 35 50
18	06 17 40
19	03 11 25
20	21
21	
22	

WIELKANOC,BOŻE NARODZENIE,NOWY ROK

5	50
6	30
7	17
8	08
9	12
10	02
11	00 50
12	44
13	36
14	30
15	22
16	16
17	08
18	11 55
19	47
20	31
21	57
22	

