TURYSTYCZNA - TURYSTYCZNA - AL. ANDERSA - LWOWSKA - AL. TYSIĄCLECIA - 3 MAJA - NARUTOWICZA - NADBYSTRZYCKA - JANA PAWŁA II - FILARETÓW - ZANA - ZANA LECLERC

DZIEŃ POWSZEDNI, ROK SZKOLNY

5	10 19 27 49 57
6	08 23 37 56
7	12 26 37 49
8	05 20 36 51
9	07 32 40 48
10	04 19 35 50
11	06 21 29 37 53
12	08 24 39 55
13	11 19 26 42 59
14	16 34 50
15	06 13 20 39 56
16	13 30 47
17	04 12 19 34 49
18	05 16 39
19	02 10 24 38 55
20	06 20 44
21	00 14 29 57
22	34

SOBOTA, ROK SZKOLNY

5	12 32 41 57
6	23 37
7	03 22 43
8	03 28 49
9	15 41
10	02 24 45
11	06 27 48
12	10 31 52
13	13 34 57
14	17 38 59
15	19 44
16	03 25 46
17	08 29 49
18	09 33 55
19	15 31 52
20	11 30 48
21	08 28 48
22	30

DZIEŃ ŚWIĄTECZNY, ROK SZKOLNY

5	12 32 41 57
6	37
7	03 22 43
8	03 28 49
9	10 41
10	02 24 45
11	06 27 48
12	10 32 53
13	15 36 57
14	18 38 58
15	21 44
16	00 22 43
17	05 26 46
18	06 29 51
19	12 32 51
20	08 27 46
21	07 28 46
22	30

WIGILIA I SYLWESTER

5	10 19 27 49 57
6	08 23 37 56
7	12 26 37 49
8	05 20 36 51
9	07 32 40 48
10	04 19 35 50
11	06 21 29 37 53
12	08 24 39 55
13	11 19 26 42 59
14	16 34 50
15	06 13 20 39 56
16	13 30 47
17	04 12 19 34 49
18	05 16 39
19	02 10 24
20	20
21	
22	

WIELKANOC,BOŻE NARODZENIE,NOWY ROK

5	49
6	29
7	16
8	07
9	11
10	01 59
11	49
12	43
13	35
14	29
15	21
16	15
17	07
18	10 54
19	46
20	30
21	56
22	

