TURYSTYCZNA - TURYSTYCZNA - AL. ANDERSA - LWOWSKA - AL. TYSIĄCLECIA - 3 MAJA - NARUTOWICZA - NADBYSTRZYCKA - JANA PAWŁA II - FILARETÓW - ZANA - ZANA LECLERC

DZIEŃ POWSZEDNI, ROK SZKOLNY

5	12 21 29 51 59
6	10 25 39 58
7	14 28 39 51
8	07 22 38 53
9	09 34 42 50
10	06 21 37 52
11	08 23 31 39 55
12	10 26 41 57
13	13 21 28 44
14	01 18 36 52
15	08 15 22 41 58
16	15 32 49
17	06 14 21 36 51
18	07 18 41
19	04 12 26 40 57
20	08 22 46
21	02 16 31 59
22	36

SOBOTA, ROK SZKOLNY

5	14 34 43 59
6	25 39
7	05 24 45
8	05 30 51
9	17 43
10	04 26 47
11	08 29 50
12	12 33 54
13	15 36 59
14	19 40
15	01 21 46
16	05 27 48
17	10 31 51
18	11 35 57
19	17 33 54
20	13 32 50
21	10 30 50
22	32

DZIEŃ ŚWIĄTECZNY, ROK SZKOLNY

5	14 34 43 59
6	39
7	05 24 45
8	05 30 51
9	12 43
10	04 26 47
11	08 29 50
12	12 34 55
13	17 38 59
14	20 40
15	00 23 46
16	02 24 45
17	07 28 48
18	08 31 53
19	14 34 53
20	10 29 48
21	09 30 48
22	32

WIGILIA I SYLWESTER

5	12 21 29 51 59
6	10 25 39 58
7	14 28 39 51
8	07 22 38 53
9	09 34 42 50
10	06 21 37 52
11	08 23 31 39 55
12	10 26 41 57
13	13 21 28 44
14	01 18 36 52
15	08 15 22 41 58
16	15 32 49
17	06 14 21 36 51
18	07 18 41
19	04 12 26
20	22
21	
22	

WIELKANOC,BOŻE NARODZENIE,NOWY ROK

5	51
6	31
7	18
8	09
9	13
10	03
11	01 51
12	45
13	37
14	31
15	23
16	17
17	09
18	12 56
19	48
20	32
21	58
22	

