TURYSTYCZNA - TURYSTYCZNA - AL. ANDERSA - LWOWSKA - AL. TYSIĄCLECIA - 3 MAJA - NARUTOWICZA - NADBYSTRZYCKA - JANA PAWŁA II - FILARETÓW - ZANA - ZANA LECLERC

DZIEŃ POWSZEDNI, ROK SZKOLNY

5	05 14 22 44 52
6	03 18 31 50
7	06 20 31 43 59
8	14 30 45
9	01 26 34 42 58
10	13 29 44
11	00 15 23 31 47
12	02 18 33 49
13	05 13 20 36 53
14	10 28 44
15	00 07 14 33 50
16	07 24 41 58
17	06 13 28 43 59
18	10 33 56
19	04 18 32 49
20	00 14 38 54
21	08 23 51
22	29

SOBOTA, ROK SZKOLNY

5	07 27 36 52
6	18 32 58
7	16 37 57
8	22 43
9	09 35 56
10	18 39
11	00 21 42
12	04 25 46
13	07 28 51
14	11 32 53
15	13 38 57
16	19 40
17	02 23 43
18	03 27 49
19	09 25 46
20	05 24 42
21	02 22 42
22	25

DZIEŃ ŚWIĄTECZNY, ROK SZKOLNY

5	07 27 36 52
6	32 58
7	16 37 57
8	22 43
9	04 35 56
10	18 39
11	00 21 42
12	04 26 47
13	09 30 51
14	12 32 52
15	15 38 54
16	16 37 59
17	20 40
18	00 23 45
19	06 26 45
20	02 21 40
21	01 22 40
22	25

WIGILIA I SYLWESTER

5	05 14 22 44 52
6	03 18 31 50
7	06 20 31 43 59
8	14 30 45
9	01 26 34 42 58
10	13 29 44
11	00 15 23 31 47
12	02 18 33 49
13	05 13 20 36 53
14	10 28 44
15	00 07 14 33 50
16	07 24 41 58
17	06 13 28 43 59
18	10 33 56
19	04 18
20	14
21	
22	

WIELKANOC,BOŻE NARODZENIE,NOWY ROK

5	44
6	24
7	10
8	01
9	05 55
10	53
11	43
12	37
13	29
14	23
15	15
16	09
17	01
18	04 48
19	40
20	24
21	50
22	

