TURYSTYCZNA - TURYSTYCZNA - AL. ANDERSA - LWOWSKA - AL. TYSIĄCLECIA - 3 MAJA - NARUTOWICZA - NADBYSTRZYCKA - JANA PAWŁA II - FILARETÓW - ZANA - ZANA LECLERC

DZIEŃ POWSZEDNI, ROK SZKOLNY

5	01 10 18 40 48 59
6	14 27 45
7	01 15 26 38 54
8	09 25 40 56
9	21 29 37 53
10	08 24 39 55
11	10 18 26 42 57
12	13 28 44
13	00 08 15 31 48
14	05 23 39 55
15	02 09 28 45
16	02 19 36 53
17	01 08 23 38 54
18	06 29 52
19	00 14 28 45 56
20	10 34 50
21	04 19 47
22	25

SOBOTA, ROK SZKOLNY

5	03 23 32 48
6	14 28 54
7	11 32 52
8	17 38
9	04 30 51
10	13 34 55
11	16 37 59
12	20 41
13	02 23 46
14	06 27 48
15	08 33 52
16	14 35 57
17	18 38 58
18	23 45
19	05 21 42
20	01 20 38 58
21	18 38
22	21

DZIEŃ ŚWIĄTECZNY, ROK SZKOLNY

5	03 23 32 48
6	28 54
7	11 32 52
8	17 38 59
9	30 51
10	13 34 55
11	16 37 59
12	21 42
13	04 25 46
14	07 27 47
15	10 33 49
16	11 32 54
17	15 35 55
18	19 41
19	02 22 41 58
20	17 36 57
21	18 36
22	21

WIGILIA I SYLWESTER

5	01 10 18 40 48 59
6	14 27 45
7	01 15 26 38 54
8	09 25 40 56
9	21 29 37 53
10	08 24 39 55
11	10 18 26 42 57
12	13 28 44
13	00 08 15 31 48
14	05 23 39 55
15	02 09 28 45
16	02 19 36 53
17	01 08 23 38 54
18	06 29 52
19	00 14
20	10
21	
22	

WIELKANOC,BOŻE NARODZENIE,NOWY ROK

5	40
6	20
7	05 56
8	
9	00 50
10	48
11	38
12	32
13	24
14	18
15	10
16	04 56
17	
18	00 44
19	36
20	20
21	46
22	

