TURYSTYCZNA - TURYSTYCZNA - AL. ANDERSA - LWOWSKA - AL. TYSIĄCLECIA - 3 MAJA - NARUTOWICZA - NADBYSTRZYCKA - JANA PAWŁA II - FILARETÓW - ZANA - ZANA LECLERC

DZIEŃ POWSZEDNI, ROK SZKOLNY

5	03 25 33 44 59
6	12 25 40 54
7	05 17 33 48
8	04 19 35
9	00 08 16 32 47
10	03 18 34 49 57
11	05 21 36 52
12	07 23 39 47 54
13	10 27 43
14	01 17 33 40 47
15	06 23 40 57
16	14 31 39 46
17	01 16 32 47
18	12 35 43 57
19	11 28 39 53
20	17 33 47
21	02 30
22	10

SOBOTA, ROK SZKOLNY

5	08 17 33 57
6	11 37 53
7	12 32 57
8	18 44
9	10 31 53
10	14 35 56
11	17 39
12	00 21 42
13	03 26 46
14	07 28 48
15	13 32 54
16	15 37 59
17	19 39
18	07 29 49
19	05 26 45
20	04 22 42
21	02 22
22	06

DZIEŃ ŚWIĄTECZNY, ROK SZKOLNY

5	08 17 33
6	11 37 53
7	12 32 57
8	18 39
9	10 31 53
10	14 35 56
11	17 39
12	01 22 44
13	05 26 47
14	07 27 50
15	13 29 51
16	12 34 55
17	15 35
18	03 25 46
19	06 25 42
20	01 20 41
21	02 20
22	06

WIGILIA I SYLWESTER

5	03 25 33 44 59
6	12 25 40 54
7	05 17 33 48
8	04 19 35
9	00 08 16 32 47
10	03 18 34 49 57
11	05 21 36 52
12	07 23 39 47 54
13	10 27 43
14	01 17 33 40 47
15	06 23 40 57
16	14 31 39 46
17	01 16 32 47
18	12 35 43 57
19	53
20	
21	
22	

WIELKANOC,BOŻE NARODZENIE,NOWY ROK

5	25
6	47
7	36
8	40
9	30
10	28
11	18
12	12
13	04 58
14	50
15	44
16	36
17	40
18	28
19	20
20	04
21	30
22	

