TURYSTYCZNA - TURYSTYCZNA - AL. ANDERSA - LWOWSKA - AL. TYSIĄCLECIA - 3 MAJA - NARUTOWICZA - NADBYSTRZYCKA - JANA PAWŁA II - FILARETÓW - ZANA - ZANA LECLERC

DZIEŃ POWSZEDNI, ROK SZKOLNY

5	02 24 32 43 58
6	11 24 38 52
7	03 15 31 46
8	02 17 33 58
9	06 14 30 45
10	01 16 32 47 55
11	03 19 34 50
12	05 21 37 45 52
13	08 25 41 59
14	15 31 38 45
15	04 21 38 55
16	12 29 37 44 59
17	14 30 45
18	10 33 41 55
19	09 26 37 51
20	15 31 45
21	00 28
22	09

SOBOTA, ROK SZKOLNY

5	07 16 32 56
6	10 36 52
7	10 30 55
8	16 42
9	08 29 51
10	12 33 54
11	15 37 58
12	19 40
13	01 24 44
14	05 26 46
15	11 30 52
16	13 35 57
17	17 37
18	05 27 47
19	03 24 43
20	02 20 40
21	00 20
22	05

DZIEŃ ŚWIĄTECZNY, ROK SZKOLNY

5	07 16 32
6	10 36 52
7	10 30 55
8	16 37
9	08 29 51
10	12 33 54
11	15 37 59
12	20 42
13	03 24 45
14	05 25 48
15	11 27 49
16	10 32 53
17	13 33
18	01 23 44
19	04 23 40 59
20	18 39
21	00 18
22	05

WIGILIA I SYLWESTER

5	02 24 32 43 58
6	11 24 38 52
7	03 15 31 46
8	02 17 33 58
9	06 14 30 45
10	01 16 32 47 55
11	03 19 34 50
12	05 21 37 45 52
13	08 25 41 59
14	15 31 38 45
15	04 21 38 55
16	12 29 37 44 59
17	14 30 45
18	10 33 41 55
19	51
20	
21	
22	

WIELKANOC,BOŻE NARODZENIE,NOWY ROK

5	24
6	46
7	34
8	38
9	28
10	26
11	16
12	10
13	02 56
14	48
15	42
16	34
17	38
18	26
19	18
20	02
21	28
22	

