TURYSTYCZNA - TURYSTYCZNA - AL. ANDERSA - LWOWSKA - AL. TYSIĄCLECIA - 3 MAJA - NARUTOWICZA - NADBYSTRZYCKA - JANA PAWŁA II - FILARETÓW - ZANA - ZANA LECLERC

DZIEŃ POWSZEDNI, ROK SZKOLNY

5	14 23 31 53
6	01 12 27 42
7	01 17 31 42 54
8	10 25 41 56
9	12 37 45 53
10	09 24 40 55
11	11 26 34 42 58
12	13 29 44
13	00 16 24 31 47
14	04 21 39 55
15	11 18 25 44
16	01 18 35 52
17	09 17 24 39 54
18	10 21 44
19	07 15 29 43
20	00 11 25 49
21	05 19 34
22	02 38

SOBOTA, ROK SZKOLNY

5	16 36 45
6	01 27 41
7	08 27 48
8	08 33 54
9	20 46
10	07 29 50
11	11 32 53
12	15 36 57
13	18 39
14	02 22 43
15	04 24 49
16	08 30 51
17	13 34 54
18	13 37 59
19	19 35 56
20	15 34 52
21	12 32 52
22	34

DZIEŃ ŚWIĄTECZNY, ROK SZKOLNY

5	16 36 45
6	01 41
7	08 27 48
8	08 33 54
9	15 46
10	07 29 50
11	11 32 53
12	15 37 58
13	20 41
14	02 23 43
15	03 26 49
16	05 27 48
17	10 31 51
18	10 33 55
19	16 36 55
20	12 31 50
21	11 32 50
22	34

WIGILIA I SYLWESTER

5	14 23 31 53
6	01 12 27 42
7	01 17 31 42 54
8	10 25 41 56
9	12 37 45 53
10	09 24 40 55
11	11 26 34 42 58
12	13 29 44
13	00 16 24 31 47
14	04 21 39 55
15	11 18 25 44
16	01 18 35 52
17	09 17 24 39 54
18	10 21 44
19	07 15 29
20	25
21	
22	

WIELKANOC,BOŻE NARODZENIE,NOWY ROK

5	53
6	33
7	21
8	12
9	16
10	06
11	04 54
12	48
13	40
14	34
15	26
16	20
17	12
18	14 58
19	50
20	34
21	
22	00

