TURYSTYCZNA - TURYSTYCZNA - AL. ANDERSA - LWOWSKA - AL. TYSIĄCLECIA - 3 MAJA - NARUTOWICZA - NADBYSTRZYCKA - JANA PAWŁA II - FILARETÓW - ZANA - ZANA LECLERC

DZIEŃ POWSZEDNI, ROK SZKOLNY

5	15 24 32 54
6	02 13 28 43
7	02 18 32 43 55
8	11 26 42 57
9	13 38 46 54
10	10 25 41 56
11	12 27 35 43 59
12	14 30 45
13	01 17 25 32 48
14	05 22 40 56
15	12 19 26 45
16	02 19 36 53
17	10 18 25 40 55
18	11 22 45
19	08 16 30 44
20	01 12 26 50
21	06 20 35
22	03 39

SOBOTA, ROK SZKOLNY

5	17 37 46
6	02 28 42
7	09 28 49
8	09 34 55
9	21 47
10	08 30 51
11	12 33 54
12	16 37 58
13	19 40
14	03 23 44
15	05 25 50
16	09 31 52
17	14 35 55
18	14 38
19	00 20 36 57
20	16 35 53
21	13 33 53
22	35

DZIEŃ ŚWIĄTECZNY, ROK SZKOLNY

5	17 37 46
6	02 42
7	09 28 49
8	09 34 55
9	16 47
10	08 30 51
11	12 33 54
12	16 38 59
13	21 42
14	03 24 44
15	04 27 50
16	06 28 49
17	11 32 52
18	11 34 56
19	17 37 56
20	13 32 51
21	12 33 51
22	35

WIGILIA I SYLWESTER

5	15 24 32 54
6	02 13 28 43
7	02 18 32 43 55
8	11 26 42 57
9	13 38 46 54
10	10 25 41 56
11	12 27 35 43 59
12	14 30 45
13	01 17 25 32 48
14	05 22 40 56
15	12 19 26 45
16	02 19 36 53
17	10 18 25 40 55
18	11 22 45
19	08 16 30
20	26
21	
22	

WIELKANOC,BOŻE NARODZENIE,NOWY ROK

5	54
6	34
7	22
8	13
9	17
10	07
11	05 55
12	49
13	41
14	35
15	27
16	21
17	13
18	15 59
19	51
20	35
21	
22	01

