MEŁGIEWSKA FS - MEŁGIEWSKA - GOSPODARCZA - ŁĘCZYŃSKA - FABRYCZNA - ZAMOJSKA - NARUTOWICZA - GŁĘBOKA - WILEŃSKA - B. M. CASSINO - ARMII KRAJOWEJ - JANA PAWŁA II - GRANITOWA - OS.PORĘBA

DZIEŃ POWSZEDNI, ROK SZKOLNY

5	
6	07 16. 25 36. 48 54
7	00 09. 18 27. 36 45 54.
8	03 12. 21 26 30 39. 48 57.
9	07 17 27. 37 48. 59
10	07 13 26. 39 52
11	05 18. 31 44 51 57
12	11. 24 37 50
13	03. 15 28 34 40 51.
14	02 14. 24 34 43. 52
15	02. 11 16 20 29. 38 47. 56
16	05 14. 23 32. 41 46 50 59.
17	08 17. 26 35 44. 53
18	02. 10 13 17 27. 39 51.
19	04 18 32 47 54
20	02. 19 33 48
21	02 19 37. 57
22	14 32

SOBOTA, ROK SZKOLNY

5	47.
6	15 27. 36 48
7	11. 25 37 47 58.
8	08 19 29 40. 50
9	01 19 32. 42 53
10	03 14. 24 35 47 58.
11	09 20 31 42. 53
12	04 15 26. 38 49
13	01 12. 24 35 47 59.
14	11 23 35 47. 59
15	11 24 36. 49
16	01 14 26. 39 51
17	04 16. 29 49
18	07. 26 42 57.
19	11 26 43. 56
20	11 25. 41
21	02. 19 33 56
22	22. 32

DZIEŃ ŚWIĄTECZNY, ROK SZKOLNY

5	
6	13 42 56
7	16 36 54
8	12 30 52
9	10 30 46
10	04 21 40 58
11	16 34 52
12	10 28 46
13	04 22 40 58
14	16 34 52
15	10 29 46
16	04 22 40 57
17	16 41 59
18	16 36 48
19	09 27 45
20	12 37
21	03 29 56
22	37

WIELKANOC,BOŻE NARODZENIE,NOWY ROK

5	
6	08
7	26
8	11 58
9	42
10	19
11	12 52
12	35
13	21
14	04 53
15	39
16	21
17	09
18	03 42
19	25
20	08
21	27
22	38

