MEŁGIEWSKA FS - MEŁGIEWSKA - GOSPODARCZA - ŁĘCZYŃSKA - FABRYCZNA - ZAMOJSKA - NARUTOWICZA - GŁĘBOKA - WILEŃSKA - B. M. CASSINO - ARMII KRAJOWEJ - JANA PAWŁA II - GRANITOWA - OS.PORĘBA

DZIEŃ POWSZEDNI, ROK SZKOLNY

5	48 57.
6	06 15. 24 29 34 43. 52
7	01. 10 19 28. 37 46. 55
8	00 04 13. 22 31. 41 51
9	01. 11 22. 33 41 47
10	00. 13 26 39 52.
11	05 18 25 31 45. 58
12	11 24 37. 49
13	02 08 14 25. 36 46. 55
14	05 14. 23 33. 42 47 51
15	00. 09 18. 27 36 45. 54
16	03. 12 17 21 30. 39 48. 57
17	06 15. 24 33. 43 48 53
18	03. 15 27. 40 54
19	08 23 30 38. 55
20	09 24 38 55
21	13. 33 53
22	13

SOBOTA, ROK SZKOLNY

5	28. 56
6	08. 17 29 50.
7	00 12 22 33. 43 54
8	04 15. 25 36 54
9	07. 17 28 38 49. 59
10	10 22 33. 44 55
11	06 17. 28 39 50
12	01. 13 24 36 47. 59
13	10 22 34. 46 58
14	10 22. 34 46 59
15	11. 24 36 49
16	01. 14 26 39 51.
17	04 24 42.
18	02 18 33. 47
19	02 19. 32 47
20	01. 17 38. 55
21	09 32
22	03. 13

DZIEŃ ŚWIĄTECZNY, ROK SZKOLNY

5	54
6	23 37 53
7	11 29 47
8	05 27 45
9	05 21 39 56
10	15 33 51
11	09 27 45
12	03 21 39 57
13	15 33 51
14	09 27 45
15	04 21 39 57
16	15 32 51
17	16 34 52
18	12 24 45
19	03 21 48
20	13 39
21	05 32
22	18

WIELKANOC,BOŻE NARODZENIE,NOWY ROK

5	49
6	
7	01 46
8	33
9	17 54
10	47
11	27
12	10 56
13	39
14	28
15	14 56
16	44
17	38
18	18
19	01 44
20	
21	03
22	19

