MEŁGIEWSKA FS - MEŁGIEWSKA - GOSPODARCZA - ŁĘCZYŃSKA - FABRYCZNA - ZAMOJSKA - NARUTOWICZA - GŁĘBOKA - WILEŃSKA - B. M. CASSINO - ARMII KRAJOWEJ - JANA PAWŁA II - GRANITOWA - OS.PORĘBA

DZIEŃ POWSZEDNI, ROK SZKOLNY

5	
6	11 20. 29 41. 53 59
7	05 14. 23 32. 41 50 59.
8	08 17. 26 31 35 44. 53
9	02. 12 22 32. 42 53.
10	04 12 18 31. 44 57
11	10 23. 36 49 56
12	02 16. 29 42 55
13	08. 20 33 39 45 56.
14	07 19. 29 39 48. 57
15	07. 16 21 25 34. 43 52.
16	01 10 19. 28 37. 46 51 55
17	04. 13 22. 31 40 49. 58
18	07. 15 18 22 32. 44 56.
19	09 23 37 52 59
20	07. 24 38 53
21	07 24 42.
22	02 18 36

SOBOTA, ROK SZKOLNY

5	51.
6	20 32. 41 53
7	16. 30 42 52
8	03. 13 24 34 45. 55
9	06 24 37. 47 58
10	08 19. 29 40 52
11	03. 14 25 36 47. 58
12	09 20 31. 43 54
13	06 17. 29 40 52
14	04. 16 28 40 52.
15	04 16 29 41. 54
16	06 19 31. 44 56
17	09 21. 34 54
18	12. 31 47
19	02. 16 31 48.
20	01 16 30. 46
21	07. 24 38
22	01 26. 36

DZIEŃ ŚWIĄTECZNY, ROK SZKOLNY

5	
6	18 47
7	01 21 41 59
8	17 35 57
9	15 35 51
10	09 26 45
11	03 21 39 57
12	15 33 51
13	09 27 45
14	03 21 39 57
15	15 34 51
16	09 27 45
17	02 21 46
18	04 21 41 53
19	14 32 50
20	17 42
21	08 34
22	01 41

WIELKANOC,BOŻE NARODZENIE,NOWY ROK

5	
6	13
7	31
8	16
9	03 47
10	24
11	17 57
12	40
13	26
14	09 58
15	44
16	26
17	14
18	08 47
19	30
20	13
21	32
22	42

