MEŁGIEWSKA FS - MEŁGIEWSKA - GOSPODARCZA - ŁĘCZYŃSKA - FABRYCZNA - ZAMOJSKA - NARUTOWICZA - GŁĘBOKA - WILEŃSKA - B. M. CASSINO - ARMII KRAJOWEJ - JANA PAWŁA II - GRANITOWA - OS.PORĘBA

DZIEŃ POWSZEDNI, ROK SZKOLNY

5	
6	01 10. 19 28. 40 46 52
7	01. 10 19. 28 37 46. 55
8	04. 13 18 22 31. 40 49. 59
9	09 19. 29 40. 51 59
10	05 18. 31 44 57
11	10. 23 36 43 49
12	03. 16 29 42 55.
13	07 20 26 32 43. 54
14	05. 15 25 34. 43 53.
15	02 07 11 20. 29 38. 47 56
16	05. 14 23. 32 37 41 50. 59
17	08. 17 26 35. 44 53.
18	02 05 09 19. 31 43. 56
19	10 24 39 46 54.
20	11 25 40 54
21	11 29. 49
22	08 26

SOBOTA, ROK SZKOLNY

5	41.
6	09 21. 30 42
7	03. 17 29 39 50.
8	00 11 21 32. 42 53
9	11 24. 34 45 55
10	06. 16 27 39 50.
11	01 12 23 34. 45 56
12	07 18. 30 41 53
13	04. 16 27 39 51.
14	03 15 27 39. 51
15	03 16 28. 41 53
16	06 18. 31 43 56
17	08. 21 41 59.
18	18 34 49.
19	03 18 35. 48
20	03 17. 33 54.
21	11 25 48
22	16. 26

DZIEŃ ŚWIĄTECZNY, ROK SZKOLNY

5	
6	07 36 50
7	08 28 46
8	04 22 44
9	02 22 38 56
10	13 32 50
11	08 26 44
12	02 20 38 56
13	14 32 50
14	08 26 44
15	02 21 38 56
16	14 32 49
17	08 33 51
18	08 28 40
19	01 19 37
20	04 29 55
21	21 48
22	31

WIELKANOC,BOŻE NARODZENIE,NOWY ROK

5	
6	02
7	18
8	03 50
9	34
10	11
11	04 44
12	27
13	13 56
14	45
15	31
16	13
17	01 55
18	34
19	17
20	00
21	19
22	32

