MEŁGIEWSKA FS - MEŁGIEWSKA - GOSPODARCZA - ŁĘCZYŃSKA - FABRYCZNA - ZAMOJSKA - NARUTOWICZA - GŁĘBOKA - WILEŃSKA - B. M. CASSINO - ARMII KRAJOWEJ - JANA PAWŁA II - GRANITOWA - OS.PORĘBA

DZIEŃ POWSZEDNI, ROK SZKOLNY

5	58
6	07. 16 25. 37 43 49 58.
7	07 16. 25 34 43. 52
8	01. 10 15 19 28. 37 46. 56
9	06 16. 26 37. 48 56
10	02 15. 28 41 54
11	07. 20 33 40 46
12	00. 13 26 39 52.
13	04 17 23 29 40. 51
14	01. 11 21 30. 39 49. 58
15	03 07 16. 25 34. 43 52
16	01. 10 19. 28 33 37 46. 55
17	04. 13 22 31. 40 49. 59
18	02 06 16. 28 40. 53
19	07 21 36 43 51.
20	08 22 37 51
21	08 26. 46
22	05 23

SOBOTA, ROK SZKOLNY

5	38.
6	06 18. 27 39
7	00. 14 26 36 47. 57
8	08 18 29. 39 50
9	08 21. 31 42 52
10	03. 13 24 36 47. 58
11	09 20 31. 42 53
12	04 15. 27 38 50
13	01. 13 24 36 48.
14	00 12 24 36. 48
15	00 13 25. 38 50
16	03 15. 28 40 53
17	05. 18 38 56.
18	15 31 46.
19	00 15 32. 45
20	00 14. 30 51.
21	08 22 45
22	13. 23

DZIEŃ ŚWIĄTECZNY, ROK SZKOLNY

5	
6	04 33 47
7	05 25 43
8	01 19 41 59
9	19 35 53
10	10 29 47
11	05 23 41 59
12	17 35 53
13	11 29 47
14	05 23 41 59
15	18 35 53
16	11 29 46
17	05 30 48
18	05 25 37 58
19	16 34
20	01 26 52
21	18 45
22	28

WIELKANOC,BOŻE NARODZENIE,NOWY ROK

5	59
6	
7	15
8	00 47
9	31
10	08
11	01 41
12	24
13	10 53
14	42
15	28
16	10 58
17	52
18	31
19	14 57
20	
21	16
22	29

