MEŁGIEWSKA FS - MEŁGIEWSKA - GOSPODARCZA - ŁĘCZYŃSKA - FABRYCZNA - ZAMOJSKA - NARUTOWICZA - GŁĘBOKA - WILEŃSKA - B. M. CASSINO - ARMII KRAJOWEJ - JANA PAWŁA II - GRANITOWA - OS.PORĘBA

DZIEŃ POWSZEDNI, ROK SZKOLNY

5	45 54.
6	03 12. 21 26 30 39. 48 57.
7	06 15 24. 33 42. 51 56
8	00 09. 18 27. 37 47 57.
9	07 18. 29 37 43 56.
10	09 22 35 48.
11	01 14 21 27 41. 54
12	07 20 33. 45 58
13	04 10 21. 32 42. 51
14	01 10. 19 29. 38 43 47 56.
15	05 14. 23 32 41. 50 59.
16	08 13 17 26. 35 44. 53
17	02 11. 20 29. 39 44 49
18	00. 12 24. 37 51
19	05 20 27 35. 52
20	06 21 35 52
21	10. 30 50
22	10

SOBOTA, ROK SZKOLNY

5	25. 53
6	05. 14 26 47. 57
7	08 18 29. 39 50
8	00 11. 21 32 50
9	03. 13 24 34 45. 55
10	06 18 29. 40 51
11	02 13. 24 35 46 57.
12	09 20 32 43. 55
13	06 18 30. 42 54
14	06 18. 30 42 55
15	07. 20 32 45 57.
16	10 22 35 47.
17	00 20 38. 58
18	15 30. 44 59
19	16. 29 44 58.
20	14 35. 52
21	06 29
22	00. 10

DZIEŃ ŚWIĄTECZNY, ROK SZKOLNY

5	51
6	20 34 50
7	07 25 43
8	01 23 41
9	01 17 35 52
10	11 29 47
11	05 23 41 59
12	17 35 53
13	11 29 47
14	05 23 41
15	00 17 35 53
16	11 28 47
17	12 30 48
18	09 21 42
19	00 18 45
20	10 36
21	02 29
22	15

WIELKANOC,BOŻE NARODZENIE,NOWY ROK

5	46
6	58
7	42
8	29
9	13 50
10	43
11	23
12	06 52
13	35
14	24
15	10 52
16	40
17	34
18	15 58
19	41
20	
21	00
22	16

