MEŁGIEWSKA FS - MEŁGIEWSKA - GOSPODARCZA - ŁĘCZYŃSKA - FABRYCZNA - ZAMOJSKA - NARUTOWICZA - GŁĘBOKA - WILEŃSKA - B. M. CASSINO - ARMII KRAJOWEJ - JANA PAWŁA II - GRANITOWA - OS.PORĘBA

DZIEŃ POWSZEDNI, ROK SZKOLNY

5	55
6	04. 13 22. 31 37 43 52.
7	01 10. 19 28 37. 46 55.
8	04 09 13 22. 31 40. 50
9	00 10. 20 31. 42 50 56
10	09. 22 35 48
11	01. 14 27 34 40 54.
12	07 20 33 46. 58
13	11 17 23 34. 45 55.
14	04 14 23. 32 42. 51 56
15	00 09. 18 27. 36 45 54.
16	03 12. 21 26 30 39. 48 57.
17	06 15 24. 33 42. 52 57
18	02 12. 24 36. 49
19	03 17 32 39 47.
20	04 18 33 47
21	04 22. 42
22	02 20

SOBOTA, ROK SZKOLNY

5	35.
6	03 15. 24 36 57.
7	09 21 31 42. 52
8	03 13 24. 34 45
9	03 16. 26 37 47 58.
10	08 19 31 42. 53
11	04 15 26. 37 48 59
12	10. 22 33 45 56.
13	08 19 31 43. 55
14	07 19 31. 43 55
15	08 20. 33 45 58
16	10. 23 35 48
17	00. 13 33 51.
18	11 27 42. 56
19	11 28. 41 56
20	10. 26 47.
21	04 18 41
22	10. 20

DZIEŃ ŚWIĄTECZNY, ROK SZKOLNY

5	
6	01 30 44
7	00 20 38 56
8	14 36 54
9	14 30 48
10	05 24 42
11	00 18 36 54
12	12 30 48
13	06 24 42
14	00 18 36 54
15	13 30 48
16	06 24 41
17	00 25 43
18	01 21 33 54
19	12 30 57
20	22 48
21	14 41
22	25

WIELKANOC,BOŻE NARODZENIE,NOWY ROK

5	56
6	
7	10 55
8	42
9	26
10	03 56
11	36
12	19
13	05 48
14	37
15	23
16	05 53
17	47
18	27
19	10 53
20	
21	12
22	26

