MEŁGIEWSKA FS - MEŁGIEWSKA - GOSPODARCZA - ŁĘCZYŃSKA - FABRYCZNA - ZAMOJSKA - NARUTOWICZA - GŁĘBOKA - WILEŃSKA - B. M. CASSINO - ARMII KRAJOWEJ - JANA PAWŁA II - GRANITOWA - OS.PORĘBA

DZIEŃ POWSZEDNI, ROK SZKOLNY

5	56
6	05. 14 23. 34 40 46 55.
7	04 13. 22 31 40. 49 58.
8	07 12 16 25. 34 43. 53
9	03 13. 23 34. 45 53 59
10	12. 25 38 51
11	04. 17 30 37 43 57.
12	10 23 36 49.
13	01 14 20 26 37. 48 58.
14	07 17 26. 35 45. 54 59
15	03 12. 21 30. 39 48 57.
16	06 15. 24 29 33 42. 51
17	00. 09 18 27. 36 45. 55
18	00 04 14. 26 38. 51
19	05 19 34 41 49.
20	06 20 35 49
21	06 24. 44
22	03 21

SOBOTA, ROK SZKOLNY

5	36.
6	04 16. 25 37 58.
7	11 23 33 44. 54
8	05 15 26. 36 47
9	05 18. 28 39 49
10	00. 10 21 33 44. 55
11	06 17 28. 39 50
12	01 12. 24 35 47 58.
13	10 21 33 45. 57
14	09 21 33. 45 57
15	10 22. 35 47
16	00 12. 25 37 50
17	02. 15 35 53.
18	13 29 44. 58
19	13 30. 43 58
20	12. 28 49.
21	06 20 43
22	11. 21

DZIEŃ ŚWIĄTECZNY, ROK SZKOLNY

5	
6	02 31 45
7	02 22 40 58
8	16 38 56
9	16 32 50
10	07 26 44
11	02 20 38 56
12	14 32 50
13	08 26 44
14	02 20 38 56
15	15 32 50
16	08 26 43
17	02 27 45
18	03 23 35 56
19	14 32 59
20	24 50
21	16 43
22	26

WIELKANOC,BOŻE NARODZENIE,NOWY ROK

5	57
6	
7	12 57
8	44
9	28
10	05 58
11	38
12	21
13	07 50
14	39
15	25
16	07 55
17	49
18	29
19	12 55
20	
21	14
22	27

