MEŁGIEWSKA FS - MEŁGIEWSKA - GOSPODARCZA - ŁĘCZYŃSKA - FABRYCZNA - ZAMOJSKA - NARUTOWICZA - GŁĘBOKA - WILEŃSKA - B. M. CASSINO - ARMII KRAJOWEJ - JANA PAWŁA II - GRANITOWA - OS.PORĘBA

DZIEŃ POWSZEDNI, ROK SZKOLNY

5	49 58.
6	07 16. 25 30 36 45. 54
7	03. 12 21 30. 39 48. 57
8	02 06 15. 24 33. 43 53
9	03. 13 24. 35 43 49
10	02. 15 28 41 54.
11	07 20 27 33 47.
12	00 13 26 39. 51
13	04 10 16 27. 38 48. 57
14	07 16. 25 35. 44 49 53
15	02. 11 20. 29 38 47. 56
16	05. 14 19 23 32. 41 50. 59
17	08 17. 26 35. 45 50 55
18	05. 17 29. 42 56
19	10 25 32 40. 57
20	11 26 40 57
21	15. 35 55
22	14

SOBOTA, ROK SZKOLNY

5	29. 57
6	09. 18 30 51.
7	02 14 24 35. 45 56
8	06 17. 27 38 56
9	09. 19 30 40 51.
10	01 12 24 35. 46 57
11	08 19. 30 41 52
12	03. 15 26 38 49.
13	01 12 24 36. 48
14	00 12 24. 36 48
15	01 13. 26 38 51
16	03. 16 28 41 53.
17	06 26 44.
18	04 20 35. 49
19	04 21. 34 49
20	03. 19 40. 57
21	11 34
22	04. 14

DZIEŃ ŚWIĄTECZNY, ROK SZKOLNY

5	55
6	24 38 54
7	13 31 49
8	07 29 47
9	07 23 41 58
10	17 35 53
11	11 29 47
12	05 23 41 59
13	17 35 53
14	11 29 47
15	06 23 41 59
16	17 34 53
17	18 36 54
18	14 26 47
19	05 23 50
20	15 41
21	07 34
22	19

WIELKANOC,BOŻE NARODZENIE,NOWY ROK

5	50
6	
7	03 48
8	35
9	19 56
10	49
11	29
12	12 58
13	41
14	30
15	16 58
16	46
17	40
18	20
19	03 46
20	
21	05
22	20

