MEŁGIEWSKA FS - MEŁGIEWSKA - GOSPODARCZA - ŁĘCZYŃSKA - FABRYCZNA - ZAMOJSKA - NARUTOWICZA - GŁĘBOKA - WILEŃSKA - B. M. CASSINO - ARMII KRAJOWEJ - JANA PAWŁA II - GRANITOWA - OS.PORĘBA

DZIEŃ POWSZEDNI, ROK SZKOLNY

5	50 59.
6	08 17. 26 31 37 46. 55
7	04. 13 22 31. 40 49. 58
8	03 07 16. 25 34. 44 54
9	04. 14 25. 36 44 50
10	03. 16 29 42 55.
11	08 21 28 34 48.
12	01 14 27 40. 52
13	05 11 17 28. 39 49. 58
14	08 17. 26 36. 45 50 54
15	03. 12 21. 30 39 48. 57
16	06. 15 20 24 33. 42 51.
17	00 09 18. 27 36. 46 51 56
18	06. 18 30. 43 57
19	11 26 33 41. 58
20	12 27 41 58
21	16. 36 56
22	15

SOBOTA, ROK SZKOLNY

5	30. 58
6	10. 19 31 52.
7	03 15 25 36. 46 57
8	07 18. 28 39 57
9	10. 20 31 41 52.
10	02 13 25 36. 47 58
11	09 20. 31 42 53
12	04. 16 27 39 50.
13	02 13 25 37. 49
14	01 13 25. 37 49
15	02 14. 27 39 52
16	04. 17 29 42 54.
17	07 27 45.
18	05 21 36. 50
19	05 22. 35 50
20	04. 20 41. 58
21	12 35
22	05. 15

DZIEŃ ŚWIĄTECZNY, ROK SZKOLNY

5	56
6	25 39 55
7	14 32 50
8	08 30 48
9	08 24 42 59
10	18 36 54
11	12 30 48
12	06 24 42
13	00 18 36 54
14	12 30 48
15	07 24 42
16	00 18 35 54
17	19 37 55
18	15 27 48
19	06 24 51
20	16 42
21	08 35
22	20

WIELKANOC,BOŻE NARODZENIE,NOWY ROK

5	51
6	
7	04 49
8	36
9	20 57
10	50
11	30
12	13 59
13	42
14	31
15	17 59
16	47
17	41
18	21
19	04 47
20	
21	06
22	21

