MAJDANEK - DROGA M. MAJDANKA - FABRYCZNA - AL. ZYGMUNTOWSKIE - AL. PIŁSUDSKIEGO - GŁĘBOKA - FILARETÓW - ZANA - B. M. CASSINO - ARMII KRAJOWEJ - ORKANA - AL. KRAŚNICKA - WĘGLIN

DZIEŃ POWSZEDNI, ROK SZKOLNY

5	18 38 58
6	18 40
7	00 20 40
8	00 20 40
9	05 25 45
10	05 25 45
11	05 25 45
12	05 25 45
13	05 25 45
14	00 20 40
15	00 20 40
16	00 20 40
17	04 24 44 58
18	19 39
19	01 19 39 59
20	17 47
21	17 47
22	22

SOBOTA, ROK SZKOLNY

5	17 47
6	18 38 58
7	15 35 55
8	15 35 55
9	15 35 55
10	15 35 55
11	16 36 56
12	16 36 56
13	16 36 56
14	16 36 56
15	15 35 55
16	15 35 55
17	15 35 55
18	15 35 55
19	15 35 55
20	17 47
21	17 47
22	17

DZIEŃ ŚWIĄTECZNY, ROK SZKOLNY

5	17 47
6	17 47
7	17 47
8	17 47
9	17 47
10	17 47
11	16 36 56
12	16 36 56
13	16 36 56
14	16 36 56
15	16 36 56
16	15 35 55
17	15 35 55
18	15 35 55
19	15 35 55
20	17 47
21	17 47
22	17

WSZYSTKICH ŚWIĘTYCH

5	17 47
6	17 47
7	17 47
8	17 47 58
9	17 28 47 58
10	17 28 47 58
11	16 27 36 47 56
12	07 16 27 36 47 56
13	07 16 27 36 47 56
14	07 16 27 36 47 56
15	07 16 27 36 47 56
16	06 15 26 35 46 55
17	06 15 35 55
18	15 26 35 55
19	15 35 55
20	17 47
21	17 47
22	17

WIGILIA I SYLWESTER

5	18 38 58
6	18 40
7	00 20 40
8	00 20 40
9	05 25 45
10	05 25 45
11	05 25 45
12	05 25 45
13	05 25 45
14	00 20 40
15	00 20 40
16	00 20 40
17	04 24 44 58
18	19 39
19	01
20	
21	
22	

WIELKANOC,BOŻE NARODZENIE,NOWY ROK

5	
6	19
7	04 49
8	44
9	30
10	15 59
11	45
12	30
13	15
14	00 45
15	30
16	14 59
17	54
18	40
19	25
20	09 54
21	39
22	24

