MAJDANEK - DROGA M. MAJDANKA - FABRYCZNA - AL. ZYGMUNTOWSKIE - AL. PIŁSUDSKIEGO - GŁĘBOKA - FILARETÓW - ZANA - B. M. CASSINO - ARMII KRAJOWEJ - ORKANA - AL. KRAŚNICKA - WĘGLIN

DZIEŃ POWSZEDNI, ROK SZKOLNY

5	14 34 54
6	14 35 55
7	15 35 55
8	15 35
9	00 20 40
10	00 20 40
11	00 20 40
12	00 20 40
13	00 20 40 55
14	15 35 55
15	15 35 55
16	15 35 59
17	19 39 53
18	14 34 56
19	14 34 54
20	13 43
21	13 43
22	18

SOBOTA, ROK SZKOLNY

5	13 43
6	14 34 54
7	11 31 51
8	11 31 51
9	11 31 51
10	11 31 51
11	11 31 51
12	11 31 51
13	11 31 51
14	11 31 51
15	11 31 51
16	11 31 51
17	11 31 51
18	11 31 51
19	11 31 51
20	13 43
21	13 43
22	13

DZIEŃ ŚWIĄTECZNY, ROK SZKOLNY

5	13 43
6	13 43
7	13 43
8	13 43
9	13 43
10	13 43
11	11 31 51
12	11 31 51
13	11 31 51
14	11 31 51
15	11 31 51
16	11 31 51
17	11 31 51
18	11 31 51
19	11 31 51
20	13 43
21	13 43
22	13

WSZYSTKICH ŚWIĘTYCH

5	13 43
6	13 43
7	13 43
8	13 43 54
9	13 24 43 54
10	13 24 43 54
11	11 22 31 42 51
12	02 11 22 31 42 51
13	02 11 22 31 42 51
14	02 11 22 31 42 51
15	02 11 22 31 42 51
16	02 11 22 31 42 51
17	02 11 31 51
18	11 22 31 51
19	11 31 51
20	13 43
21	13 43
22	13

WIGILIA I SYLWESTER

5	14 34 54
6	14 35 55
7	15 35 55
8	15 35
9	00 20 40
10	00 20 40
11	00 20 40
12	00 20 40
13	00 20 40 55
14	15 35 55
15	15 35 55
16	15 35 59
17	19 39 53
18	14 34 56
19	
20	
21	
22	

WIELKANOC,BOŻE NARODZENIE,NOWY ROK

5	
6	15
7	00 45
8	40
9	26
10	11 55
11	40
12	25
13	10 55
14	40
15	25
16	10 55
17	50
18	36
19	21
20	05 50
21	35
22	20

