MAJDANEK - DROGA M. MAJDANKA - FABRYCZNA - AL. ZYGMUNTOWSKIE - AL. PIŁSUDSKIEGO - GŁĘBOKA - FILARETÓW - ZANA - B. M. CASSINO - ARMII KRAJOWEJ - ORKANA - AL. KRAŚNICKA - WĘGLIN

DZIEŃ POWSZEDNI, ROK SZKOLNY

5	16 36 56
6	16 38 58
7	18 38 58
8	18 38
9	03 23 43
10	03 23 43
11	03 23 43
12	03 23 43
13	03 23 43 58
14	18 38 58
15	18 38 58
16	18 38
17	02 22 42 56
18	17 37 59
19	17 37 57
20	15 45
21	15 45
22	20

SOBOTA, ROK SZKOLNY

5	15 45
6	16 36 56
7	13 33 53
8	13 33 53
9	13 33 53
10	13 33 53
11	14 34 54
12	14 34 54
13	14 34 54
14	14 34 54
15	13 33 53
16	13 33 53
17	13 33 53
18	13 33 53
19	13 33 53
20	15 45
21	15 45
22	15

DZIEŃ ŚWIĄTECZNY, ROK SZKOLNY

5	15 45
6	15 45
7	15 45
8	15 45
9	15 45
10	15 45
11	14 34 54
12	14 34 54
13	14 34 54
14	14 34 54
15	14 34 54
16	13 33 53
17	13 33 53
18	13 33 53
19	13 33 53
20	15 45
21	15 45
22	15

WSZYSTKICH ŚWIĘTYCH

5	15 45
6	15 45
7	15 45
8	15 45 56
9	15 26 45 56
10	15 26 45 56
11	14 25 34 45 54
12	05 14 25 34 45 54
13	05 14 25 34 45 54
14	05 14 25 34 45 54
15	05 14 25 34 45 54
16	04 13 24 33 44 53
17	04 13 33 53
18	13 24 33 53
19	13 33 53
20	15 45
21	15 45
22	15

WIGILIA I SYLWESTER

5	16 36 56
6	16 38 58
7	18 38 58
8	18 38
9	03 23 43
10	03 23 43
11	03 23 43
12	03 23 43
13	03 23 43 58
14	18 38 58
15	18 38 58
16	18 38
17	02 22 42 56
18	17 37 59
19	
20	
21	
22	

WIELKANOC,BOŻE NARODZENIE,NOWY ROK

5	
6	17
7	02 47
8	42
9	28
10	13 57
11	43
12	28
13	13 58
14	43
15	28
16	12 57
17	52
18	38
19	23
20	07 52
21	37
22	22

