MAJDANEK - DROGA M. MAJDANKA - FABRYCZNA - AL. ZYGMUNTOWSKIE - AL. PIŁSUDSKIEGO - GŁĘBOKA - FILARETÓW - ZANA - B. M. CASSINO - ARMII KRAJOWEJ - ORKANA - AL. KRAŚNICKA - WĘGLIN

DZIEŃ POWSZEDNI, ROK SZKOLNY

5	30 50
6	10 30 56
7	16 36 56
8	16 36 56
9	19 39 59
10	19 39 59
11	19 39 59
12	19 39 59
13	19 39 59
14	21 41
15	01 21 41
16	01 21 41
17	01 19 39 59
18	13 34 54
19	16 34 54
20	12 29 59
21	29 59
22	34

SOBOTA, ROK SZKOLNY

5	29 59
6	30 50
7	10 27 47
8	07 27 47
9	07 27 47
10	07 27 47
11	08 29 49
12	09 29 49
13	09 29 49
14	09 29 49
15	08 27 47
16	07 27 47
17	07 27 47
18	07 27 47
19	07 27 47
20	07 29 59
21	29 59
22	29

DZIEŃ ŚWIĄTECZNY, ROK SZKOLNY

5	29 59
6	29 59
7	29 59
8	29 59
9	29 59
10	29 59
11	28 48
12	08 28 48
13	08 28 48
14	08 28 48
15	08 28 48
16	08 27 47
17	07 27 47
18	07 27 47
19	07 27 47
20	07 29 59
21	29 59
22	29

WSZYSTKICH ŚWIĘTYCH

5	29 59
6	29 59
7	29 59
8	29 59
9	10 29 40 59
10	10 29 40 59
11	10 28 39 48 59
12	08 19 28 39 48 59
13	08 19 28 39 48 59
14	08 19 28 39 48 59
15	08 19 28 39 48 59
16	08 18 27 38 47 58
17	07 18 27 47
18	07 27 38 47
19	07 27 47
20	07 29 59
21	29 59
22	29

WIGILIA I SYLWESTER

5	30 50
6	10 30 56
7	16 36 56
8	16 36 56
9	19 39 59
10	19 39 59
11	19 39 59
12	19 39 59
13	19 39 59
14	21 41
15	01 21 41
16	01 21 41
17	01 19 39 59
18	13 34 54
19	16
20	
21	
22	

WIELKANOC,BOŻE NARODZENIE,NOWY ROK

5	
6	31
7	16
8	01 56
9	42
10	27
11	11 57
12	42
13	27
14	12 57
15	42
16	26
17	11
18	06 52
19	37
20	21
21	06 51
22	36

