MAJDANEK - DROGA M. MAJDANKA - FABRYCZNA - AL. ZYGMUNTOWSKIE - AL. PIŁSUDSKIEGO - GŁĘBOKA - FILARETÓW - ZANA - B. M. CASSINO - ARMII KRAJOWEJ - ORKANA - AL. KRAŚNICKA - WĘGLIN

DZIEŃ POWSZEDNI, ROK SZKOLNY

5	27 47
6	07 27 53
7	13 33 53
8	13 33 53
9	16 36 56
10	16 36 56
11	16 36 56
12	16 36 56
13	16 36 56
14	15 35 55
15	15 35 55
16	15 35 55
17	15 35 55
18	09 30 50
19	12 30 50
20	09 26 56
21	26 56
22	31

SOBOTA, ROK SZKOLNY

5	26 56
6	27 47
7	07 24 44
8	04 24 44
9	04 24 44
10	04 24 44
11	05 26 46
12	06 26 46
13	06 26 46
14	06 26 46
15	05 24 44
16	04 24 44
17	04 24 44
18	04 24 44
19	04 24 44
20	04 26 56
21	26 56
22	26

DZIEŃ ŚWIĄTECZNY, ROK SZKOLNY

5	26 56
6	26 56
7	26 56
8	26 56
9	26 56
10	26 56
11	25 45
12	05 25 45
13	05 25 45
14	05 25 45
15	05 25 45
16	05 24 44
17	04 24 44
18	04 24 44
19	04 24 44
20	04 26 56
21	26 56
22	26

WSZYSTKICH ŚWIĘTYCH

5	26 56
6	26 56
7	26 56
8	26 56
9	07 26 37 56
10	07 26 37 56
11	07 25 36 45 56
12	05 16 25 36 45 56
13	05 16 25 36 45 56
14	05 16 25 36 45 56
15	05 16 25 36 45 56
16	05 15 24 35 44 55
17	04 15 24 44
18	04 24 35 44
19	04 24 44
20	04 26 56
21	26 56
22	26

WIGILIA I SYLWESTER

5	27 47
6	07 27 53
7	13 33 53
8	13 33 53
9	16 36 56
10	16 36 56
11	16 36 56
12	16 36 56
13	16 36 56
14	15 35 55
15	15 35 55
16	15 35 55
17	15 35 55
18	09 30 50
19	12
20	
21	
22	

WIELKANOC,BOŻE NARODZENIE,NOWY ROK

5	
6	28
7	13 58
8	53
9	39
10	24
11	08 54
12	39
13	24
14	09 54
15	39
16	23
17	08
18	03 49
19	34
20	18
21	03 48
22	33

