MAJDANEK - DROGA M. MAJDANKA - FABRYCZNA - AL. ZYGMUNTOWSKIE - AL. PIŁSUDSKIEGO - GŁĘBOKA - FILARETÓW - ZANA - B. M. CASSINO - ARMII KRAJOWEJ - ORKANA - AL. KRAŚNICKA - WĘGLIN

DZIEŃ POWSZEDNI, ROK SZKOLNY

5	28 48
6	08 28 54
7	14 34 54
8	14 34 54
9	17 37 57
10	17 37 57
11	17 37 57
12	17 37 57
13	17 37 57
14	16 36 56
15	16 36 56
16	16 36 56
17	16 36 56
18	10 31 51
19	13 31 51
20	10 27 57
21	27 57
22	32

SOBOTA, ROK SZKOLNY

5	27 57
6	28 48
7	08 25 45
8	05 25 45
9	05 25 45
10	05 25 45
11	06 27 47
12	07 27 47
13	07 27 47
14	07 27 47
15	06 25 45
16	05 25 45
17	05 25 45
18	05 25 45
19	05 25 45
20	05 27 57
21	27 57
22	27

DZIEŃ ŚWIĄTECZNY, ROK SZKOLNY

5	27 57
6	27 57
7	27 57
8	27 57
9	27 57
10	27 57
11	26 46
12	06 26 46
13	06 26 46
14	06 26 46
15	06 26 46
16	06 25 45
17	05 25 45
18	05 25 45
19	05 25 45
20	05 27 57
21	27 57
22	27

WSZYSTKICH ŚWIĘTYCH

5	27 57
6	27 57
7	27 57
8	27 57
9	08 27 38 57
10	08 27 38 57
11	08 26 37 46 57
12	06 17 26 37 46 57
13	06 17 26 37 46 57
14	06 17 26 37 46 57
15	06 17 26 37 46 57
16	06 16 25 36 45 56
17	05 16 25 45
18	05 25 36 45
19	05 25 45
20	05 27 57
21	27 57
22	27

WIGILIA I SYLWESTER

5	28 48
6	08 28 54
7	14 34 54
8	14 34 54
9	17 37 57
10	17 37 57
11	17 37 57
12	17 37 57
13	17 37 57
14	16 36 56
15	16 36 56
16	16 36 56
17	16 36 56
18	10 31 51
19	13
20	
21	
22	

WIELKANOC,BOŻE NARODZENIE,NOWY ROK

5	
6	29
7	14 59
8	54
9	40
10	25
11	09 55
12	40
13	25
14	10 55
15	40
16	24
17	09
18	04 50
19	35
20	19
21	04 49
22	34

