MAJDANEK - DROGA M. MAJDANKA - FABRYCZNA - AL. ZYGMUNTOWSKIE - AL. PIŁSUDSKIEGO - GŁĘBOKA - FILARETÓW - ZANA - B. M. CASSINO - ARMII KRAJOWEJ - ORKANA - AL. KRAŚNICKA - WĘGLIN

DZIEŃ POWSZEDNI, ROK SZKOLNY

5	43
6	03 23 43
7	09 29 49
8	09 29 49
9	09 32 52
10	12 32 52
11	12 32 52
12	12 32 52
13	12 32 52
14	12 34 54
15	14 34 54
16	14 34 54
17	14 32 52
18	12 26 47
19	07 29 47
20	07 25 42
21	12 42
22	12 47

SOBOTA, ROK SZKOLNY

5	42
6	12 43
7	03 23 40
8	00 20 40
9	00 20 40
10	00 20 40
11	00 21 42
12	02 22 42
13	02 22 42
14	02 22 42
15	02 21 40
16	00 20 40
17	00 20 40
18	00 20 40
19	00 20 40
20	00 20 42
21	12 42
22	12 42

DZIEŃ ŚWIĄTECZNY, ROK SZKOLNY

5	42
6	12 42
7	12 42
8	12 42
9	12 42
10	12 42
11	12 41
12	01 21 41
13	01 21 41
14	01 21 41
15	01 21 41
16	01 21 40
17	00 20 40
18	00 20 40
19	00 20 40
20	00 20 42
21	12 42
22	12 42

WSZYSTKICH ŚWIĘTYCH

5	42
6	12 42
7	12 42
8	12 42
9	12 23 42 53
10	12 23 42 53
11	12 23 41 52
12	01 12 21 32 41 52
13	01 12 21 32 41 52
14	01 12 21 32 41 52
15	01 12 21 32 41 52
16	01 12 21 31 40 51
17	00 11 20 31 40
18	00 20 40 51
19	00 20 40
20	00 20 42
21	12 42
22	12 42

WIGILIA I SYLWESTER

5	43
6	03 23 43
7	09 29 49
8	09 29 49
9	09 32 52
10	12 32 52
11	12 32 52
12	12 32 52
13	12 32 52
14	12 34 54
15	14 34 54
16	14 34 54
17	14 32 52
18	12 26 47
19	07 29
20	
21	
22	

WIELKANOC,BOŻE NARODZENIE,NOWY ROK

5	
6	44
7	29
8	14
9	09 55
10	40
11	24
12	10 55
13	40
14	25
15	10 55
16	39
17	24
18	19
19	05 50
20	34
21	19
22	04 49

