MAJDANEK - DROGA M. MAJDANKA - FABRYCZNA - AL. ZYGMUNTOWSKIE - AL. PIŁSUDSKIEGO - GŁĘBOKA - FILARETÓW - ZANA - B. M. CASSINO - ARMII KRAJOWEJ - ORKANA - AL. KRAŚNICKA - WĘGLIN

DZIEŃ POWSZEDNI, ROK SZKOLNY

5	33 53
6	13 33 59
7	19 39 59
8	19 39 59
9	22 42
10	02 22 42
11	02 22 42
12	02 22 42
13	02 22 42
14	02 24 44
15	04 24 44
16	04 24 44
17	04 22 42
18	02 16 37 57
19	19 37 57
20	15 32
21	02 32
22	02 37

SOBOTA, ROK SZKOLNY

5	32
6	02 33 53
7	13 30 50
8	10 30 50
9	10 30 50
10	10 30 50
11	11 32 52
12	12 32 52
13	12 32 52
14	12 32 52
15	11 30 50
16	10 30 50
17	10 30 50
18	10 30 50
19	10 30 50
20	10 32
21	02 32
22	02 32

DZIEŃ ŚWIĄTECZNY, ROK SZKOLNY

5	32
6	02 32
7	02 32
8	02 32
9	02 32
10	02 32
11	02 31 51
12	11 31 51
13	11 31 51
14	11 31 51
15	11 31 51
16	11 30 50
17	10 30 50
18	10 30 50
19	10 30 50
20	10 32
21	02 32
22	02 32

WSZYSTKICH ŚWIĘTYCH

5	32
6	02 32
7	02 32
8	02 32
9	02 13 32 43
10	02 13 32 43
11	02 13 31 42 51
12	02 11 22 31 42 51
13	02 11 22 31 42 51
14	02 11 22 31 42 51
15	02 11 22 31 42 51
16	02 11 21 30 41 50
17	01 10 21 30 50
18	10 30 41 50
19	10 30 50
20	10 32
21	02 32
22	02 32

WIGILIA I SYLWESTER

5	33 53
6	13 33 59
7	19 39 59
8	19 39 59
9	22 42
10	02 22 42
11	02 22 42
12	02 22 42
13	02 22 42
14	02 24 44
15	04 24 44
16	04 24 44
17	04 22 42
18	02 16 37 57
19	19
20	
21	
22	

WIELKANOC,BOŻE NARODZENIE,NOWY ROK

5	
6	34
7	19
8	04 59
9	45
10	30
11	14
12	00 45
13	30
14	15
15	00 45
16	29
17	14
18	09 55
19	40
20	24
21	09 54
22	39

