SŁAWINKOWSKA - SŁAWINKOWSKA - ZBOŻOWA - AL. WARSZAWSKA - AL. RACŁAWICKIE - KRAKOWSKIE PRZEDMIEŚCIE - 3 MAJA - AL. TYSIĄCLECIA - PODZAMCZE - AL. SPÓŁDZIELCZOŚCI PRACY - ZWIĄZKOWA - CHOINY - PADEREWSKIEGO

DZIEŃ POWSZEDNI, ROK SZKOLNY

5	11 34. 43 55
6	09 19 26. 34 44 57.
7	10 24. 37 49 56
8	12 20. 28 38 48.
9	03 16. 28 40 57
10	04 12. 20 28 41. 52
11	06. 19 31 41 52
12	01. 10 21 34. 45 53.
13	03 17 28 41 50. 59
14	09 19. 33 41. 54
15	03 18 29 37. 45 54
16	05. 22 35. 42
17	00 13 28 37. 47 57
18	07. 17 27. 39 56
19	13 21. 30 38. 54
20	11. 25 42
21	08 27. 46
22	07 31

SOBOTA, ROK SZKOLNY

5	33
6	04 19 35. 56
7	19 36
8	00 15. 45
9	08 31 52
10	14. 36 58
11	20 43
12	11. 21 51
13	14 34
14	00. 17 35 56
15	15 37.
16	02 21 44
17	03 23. 48
18	09 28 43
19	06. 25 45
20	07 33. 56
21	23 46
22	25

DZIEŃ ŚWIĄTECZNY, ROK SZKOLNY

5	35 58
6	28
7	00 33
8	07 42
9	23 54
10	36
11	05 40
12	15 50
13	22
14	00 35
15	09 44
16	22
17	00 39
18	15 41
19	16 51
20	26
21	01 30
22	23

WIELKANOC,BOŻE NARODZENIE,NOWY ROK

5	35
6	
7	00 45
8	46
9	35
10	30
11	17
12	15
13	05
14	00 50
15	45
16	35
17	35
18	23
19	13 58
20	43
21	28
22	

