SŁAWINKOWSKA - SŁAWINKOWSKA - ZBOŻOWA - AL. WARSZAWSKA - AL. RACŁAWICKIE - KRAKOWSKIE PRZEDMIEŚCIE - 3 MAJA - AL. TYSIĄCLECIA - PODZAMCZE - AL. SPÓŁDZIELCZOŚCI PRACY - ZWIĄZKOWA - CHOINY - PADEREWSKIEGO

DZIEŃ POWSZEDNI, ROK SZKOLNY

5	17 40. 49
6	01 15 25 34. 44 54
7	07. 20 34. 47 59
8	06 22 30. 38 48 58.
9	13 26. 38 50
10	07 14 22. 30 38 51.
11	02 16. 29 41 51
12	02 11. 20 31 44. 55
13	03. 13 27 38 51
14	00. 11 22 32. 46 54.
15	07 16 31 42 50. 58
16	07 18. 35 48. 55
17	13 26 41 50.
18	00 06 15. 25 35. 47
19	04 21 29. 38 46.
20	02 19. 33 50
21	16 35. 54
22	14 38

SOBOTA, ROK SZKOLNY

5	39
6	10 25 41.
7	04 29 46
8	10 25. 55
9	18 41
10	02 24. 46
11	08 30 53
12	21. 31
13	01 24 44
14	10. 27 45
15	06 25 47.
16	12 31 54
17	13 33. 58
18	17 36 51
19	14. 33 53
20	15 41.
21	04 31 54
22	31

DZIEŃ ŚWIĄTECZNY, ROK SZKOLNY

5	41
6	04 34
7	10 43
8	17 52
9	33
10	04 46
11	15 50
12	25
13	00 32
14	10 45
15	19 54
16	32
17	10 49
18	23 49
19	24 59
20	34
21	09 38
22	29

WIELKANOC,BOŻE NARODZENIE,NOWY ROK

5	41
6	
7	10 55
8	56
9	45
10	40
11	27
12	25
13	15
14	10
15	00 55
16	45
17	45
18	31
19	21
20	06 51
21	36
22	

