SŁAWINKOWSKA - SŁAWINKOWSKA - ZBOŻOWA - AL. WARSZAWSKA - AL. RACŁAWICKIE - KRAKOWSKIE PRZEDMIEŚCIE - 3 MAJA - AL. TYSIĄCLECIA - PODZAMCZE - AL. SPÓŁDZIELCZOŚCI PRACY - ZWIĄZKOWA - CHOINY - PADEREWSKIEGO

DZIEŃ POWSZEDNI, ROK SZKOLNY

4	57
5	20. 29 41 55
6	05 12. 19 26 37. 50
7	04. 17 29 36 52
8	00. 08 18 28. 43 56.
9	08 20 37 44 52.
10	00 08 21. 32 46. 59
11	11 21 32 41. 50
12	01 14. 25 33. 43 57
13	08 21 30. 39 48 58.
14	12 20. 33 42 57
15	08 16. 24 33 44.
16	01 14. 21 39 52
17	07 16. 26 36 48.
18	00 10. 22 39 56
19	04. 13 21. 37 54.
20	08 25 51
21	10. 29 51
22	17

SOBOTA, ROK SZKOLNY

4	
5	19 50
6	05 21. 42
7	00 17 41 56.
8	26 49
9	12 33 55.
10	17 39
11	01 24 52.
12	02 32 55
13	15 41. 58
14	16 37 56
15	18. 43
16	02 25 44
17	04. 29 51
18	11 26 49.
19	08 28 50
20	16. 39
21	06 29
22	11

DZIEŃ ŚWIĄTECZNY, ROK SZKOLNY

4	
5	21 44
6	14 46
7	14 48
8	23
9	04 35
10	17 46
11	21 56
12	31
13	03 41
14	16 50
15	25
16	03 41
17	20 58
18	24 59
19	34
20	09 44
21	13
22	09

WIELKANOC,BOŻE NARODZENIE,NOWY ROK

4	
5	21
6	46
7	26
8	27
9	16
10	11 58
11	56
12	46
13	41
14	31
15	26
16	16
17	16
18	06 56
19	41
20	26
21	11
22	

