SŁAWINKOWSKA - SŁAWINKOWSKA - ZBOŻOWA - AL. WARSZAWSKA - AL. RACŁAWICKIE - KRAKOWSKIE PRZEDMIEŚCIE - 3 MAJA - AL. TYSIĄCLECIA - PODZAMCZE - AL. SPÓŁDZIELCZOŚCI PRACY - ZWIĄZKOWA - CHOINY - PADEREWSKIEGO

DZIEŃ POWSZEDNI, ROK SZKOLNY

5	26 49. 58
6	10 24 35 45. 55
7	05 18. 31 45. 58
8	10 17 33 41. 49 59
9	09. 24 37. 49
10	01 18 25 33. 41 49
11	02. 13 27. 40 52
12	02 13 22. 31 42 55.
13	06 14. 24 38 49
14	02 12. 23 34 44. 58
15	06. 19 28 43 54
16	02. 10 19 30. 47
17	00. 07 25 38 53
18	02. 10 16 25. 35 45. 57
19	14 31 39. 48 56.
20	12 29. 43
21	00 26 45.
22	04 23 47

SOBOTA, ROK SZKOLNY

5	48
6	19 34 50.
7	15 40 57
8	21 36.
9	06 29 52
10	13 35. 57
11	19 41
12	04 32. 42
13	12 35 55
14	21. 38 56
15	17 36 58.
16	23 42
17	05 24 44.
18	08 27 46
19	01 24. 43
20	03 25 51.
21	14 41
22	04 40

DZIEŃ ŚWIĄTECZNY, ROK SZKOLNY

5	50
6	13 43
7	21 54
8	28
9	03 44
10	15 57
11	26
12	01 36
13	11 43
14	21 56
15	30
16	05 43
17	21
18	00 33 59
19	34
20	09 44
21	19 48
22	38

WIELKANOC,BOŻE NARODZENIE,NOWY ROK

5	50
6	
7	21
8	06
9	07 56
10	51
11	38
12	36
13	26
14	21
15	11
16	06 56
17	56
18	41
19	31
20	16
21	01 46
22	

