MEŁGIEWSKA FS - MEŁGIEWSKA - GOSPODARCZA - ŁĘCZYŃSKA - FABRYCZNA - ZAMOJSKA - NARUTOWICZA - GŁĘBOKA - WILEŃSKA - B. M. CASSINO - ARMII KRAJOWEJ - JANA PAWŁA II - GRANITOWA - OS.PORĘBA

DZIEŃ POWSZEDNI, ROK SZKOLNY

5	
6	08 17. 26 38. 50 56
7	02 11. 20 29. 38 47 56.
8	05 14. 23 28 32 41. 50 59.
9	09 19 29. 39 50.
10	01 09 15 28. 41 54
11	07 20. 33 46 53 59
12	13. 26 39 52
13	05. 17 30 36 42 53.
14	04 16. 26 36 45. 54
15	04. 13 18 22 31. 40 49. 58
16	07 16. 25 34. 43 48 52
17	01. 10 19. 28 37 46. 55
18	04. 12 15 19 29. 41 53.
19	06 20 34 49 56
20	04. 21 35 50
21	04 21 39. 59
22	15 33

SOBOTA, ROK SZKOLNY

5	48.
6	17 29. 38 50
7	13. 27 39 49
8	00. 10 21 31 42. 52
9	03 21 34. 44 55
10	05 16. 26 37 49
11	00. 11 22 33 44. 55
12	06 17 28. 40 51
13	03 14. 26 37 49
14	01. 13 25 37 49.
15	01 13 26 38. 51
16	03 16 28. 41 53
17	06 18. 31 51
18	09. 28 44 59.
19	13 28 45. 58
20	13 27. 43
21	04. 21 35 58
22	23. 33

DZIEŃ ŚWIĄTECZNY, ROK SZKOLNY

5	
6	15 44 58
7	18 38 56
8	14 32 54
9	12 32 48
10	06 23 42
11	00 18 36 54
12	12 30 48
13	06 24 42
14	00 18 36 54
15	12 31 48
16	06 24 42 59
17	18 43
18	01 18 38 50
19	11 29 47
20	14 39
21	05 31 58
22	38

WIELKANOC,BOŻE NARODZENIE,NOWY ROK

5	
6	10
7	28
8	13
9	00 44
10	21
11	14 54
12	37
13	23
14	06 55
15	41
16	23
17	11
18	05 44
19	27
20	10
21	29
22	39

