MEŁGIEWSKA FS - MEŁGIEWSKA - GOSPODARCZA - ŁĘCZYŃSKA - FABRYCZNA - ZAMOJSKA - NARUTOWICZA - GŁĘBOKA - WILEŃSKA - B. M. CASSINO - ARMII KRAJOWEJ - JANA PAWŁA II - GRANITOWA - OS.PORĘBA

DZIEŃ POWSZEDNI, ROK SZKOLNY

5	51
6	00. 09 18. 27 32 38 47. 56
7	05. 14 23 32. 41 50. 59
8	04 08 17. 26 35. 45 55
9	05. 15 26. 37 45 51
10	04. 17 30 43 56.
11	09 22 29 35 49.
12	02 15 28 41. 53
13	06 12 18 29. 40 50. 59
14	09 18. 27 37. 46 51 55
15	04. 13 22. 31 40 49. 58
16	07. 16 21 25 34. 43 52.
17	01 10 19. 28 37. 47 52 57
18	07. 19 31. 44 58
19	12 27 34 42. 59
20	13 28 42 59
21	17. 37 57
22	16

SOBOTA, ROK SZKOLNY

5	31. 59
6	11. 20 32 53.
7	04 16 26 37. 47 58
8	08 19. 29 40 58
9	11. 21 32 42 53.
10	03 14 26 37. 48 59
11	10 21. 32 43 54
12	05. 17 28 40 51.
13	03 14 26 38. 50
14	02 14 26. 38 50
15	03 15. 28 40 53
16	05. 18 30 43 55.
17	08 28 46.
18	06 22 37. 51
19	06 23. 36 51
20	05. 21 42. 59
21	13 36
22	06. 16

DZIEŃ ŚWIĄTECZNY, ROK SZKOLNY

5	57
6	26 40 56
7	15 33 51
8	09 31 49
9	09 25 43
10	00 19 37 55
11	13 31 49
12	07 25 43
13	01 19 37 55
14	13 31 49
15	08 25 43
16	01 19 36 55
17	20 38 56
18	16 28 49
19	07 25 52
20	17 43
21	09 36
22	21

WIELKANOC,BOŻE NARODZENIE,NOWY ROK

5	52
6	
7	05 50
8	37
9	21 58
10	51
11	31
12	14
13	00 43
14	32
15	18
16	00 48
17	42
18	22
19	05 48
20	
21	07
22	22

