MEŁGIEWSKA FS - MEŁGIEWSKA - GOSPODARCZA - ŁĘCZYŃSKA - FABRYCZNA - ZAMOJSKA - NARUTOWICZA - GŁĘBOKA - WILEŃSKA - B. M. CASSINO - ARMII KRAJOWEJ - JANA PAWŁA II - GRANITOWA - OS.PORĘBA

DZIEŃ POWSZEDNI, ROK SZKOLNY

5	47 56.
6	05 14. 23 28 33 42. 51
7	00. 09 18 27. 36 45. 54 59
8	03 12. 21 30. 40 50
9	00. 10 21. 32 40 46 59.
10	12 25 38 51.
11	04 17 24 30 44. 57
12	10 23 36. 48
13	01 07 13 24. 35 45. 54
14	04 13. 22 32. 41 46 50 59.
15	08 17. 26 35 44. 53
16	02. 11 16 20 29. 38 47. 56
17	05 14. 23 32. 42 47 52
18	02. 14 26. 39 53
19	07 22 29 37. 54
20	08 23 37 54
21	12. 32 52
22	12

SOBOTA, ROK SZKOLNY

5	27. 55
6	07. 16 28 49. 59
7	11 21 32. 42 53
8	03 14. 24 35 53
9	06. 16 27 37 48. 58
10	09 21 32. 43 54
11	05 16. 27 38 49
12	00. 12 23 35 46. 58
13	09 21 33. 45 57
14	09 21. 33 45 58
15	10. 23 35 48
16	00. 13 25 38 50.
17	03 23 41.
18	01 17 32. 46
19	01 18. 31 46
20	00. 16 37. 54
21	08 31
22	02. 12

DZIEŃ ŚWIĄTECZNY, ROK SZKOLNY

5	53
6	22 36 52
7	10 28 46
8	04 26 44
9	04 20 38 55
10	14 32 50
11	08 26 44
12	02 20 38 56
13	14 32 50
14	08 26 44
15	03 20 38 56
16	14 31 50
17	15 33 51
18	11 23 44
19	02 20 47
20	12 38
21	04 31
22	17

WIELKANOC,BOŻE NARODZENIE,NOWY ROK

5	48
6	
7	00 45
8	32
9	16 53
10	46
11	26
12	09 55
13	38
14	27
15	13 55
16	43
17	37
18	17
19	00 43
20	
21	02
22	18

