MEŁGIEWSKA FS - MEŁGIEWSKA - GOSPODARCZA - ŁĘCZYŃSKA - FABRYCZNA - ZAMOJSKA - NARUTOWICZA - GŁĘBOKA - WILEŃSKA - B. M. CASSINO - ARMII KRAJOWEJ - JANA PAWŁA II - GRANITOWA - OS.PORĘBA

DZIEŃ POWSZEDNI, ROK SZKOLNY

5	59
6	08. 17 26. 38 44 50 59.
7	08 17. 26 35 44. 53
8	02. 11 16 20 29. 38 47. 57
9	07 17. 27 38. 49 57
10	03 16. 29 42 55
11	08. 21 34 41 47
12	01. 14 27 40 53.
13	05 18 24 30 41. 52
14	02. 12 22 31. 40 50. 59
15	04 08 17. 26 35. 44 53
16	02. 11 20. 29 34 38 47. 56
17	05. 14 23 32. 41 50.
18	00 03 07 17. 29 41. 54
19	08 22 37 44 52.
20	09 23 38 52
21	09 27. 47
22	06 24

SOBOTA, ROK SZKOLNY

5	39.
6	07 19. 28 40
7	01. 15 27 37 48. 58
8	09 19 30. 40 51
9	09 22. 32 43 53
10	04. 14 25 37 48. 59
11	10 21 32. 43 54
12	05 16. 28 39 51
13	02. 14 25 37 49.
14	01 13 25 37. 49
15	01 14 26. 39 51
16	04 16. 29 41 54
17	06. 19 39 57.
18	16 32 47.
19	01 16 33. 46
20	01 15. 31 52.
21	09 23 46
22	14. 24

DZIEŃ ŚWIĄTECZNY, ROK SZKOLNY

5	
6	05 34 48
7	06 26 44
8	02 20 42
9	00 20 36 54
10	11 30 48
11	06 24 42
12	00 18 36 54
13	12 30 48
14	06 24 42
15	00 19 36 54
16	12 30 47
17	06 31 49
18	06 26 38 59
19	17 35
20	02 27 53
21	19 46
22	29

WIELKANOC,BOŻE NARODZENIE,NOWY ROK

5	
6	00
7	16
8	01 48
9	32
10	09
11	02 42
12	25
13	11 54
14	43
15	29
16	11 59
17	53
18	32
19	15 58
20	
21	17
22	30

