MEŁGIEWSKA FS - MEŁGIEWSKA - GOSPODARCZA - ŁĘCZYŃSKA - FABRYCZNA - ZAMOJSKA - NARUTOWICZA - GŁĘBOKA - WILEŃSKA - B. M. CASSINO - ARMII KRAJOWEJ - JANA PAWŁA II - GRANITOWA - OS.PORĘBA

DZIEŃ POWSZEDNI, ROK SZKOLNY

5	
6	02 11. 20 29. 41 47 53
7	02. 11 20. 29 38 47. 56
8	05. 14 19 23 32. 41 50.
9	00 10 20. 30 41. 52
10	00 06 19. 32 45 58
11	11. 24 37 44 50
12	04. 17 30 43 56.
13	08 21 27 33 44. 55
14	06. 16 26 35. 44 54.
15	03 08 12 21. 30 39. 48 57
16	06. 15 24. 33 38 42 51.
17	00 09. 18 27 36. 45 54.
18	03 06 10 20. 32 44. 57
19	11 25 40 47 55.
20	12 26 41 55
21	12 30. 50
22	09 27

SOBOTA, ROK SZKOLNY

5	42.
6	10 22. 31 43
7	04. 18 30 40 51.
8	01 12 22 33. 43 54
9	12 25. 35 46 56
10	07. 17 28 40 51.
11	02 13 24 35. 46 57
12	08 19. 31 42 54
13	05. 17 28 40 52.
14	04 16 28 40. 52
15	04 17 29. 42 54
16	07 19. 32 44 57
17	09. 22 42
18	00. 19 35 50.
19	04 19 36. 49
20	04 18. 34 55.
21	12 26 49
22	17. 27

DZIEŃ ŚWIĄTECZNY, ROK SZKOLNY

5	
6	08 37 51
7	09 29 47
8	05 23 45
9	03 23 39 57
10	14 33 51
11	09 27 45
12	03 21 39 57
13	15 33 51
14	09 27 45
15	03 22 39 57
16	15 33 50
17	09 34 52
18	09 29 41
19	02 20 38
20	05 30 56
21	22 49
22	32

WIELKANOC,BOŻE NARODZENIE,NOWY ROK

5	
6	03
7	19
8	04 51
9	35
10	12
11	05 45
12	28
13	14 57
14	46
15	32
16	14
17	02 56
18	35
19	18
20	01
21	20
22	33

