MEŁGIEWSKA FS - MEŁGIEWSKA - GOSPODARCZA - ŁĘCZYŃSKA - FABRYCZNA - ZAMOJSKA - NARUTOWICZA - GŁĘBOKA - WILEŃSKA - B. M. CASSINO - ARMII KRAJOWEJ - JANA PAWŁA II - GRANITOWA - OS.PORĘBA

DZIEŃ POWSZEDNI, ROK SZKOLNY

5	
6	09 18. 27 39. 51 57
7	03 12. 21 30. 39 48 57.
8	06 15. 24 29 33 42. 51
9	00. 10 20 30. 40 51.
10	02 10 16 29. 42 55
11	08 21. 34 47 54
12	00 14. 27 40 53
13	06. 18 31 37 43 54.
14	05 17. 27 37 46. 55
15	05. 14 19 23 32. 41 50. 59
16	08 17. 26 35. 44 49 53
17	02. 11 20. 29 38 47. 56
18	05. 13 16 20 30. 42 54.
19	07 21 35 50 57
20	05. 22 36 51
21	05 22 40.
22	00 16 34

SOBOTA, ROK SZKOLNY

5	49.
6	18 30. 39 51
7	14. 28 40 50
8	01. 11 22 32 43. 53
9	04 22 35. 45 56
10	06 17. 27 38 50
11	01. 12 23 34 45. 56
12	07 18 29. 41 52
13	04 15. 27 38 50
14	02. 14 26 38 50.
15	02 14 27 39. 52
16	04 17 29. 42 54
17	07 19. 32 52
18	10. 29 45
19	00. 14 29 46. 59
20	14 28. 44
21	05. 22 36 59
22	24. 34

DZIEŃ ŚWIĄTECZNY, ROK SZKOLNY

5	
6	16 45 59
7	19 39 57
8	15 33 55
9	13 33 49
10	07 24 43
11	01 19 37 55
12	13 31 49
13	07 25 43
14	01 19 37 55
15	13 32 49
16	07 25 43
17	00 19 44
18	02 19 39 51
19	12 30 48
20	15 40
21	06 32 59
22	39

WIELKANOC,BOŻE NARODZENIE,NOWY ROK

5	
6	11
7	29
8	14
9	01 45
10	22
11	15 55
12	38
13	24
14	07 56
15	42
16	24
17	12
18	06 45
19	28
20	11
21	30
22	40

