MEŁGIEWSKA FS - MEŁGIEWSKA - GOSPODARCZA - ŁĘCZYŃSKA - FABRYCZNA - ZAMOJSKA - NARUTOWICZA - GŁĘBOKA - WILEŃSKA - B. M. CASSINO - ARMII KRAJOWEJ - JANA PAWŁA II - GRANITOWA - OS.PORĘBA

DZIEŃ POWSZEDNI, ROK SZKOLNY

5	
6	10 19. 28 40. 52 58
7	04 13. 22 31. 40 49 58.
8	07 16. 25 30 34 43. 52
9	01. 11 21 31. 41 52.
10	03 11 17 30. 43 56
11	09 22. 35 48 55
12	01 15. 28 41 54
13	07. 19 32 38 44 55.
14	06 18. 28 38 47. 56
15	06. 15 20 24 33. 42 51.
16	00 09 18. 27 36. 45 50 54
17	03. 12 21. 30 39 48. 57
18	06. 14 17 21 31. 43 55.
19	08 22 36 51 58
20	06. 23 37 52
21	06 23 41.
22	01 17 35

SOBOTA, ROK SZKOLNY

5	50.
6	19 31. 40 52
7	15. 29 41 51
8	02. 12 23 33 44. 54
9	05 23 36. 46 57
10	07 18. 28 39 51
11	02. 13 24 35 46. 57
12	08 19 30. 42 53
13	05 16. 28 39 51
14	03. 15 27 39 51.
15	03 15 28 40. 53
16	05 18 30. 43 55
17	08 20. 33 53
18	11. 30 46
19	01. 15 30 47.
20	00 15 29. 45
21	06. 23 37
22	00 25. 35

DZIEŃ ŚWIĄTECZNY, ROK SZKOLNY

5	
6	17 46
7	00 20 40 58
8	16 34 56
9	14 34 50
10	08 25 44
11	02 20 38 56
12	14 32 50
13	08 26 44
14	02 20 38 56
15	14 33 50
16	08 26 44
17	01 20 45
18	03 20 40 52
19	13 31 49
20	16 41
21	07 33
22	00 40

WIELKANOC,BOŻE NARODZENIE,NOWY ROK

5	
6	12
7	30
8	15
9	02 46
10	23
11	16 56
12	39
13	25
14	08 57
15	43
16	25
17	13
18	07 46
19	29
20	12
21	31
22	41

