MEŁGIEWSKA FS - MEŁGIEWSKA - GOSPODARCZA - ŁĘCZYŃSKA - FABRYCZNA - ZAMOJSKA - NARUTOWICZA - GŁĘBOKA - WILEŃSKA - B. M. CASSINO - ARMII KRAJOWEJ - JANA PAWŁA II - GRANITOWA - OS.PORĘBA

DZIEŃ POWSZEDNI, ROK SZKOLNY

5	53
6	02. 11 20. 29 35 41 50. 59
7	08. 17 26 35. 44 53.
8	02 07 11 20. 29 38. 48 58
9	08. 18 29. 40 48 54
10	07. 20 33 46 59.
11	12 25 32 38 52.
12	05 18 31 44. 56
13	09 15 21 32. 43 53.
14	02 12 21. 30 40. 49 54 58
15	07. 16 25. 34 43 52.
16	01 10. 19 24 28 37. 46 55.
17	04 13 22. 31 40. 50 55
18	00 10. 22 34. 47
19	01 15 30 37 45.
20	02 16 31 45
21	02 20. 40
22	00 18

SOBOTA, ROK SZKOLNY

5	33.
6	01 13. 22 34 55.
7	07 19 29 40. 50
8	01 11 22. 32 43
9	01 14. 24 35 45 56.
10	06 17 29 40. 51
11	02 13 24. 35 46 57
12	08. 20 31 43 54.
13	06 17 29 41. 53
14	05 17 29. 41 53
15	06 18. 31 43 56
16	08. 21 33 46 58.
17	11 31 49.
18	09 25 40. 54
19	09 26. 39 54
20	08. 24 45.
21	02 16 39
22	08. 18

DZIEŃ ŚWIĄTECZNY, ROK SZKOLNY

5	59
6	28 42 58
7	18 36 54
8	12 34 52
9	12 28 46
10	03 22 40 58
11	16 34 52
12	10 28 46
13	04 22 40 58
14	16 34 52
15	11 28 46
16	04 22 39 58
17	23 41 59
18	19 31 52
19	10 28 55
20	20 46
21	12 39
22	23

WIELKANOC,BOŻE NARODZENIE,NOWY ROK

5	54
6	
7	08 53
8	40
9	24
10	01 54
11	34
12	17
13	03 46
14	35
15	21
16	03 51
17	45
18	25
19	08 51
20	
21	10
22	24

