KRUCZKOWSKIEGO - KRUCZKOWSKIEGO - KUNICKIEGO - WOLSKA - FABRYCZNA - AL. UNII LUBELSKIEJ - AL. TYSIĄCLECIA - PÓŁNOCNA - KOSMOWSKIEJ - KONCERTOWA - AL. KOMPOZYTORÓW  - ELSNERA - CHOINY - PADEREWSKIEGO

DZIEŃ POWSZEDNI, ROK SZKOLNY

5	03 33 51
6	04 20 39 57
7	12 21 30 48
8	02 16 29 50
9	02 18 34 50
10	05 26 34 50
11	05 20 33 52
12	08 20 35 48
13	05 16 37 52
14	08 21 36 53
15	06 25 38 57
16	12 26 41 56
17	12 23 49
18	02 16 36 51
19	14 27 45
20	05 25 54
21	13 44
22	26

SOBOTA, ROK SZKOLNY

5	47
6	02 21 38 56
7	21 37 55
8	14 33 56
9	20 37 56
10	14 38 53
11	15 35 55
12	15 34 55
13	18 35 56
14	14 33 56
15	17 40
16	02 17 39 59
17	19 44
18	03 18 39 59
19	24 44
20	11 58
21	36
22	25

DZIEŃ ŚWIĄTECZNY, ROK SZKOLNY

5	41 56
6	23 41
7	03 30 54
8	20 54
9	21 47
10	06 33 56
11	22 47
12	09 37 52
13	17 53
14	25 42
15	08 33 58
16	26 41
17	10 49
18	09 34 55
19	20 45
20	07 57
21	37
22	24

WIGILIA I SYLWESTER

5	03 33 51
6	04 20 39 57
7	12 21 30 48
8	02 16 29 50
9	02 18 34 50
10	05 26 34 50
11	05 20 33 52
12	08 20 35 48
13	05 16 37 52
14	08 21 36 53
15	06 25 38 57
16	12 26 41 56
17	12 23 49
18	02 16 36 51
19	14 27
20	05
21	
22	

WIELKANOC,BOŻE NARODZENIE,NOWY ROK

5	
6	18
7	04 48
8	46
9	36
10	26
11	16
12	06
13	01 55
14	50
15	36
16	26
17	21
18	10 54
19	39
20	29
21	24
22	21

