KRUCZKOWSKIEGO - KRUCZKOWSKIEGO - KUNICKIEGO - WOLSKA - FABRYCZNA - AL. UNII LUBELSKIEJ - AL. TYSIĄCLECIA - PÓŁNOCNA - KOSMOWSKIEJ - KONCERTOWA - AL. KOMPOZYTORÓW  - ELSNERA - CHOINY - PADEREWSKIEGO

DZIEŃ POWSZEDNI, ROK SZKOLNY

5	16 35 46
6	04 17 33 54
7	12 27 36 45
8	03 17 31 44
9	05 17 33 49
10	05 20 41 49
11	05 20 35 48
12	07 23 35 50
13	03 20 31 52
14	07 23 36 51
15	08 21 40 53
16	12 27 41 56
17	11 27 38
18	04 17 31 51
19	06 29 42
20	00 20 40
21	09 28 59
22	39

SOBOTA, ROK SZKOLNY

5	49
6	00 15 34 51
7	10 36 52
8	10 29 48
9	11 35 52
10	11 29 53
11	08 30 50
12	10 30 49
13	10 33 50
14	11 29 48
15	11 32 55
16	17 32 54
17	14 34 59
18	17 32 53
19	13 38 58
20	25
21	12 50
22	38

DZIEŃ ŚWIĄTECZNY, ROK SZKOLNY

5	54
6	09 36 54
7	18 45
8	09 35
9	09 36
10	02 21 48
11	11 37
12	02 24 52
13	07 32
14	08 40 57
15	23 48
16	13 41 56
17	25
18	04 23 48
19	09 34 59
20	21
21	11 51
22	37

WIGILIA I SYLWESTER

5	16 35 46
6	04 17 33 54
7	12 27 36 45
8	03 17 31 44
9	05 17 33 49
10	05 20 41 49
11	05 20 35 48
12	07 23 35 50
13	03 20 31 52
14	07 23 36 51
15	08 21 40 53
16	12 27 41 56
17	11 27 38
18	04 17 31 51
19	06 29 42
20	20
21	
22	

WIELKANOC,BOŻE NARODZENIE,NOWY ROK

5	
6	31
7	19
8	03
9	01 51
10	41
11	31
12	21
13	16
14	10
15	05 51
16	41
17	36
18	24
19	08 53
20	43
21	38
22	34

