KRUCZKOWSKIEGO - KRUCZKOWSKIEGO - KUNICKIEGO - WOLSKA - FABRYCZNA - AL. UNII LUBELSKIEJ - AL. TYSIĄCLECIA - PÓŁNOCNA - KOSMOWSKIEJ - KONCERTOWA - AL. KOMPOZYTORÓW  - ELSNERA - CHOINY - PADEREWSKIEGO

DZIEŃ POWSZEDNI, ROK SZKOLNY

5	17 36 47
6	05 18 34 55
7	13 28 37 46
8	04 18 32 45
9	06 18 34 50
10	06 21 42 50
11	06 21 36 49
12	08 24 36 51
13	04 21 32 53
14	08 24 37 52
15	09 22 41 54
16	13 28 42 57
17	12 28 39
18	05 18 32 52
19	07 30 43
20	01 21 41
21	10 29
22	00 40

SOBOTA, ROK SZKOLNY

5	50
6	01 16 35 52
7	11 37 53
8	11 30 49
9	12 36 53
10	12 30 54
11	09 31 51
12	11 31 50
13	11 34 51
14	12 30 49
15	12 33 56
16	18 33 55
17	15 35
18	00 18 33 54
19	14 39 59
20	26
21	13 51
22	39

DZIEŃ ŚWIĄTECZNY, ROK SZKOLNY

5	55
6	10 37 55
7	19 46
8	10 36
9	10 37
10	03 22 49
11	12 38
12	03 25 53
13	08 33
14	09 41 58
15	24 49
16	14 42 57
17	26
18	05 24 49
19	10 35
20	00 22
21	12 52
22	38

WIGILIA I SYLWESTER

5	17 36 47
6	05 18 34 55
7	13 28 37 46
8	04 18 32 45
9	06 18 34 50
10	06 21 42 50
11	06 21 36 49
12	08 24 36 51
13	04 21 32 53
14	08 24 37 52
15	09 22 41 54
16	13 28 42 57
17	12 28 39
18	05 18 32 52
19	07 30 43
20	21
21	
22	

WIELKANOC,BOŻE NARODZENIE,NOWY ROK

5	
6	32
7	20
8	04
9	02 52
10	42
11	32
12	22
13	17
14	11
15	06 52
16	42
17	37
18	25
19	09 54
20	44
21	39
22	35

