KRUCZKOWSKIEGO - KRUCZKOWSKIEGO - KUNICKIEGO - WOLSKA - FABRYCZNA - AL. UNII LUBELSKIEJ - AL. TYSIĄCLECIA - PÓŁNOCNA - KOSMOWSKIEJ - KONCERTOWA - AL. KOMPOZYTORÓW  - ELSNERA - CHOINY - PADEREWSKIEGO

DZIEŃ POWSZEDNI, ROK SZKOLNY

5	15 34 45
6	03 16 32 53
7	11 26 35 44
8	02 16 30 43
9	04 16 32 48
10	04 19 40 48
11	04 19 34 47
12	06 22 34 49
13	02 19 30 51
14	06 22 35 50
15	07 20 39 52
16	11 26 40 55
17	10 26 37
18	03 16 30 50
19	05 28 41 59
20	19 39
21	08 27 58
22	38

SOBOTA, ROK SZKOLNY

5	48 59
6	14 33 50
7	09 35 51
8	09 28 47
9	10 34 51
10	10 28 52
11	07 29 49
12	09 29 48
13	09 32 49
14	10 28 47
15	10 31 54
16	16 31 53
17	13 33 58
18	16 31 52
19	12 37 57
20	24
21	11 49
22	37

DZIEŃ ŚWIĄTECZNY, ROK SZKOLNY

5	53
6	08 35 53
7	17 44
8	08 34
9	08 35
10	01 20 47
11	10 36
12	01 23 51
13	06 31
14	07 39 56
15	22 47
16	12 40 55
17	24
18	03 22 47
19	08 33 58
20	20
21	10 50
22	36

WIGILIA I SYLWESTER

5	15 34 45
6	03 16 32 53
7	11 26 35 44
8	02 16 30 43
9	04 16 32 48
10	04 19 40 48
11	04 19 34 47
12	06 22 34 49
13	02 19 30 51
14	06 22 35 50
15	07 20 39 52
16	11 26 40 55
17	10 26 37
18	03 16 30 50
19	05 28 41
20	19
21	
22	

WIELKANOC,BOŻE NARODZENIE,NOWY ROK

5	
6	30
7	18
8	02
9	00 50
10	40
11	30
12	20
13	15
14	09
15	04 50
16	40
17	35
18	23
19	07 52
20	42
21	37
22	33

