KRUCZKOWSKIEGO - KRUCZKOWSKIEGO - KUNICKIEGO - WOLSKA - FABRYCZNA - AL. UNII LUBELSKIEJ - AL. TYSIĄCLECIA - PÓŁNOCNA - KOSMOWSKIEJ - KONCERTOWA - AL. KOMPOZYTORÓW  - ELSNERA - CHOINY - PADEREWSKIEGO

DZIEŃ POWSZEDNI, ROK SZKOLNY

4	50
5	20 38 51
6	07 25 41 56
7	05 14 32 46
8	00 13 34 46
9	02 18 34 49
10	10 18 34 49
11	04 17 36 52
12	04 19 32 49
13	00 21 36 52
14	04 19 36 49
15	08 21 40 55
16	09 24 39 55
17	06 32 45
18	02 22 37
19	00 13 31 51
20	11 40 59
21	30
22	13

SOBOTA, ROK SZKOLNY

4	
5	34 49
6	08 25 43
7	05 21 39 58
8	17 40
9	04 21 40 58
10	22 37 59
11	19 39 59
12	18 39
13	02 19 40 58
14	17 40
15	01 24 46
16	01 23 43
17	03 28 48
18	04 25 45
19	10 30 57
20	44
21	22
22	12

DZIEŃ ŚWIĄTECZNY, ROK SZKOLNY

4	
5	28 43
6	10 28 49
7	14 38
8	04 38
9	05 31 50
10	17 40
11	06 31 53
12	21 36
13	01 37
14	09 26 52
15	17 42
16	10 25 54
17	33 54
18	20 41
19	06 31 53
20	43
21	23
22	11

WIGILIA I SYLWESTER

4	50
5	20 38 51
6	07 25 41 56
7	05 14 32 46
8	00 13 34 46
9	02 18 34 49
10	10 18 34 49
11	04 17 36 52
12	04 19 32 49
13	00 21 36 52
14	04 19 36 49
15	08 21 40 55
16	09 24 39 55
17	06 32 45
18	02 22 37
19	00 13 51
20	
21	
22	

WIELKANOC,BOŻE NARODZENIE,NOWY ROK

4	
5	
6	05 50
7	32
8	30
9	20
10	10
11	00 50
12	45
13	39
14	34
15	20
16	10
17	05 55
18	40
19	25
20	15
21	10
22	08

