KRUCZKOWSKIEGO - KRUCZKOWSKIEGO - KUNICKIEGO - WOLSKA - FABRYCZNA - AL. UNII LUBELSKIEJ - AL. TYSIĄCLECIA - PÓŁNOCNA - KOSMOWSKIEJ - KONCERTOWA - AL. KOMPOZYTORÓW  - ELSNERA - CHOINY - PADEREWSKIEGO

DZIEŃ POWSZEDNI, ROK SZKOLNY

4	59
5	29 47
6	00 16 34 52
7	07 16 25 43 57
8	11 24 45 57
9	13 29 45
10	00 21 29 45
11	00 15 28 47
12	03 15 30 43
13	00 11 32 47
14	03 16 31 48
15	01 20 33 52
16	07 21 36 51
17	07 18 44 57
18	12 32 47
19	10 23 41
20	01 21 50
21	09 40
22	22

SOBOTA, ROK SZKOLNY

4	
5	43 58
6	17 34 52
7	16 32 50
8	09 28 51
9	15 32 51
10	09 33 48
11	10 30 50
12	10 29 50
13	13 30 51
14	09 28 51
15	12 35 57
16	12 34 54
17	14 39 59
18	14 35 55
19	20 40
20	07 54
21	32
22	21

DZIEŃ ŚWIĄTECZNY, ROK SZKOLNY

4	
5	37 52
6	19 37 58
7	25 49
8	15 49
9	16 42
10	01 28 51
11	17 42
12	04 32 47
13	12 48
14	20 37
15	03 28 53
16	21 36
17	05 44
18	05 30 51
19	16 41
20	03 53
21	33
22	20

WIGILIA I SYLWESTER

4	59
5	29 47
6	00 16 34 52
7	07 16 25 43 57
8	11 24 45 57
9	13 29 45
10	00 21 29 45
11	00 15 28 47
12	03 15 30 43
13	00 11 32 47
14	03 16 31 48
15	01 20 33 52
16	07 21 36 51
17	07 18 44 57
18	12 32 47
19	10 23
20	01
21	
22	

WIELKANOC,BOŻE NARODZENIE,NOWY ROK

4	
5	
6	14 59
7	43
8	41
9	31
10	21
11	11
12	01 56
13	50
14	45
15	31
16	21
17	16
18	06 50
19	35
20	25
21	20
22	17

