KRUCZKOWSKIEGO - KRUCZKOWSKIEGO - KUNICKIEGO - WOLSKA - FABRYCZNA - AL. UNII LUBELSKIEJ - AL. TYSIĄCLECIA - PÓŁNOCNA - KOSMOWSKIEJ - KONCERTOWA - AL. KOMPOZYTORÓW  - ELSNERA - CHOINY - PADEREWSKIEGO

DZIEŃ POWSZEDNI, ROK SZKOLNY

4	55
5	25 43 56
6	12 30 48
7	03 12 21 39 53
8	07 20 41 53
9	09 25 41 56
10	17 25 41 56
11	11 24 43 59
12	11 26 39 56
13	07 28 43 59
14	12 27 44 57
15	16 29 48
16	03 17 32 47
17	03 14 40 53
18	08 28 43
19	06 19 37 57
20	17 46
21	05 36
22	18

SOBOTA, ROK SZKOLNY

4	
5	39 54
6	13 30 48
7	12 28 46
8	05 24 47
9	11 28 47
10	05 29 44
11	06 26 46
12	06 25 46
13	09 26 47
14	05 24 47
15	08 31 53
16	08 30 50
17	10 35 55
18	10 31 51
19	16 36
20	03 50
21	28
22	17

DZIEŃ ŚWIĄTECZNY, ROK SZKOLNY

4	
5	33 48
6	15 33 54
7	21 45
8	11 45
9	12 38 57
10	24 47
11	13 38
12	00 28 43
13	08 44
14	16 33 59
15	24 49
16	17 32
17	01 40
18	01 26 47
19	12 37 59
20	49
21	29
22	16

WIGILIA I SYLWESTER

4	55
5	25 43 56
6	12 30 48
7	03 12 21 39 53
8	07 20 41 53
9	09 25 41 56
10	17 25 41 56
11	11 24 43 59
12	11 26 39 56
13	07 28 43 59
14	12 27 44 57
15	16 29 48
16	03 17 32 47
17	03 14 40 53
18	08 28 43
19	06 19 57
20	
21	
22	

WIELKANOC,BOŻE NARODZENIE,NOWY ROK

4	
5	
6	10 55
7	39
8	37
9	27
10	17
11	07 57
12	52
13	46
14	41
15	27
16	17
17	12
18	02 46
19	31
20	21
21	16
22	13

