KRUCZKOWSKIEGO - KRUCZKOWSKIEGO - KUNICKIEGO - WOLSKA - FABRYCZNA - AL. UNII LUBELSKIEJ - AL. TYSIĄCLECIA - PÓŁNOCNA - KOSMOWSKIEJ - KONCERTOWA - AL. KOMPOZYTORÓW  - ELSNERA - CHOINY - PADEREWSKIEGO

DZIEŃ POWSZEDNI, ROK SZKOLNY

5	12 31 42
6	00 13 29 50
7	08 23 32 41 59
8	13 27 40
9	01 13 29 45
10	01 16 37 45
11	01 16 31 44
12	03 19 31 46 59
13	16 27 48
14	03 19 32 47
15	04 17 36 49
16	08 23 37 52
17	07 23 34
18	00 13 27 47
19	02 25 38 56
20	16 36
21	05 24 55
22	35

SOBOTA, ROK SZKOLNY

5	45 56
6	11 30 47
7	06 32 48
8	06 25 44
9	07 31 48
10	07 25 49
11	04 26 46
12	06 26 45
13	06 29 46
14	07 25 44
15	07 28 51
16	13 28 50
17	10 30 55
18	13 28 49
19	09 34 54
20	21
21	08 46
22	34

DZIEŃ ŚWIĄTECZNY, ROK SZKOLNY

5	50
6	05 32 50
7	14 41
8	05 31
9	05 32 58
10	17 44
11	07 33 58
12	20 48
13	03 28
14	04 36 53
15	19 44
16	09 37 52
17	21
18	00 19 44
19	05 30 55
20	17
21	07 47
22	33

WIGILIA I SYLWESTER

5	12 31 42
6	00 13 29 50
7	08 23 32 41 59
8	13 27 40
9	01 13 29 45
10	01 16 37 45
11	01 16 31 44
12	03 19 31 46 59
13	16 27 48
14	03 19 32 47
15	04 17 36 49
16	08 23 37 52
17	07 23 34
18	00 13 27 47
19	02 25 38
20	16
21	
22	

WIELKANOC,BOŻE NARODZENIE,NOWY ROK

5	
6	27
7	15 59
8	57
9	47
10	37
11	27
12	17
13	12
14	06
15	01 47
16	37
17	32
18	20
19	04 49
20	39
21	34
22	30

