KRUCZKOWSKIEGO - KRUCZKOWSKIEGO - KUNICKIEGO - WOLSKA - FABRYCZNA - AL. UNII LUBELSKIEJ - AL. TYSIĄCLECIA - PÓŁNOCNA - KOSMOWSKIEJ - KONCERTOWA - AL. KOMPOZYTORÓW  - ELSNERA - CHOINY - PADEREWSKIEGO

DZIEŃ POWSZEDNI, ROK SZKOLNY

5	10 29 40 58
6	11 27 48
7	06 21 30 39 57
8	11 25 38 59
9	11 27 43 59
10	14 35 43 59
11	14 29 42
12	01 17 29 44 57
13	14 25 46
14	01 17 30 45
15	02 15 34 47
16	06 21 35 50
17	05 21 32 58
18	11 25 45
19	00 23 36 54
20	14 34
21	03 22 53
22	33

SOBOTA, ROK SZKOLNY

5	43 54
6	09 28 45
7	04 30 46
8	04 23 42
9	05 29 46
10	05 23 47
11	02 24 44
12	04 24 43
13	04 27 44
14	05 23 42
15	05 26 49
16	11 26 48
17	08 28 53
18	11 26 47
19	07 32 52
20	19
21	06 44
22	32

DZIEŃ ŚWIĄTECZNY, ROK SZKOLNY

5	48
6	03 30 48
7	12 39
8	03 29
9	03 30 56
10	15 42
11	05 31 56
12	18 46
13	01 26
14	02 34 51
15	17 42
16	07 35 50
17	19 58
18	17 42
19	03 28 53
20	15
21	05 45
22	31

WIGILIA I SYLWESTER

5	10 29 40 58
6	11 27 48
7	06 21 30 39 57
8	11 25 38 59
9	11 27 43 59
10	14 35 43 59
11	14 29 42
12	01 17 29 44 57
13	14 25 46
14	01 17 30 45
15	02 15 34 47
16	06 21 35 50
17	05 21 32 58
18	11 25 45
19	00 23 36
20	14
21	
22	

WIELKANOC,BOŻE NARODZENIE,NOWY ROK

5	
6	25
7	13 57
8	55
9	45
10	35
11	25
12	15
13	10
14	04 59
15	45
16	35
17	30
18	18
19	02 47
20	37
21	32
22	28

