KRUCZKOWSKIEGO - KRUCZKOWSKIEGO - KUNICKIEGO - WOLSKA - FABRYCZNA - AL. UNII LUBELSKIEJ - AL. TYSIĄCLECIA - PÓŁNOCNA - KOSMOWSKIEJ - KONCERTOWA - AL. KOMPOZYTORÓW  - ELSNERA - CHOINY - PADEREWSKIEGO

DZIEŃ POWSZEDNI, ROK SZKOLNY

5	14 33 44
6	02 15 31 52
7	10 25 34 43
8	01 15 29 42
9	03 15 31 47
10	03 18 39 47
11	03 18 33 46
12	05 21 33 48
13	01 18 29 50
14	05 21 34 49
15	06 19 38 51
16	10 25 39 54
17	09 25 36
18	02 15 29 49
19	04 27 40 58
20	18 38
21	07 26 57
22	37

SOBOTA, ROK SZKOLNY

5	47 58
6	13 32 49
7	08 34 50
8	08 27 46
9	09 33 50
10	09 27 51
11	06 28 48
12	08 28 47
13	08 31 48
14	09 27 46
15	09 30 53
16	15 30 52
17	12 32 57
18	15 30 51
19	11 36 56
20	23
21	10 48
22	36

DZIEŃ ŚWIĄTECZNY, ROK SZKOLNY

5	52
6	07 34 52
7	16 43
8	07 33
9	07 34
10	00 19 46
11	09 35
12	00 22 50
13	05 30
14	06 38 55
15	21 46
16	11 39 54
17	23
18	02 21 46
19	07 32 57
20	19
21	09 49
22	35

WIGILIA I SYLWESTER

5	14 33 44
6	02 15 31 52
7	10 25 34 43
8	01 15 29 42
9	03 15 31 47
10	03 18 39 47
11	03 18 33 46
12	05 21 33 48
13	01 18 29 50
14	05 21 34 49
15	06 19 38 51
16	10 25 39 54
17	09 25 36
18	02 15 29 49
19	04 27 40
20	18
21	
22	

WIELKANOC,BOŻE NARODZENIE,NOWY ROK

5	
6	29
7	17
8	01 59
9	49
10	39
11	29
12	19
13	14
14	08
15	03 49
16	39
17	34
18	22
19	06 51
20	41
21	36
22	32

