KRUCZKOWSKIEGO - KRUCZKOWSKIEGO - KUNICKIEGO - WOLSKA - FABRYCZNA - AL. UNII LUBELSKIEJ - AL. TYSIĄCLECIA - PÓŁNOCNA - KOSMOWSKIEJ - KONCERTOWA - AL. KOMPOZYTORÓW  - ELSNERA - CHOINY - PADEREWSKIEGO

DZIEŃ POWSZEDNI, ROK SZKOLNY

5	01 31 49
6	02 18 36 54
7	09 18 27 45 59
8	13 26 47 59
9	15 31 47
10	02 23 31 47
11	02 17 30 49
12	05 17 32 45
13	02 13 34 49
14	05 18 33 50
15	03 22 35 54
16	09 23 38 53
17	09 20 46 59
18	14 34 49
19	12 25 43
20	03 23 52
21	11 42
22	24

SOBOTA, ROK SZKOLNY

5	45
6	00 19 36 54
7	18 34 52
8	11 30 53
9	17 34 53
10	11 35 50
11	12 32 52
12	12 31 52
13	15 32 53
14	11 30 53
15	14 37 59
16	14 36 56
17	16 41
18	01 16 37 57
19	22 42
20	09 56
21	34
22	23

DZIEŃ ŚWIĄTECZNY, ROK SZKOLNY

5	39 54
6	21 39
7	00 27 51
8	17 51
9	18 44
10	03 30 53
11	19 44
12	06 34 49
13	14 50
14	22 39
15	05 30 55
16	23 38
17	07 46
18	07 32 53
19	18 43
20	05 55
21	35
22	22

WIGILIA I SYLWESTER

5	01 31 49
6	02 18 36 54
7	09 18 27 45 59
8	13 26 47 59
9	15 31 47
10	02 23 31 47
11	02 17 30 49
12	05 17 32 45
13	02 13 34 49
14	05 18 33 50
15	03 22 35 54
16	09 23 38 53
17	09 20 46 59
18	14 34 49
19	12 25
20	03
21	
22	

WIELKANOC,BOŻE NARODZENIE,NOWY ROK

5	
6	16
7	01 45
8	43
9	33
10	23
11	13
12	03 58
13	52
14	47
15	33
16	23
17	18
18	08 52
19	37
20	27
21	22
22	19

