KRUCZKOWSKIEGO - KRUCZKOWSKIEGO - KUNICKIEGO - WOLSKA - FABRYCZNA - AL. UNII LUBELSKIEJ - AL. TYSIĄCLECIA - PÓŁNOCNA - KOSMOWSKIEJ - KONCERTOWA - AL. KOMPOZYTORÓW  - ELSNERA - CHOINY - PADEREWSKIEGO

DZIEŃ POWSZEDNI, ROK SZKOLNY

5	21 40 51
6	09 22 40
7	01 19 34 43 52
8	10 24 38 51
9	12 24 40 56
10	12 27 48 56
11	12 27 42 55
12	14 30 42 57
13	10 27 38 59
14	14 30 43 58
15	15 28 47
16	00 19 34 48
17	03 18 34 45
18	10 23 37 57
19	12 35 48
20	06 26 46
21	15 34
22	04 44

SOBOTA, ROK SZKOLNY

5	54
6	05 20 39 56
7	17 43 59
8	17 36 55
9	18 42 59
10	18 36
11	00 15 37 57
12	17 37 56
13	17 40 57
14	18 36 55
15	18 39
16	02 24 39
17	01 21 41
18	05 23 38 59
19	19 44
20	04 31
21	18 56
22	43

DZIEŃ ŚWIĄTECZNY, ROK SZKOLNY

5	59
6	14 41 59
7	25 52
8	16 42
9	16 43
10	09 28 55
11	18 44
12	09 31 59
13	14 39
14	15 47
15	04 30 55
16	20 48
17	03 32
18	10 29 54
19	15 40
20	05 27
21	17 57
22	42

WIGILIA I SYLWESTER

5	21 40 51
6	09 22 40
7	01 19 34 43 52
8	10 24 38 51
9	12 24 40 56
10	12 27 48 56
11	12 27 42 55
12	14 30 42 57
13	10 27 38 59
14	14 30 43 58
15	15 28 47
16	00 19 34 48
17	03 18 34 45
18	10 23 37 57
19	12 35 48
20	26
21	
22	

WIELKANOC,BOŻE NARODZENIE,NOWY ROK

5	
6	36
7	26
8	10
9	08 58
10	48
11	38
12	28
13	23
14	17
15	12 58
16	48
17	43
18	30
19	14 59
20	49
21	44
22	39

