KRUCZKOWSKIEGO - KRUCZKOWSKIEGO - KUNICKIEGO - WOLSKA - FABRYCZNA - AL. UNII LUBELSKIEJ - AL. TYSIĄCLECIA - PÓŁNOCNA - KOSMOWSKIEJ - KONCERTOWA - AL. KOMPOZYTORÓW  - ELSNERA - CHOINY - PADEREWSKIEGO

DZIEŃ POWSZEDNI, ROK SZKOLNY

5	20 39 50
6	08 21 39
7	00 18 33 42 51
8	09 23 37 50
9	11 23 39 55
10	11 26 47 55
11	11 26 41 54
12	13 29 41 56
13	09 26 37 58
14	13 29 42 57
15	14 27 46 59
16	18 33 47
17	02 17 33 44
18	09 22 36 56
19	11 34 47
20	05 25 45
21	14 33
22	03 43

SOBOTA, ROK SZKOLNY

5	53
6	04 19 38 55
7	16 42 58
8	16 35 54
9	17 41 58
10	17 35 59
11	14 36 56
12	16 36 55
13	16 39 56
14	17 35 54
15	17 38
16	01 23 38
17	00 20 40
18	04 22 37 58
19	18 43
20	03 30
21	17 55
22	42

DZIEŃ ŚWIĄTECZNY, ROK SZKOLNY

5	58
6	13 40 58
7	24 51
8	15 41
9	15 42
10	08 27 54
11	17 43
12	08 30 58
13	13 38
14	14 46
15	03 29 54
16	19 47
17	02 31
18	09 28 53
19	14 39
20	04 26
21	16 56
22	41

WIGILIA I SYLWESTER

5	20 39 50
6	08 21 39
7	00 18 33 42 51
8	09 23 37 50
9	11 23 39 55
10	11 26 47 55
11	11 26 41 54
12	13 29 41 56
13	09 26 37 58
14	13 29 42 57
15	14 27 46 59
16	18 33 47
17	02 17 33 44
18	09 22 36 56
19	11 34 47
20	25
21	
22	

WIELKANOC,BOŻE NARODZENIE,NOWY ROK

5	
6	35
7	25
8	09
9	07 57
10	47
11	37
12	27
13	22
14	16
15	11 57
16	47
17	42
18	29
19	13 58
20	48
21	43
22	38

