KRUCZKOWSKIEGO - KRUCZKOWSKIEGO - KUNICKIEGO - WOLSKA - FABRYCZNA - AL. UNII LUBELSKIEJ - AL. TYSIĄCLECIA - PÓŁNOCNA - KOSMOWSKIEJ - KONCERTOWA - AL. KOMPOZYTORÓW  - ELSNERA - CHOINY - PADEREWSKIEGO

DZIEŃ POWSZEDNI, ROK SZKOLNY

5	19 38 49
6	07 20 37 58
7	16 31 40 49
8	07 21 35 48
9	09 21 37 53
10	09 24 45 53
11	09 24 39 52
12	11 27 39 54
13	07 24 35 56
14	11 27 40 55
15	12 25 44 57
16	16 31 45
17	00 15 31 42
18	07 20 34 54
19	09 32 45
20	03 23 43
21	12 31
22	02 42

SOBOTA, ROK SZKOLNY

5	52
6	03 18 37 54
7	14 40 56
8	14 33 52
9	15 39 56
10	15 33 57
11	12 34 54
12	14 34 53
13	14 37 54
14	15 33 52
15	15 36 59
16	21 36 58
17	18 38
18	02 20 35 56
19	16 41
20	01 28
21	15 53
22	41

DZIEŃ ŚWIĄTECZNY, ROK SZKOLNY

5	57
6	12 39 57
7	22 49
8	13 39
9	13 40
10	06 25 52
11	15 41
12	06 28 56
13	11 36
14	12 44
15	01 27 52
16	17 45
17	00 29
18	07 26 51
19	12 37
20	02 24
21	14 54
22	40

WIGILIA I SYLWESTER

5	19 38 49
6	07 20 37 58
7	16 31 40 49
8	07 21 35 48
9	09 21 37 53
10	09 24 45 53
11	09 24 39 52
12	11 27 39 54
13	07 24 35 56
14	11 27 40 55
15	12 25 44 57
16	16 31 45
17	00 15 31 42
18	07 20 34 54
19	09 32 45
20	23
21	
22	

WIELKANOC,BOŻE NARODZENIE,NOWY ROK

5	
6	34
7	23
8	07
9	05 55
10	45
11	35
12	25
13	20
14	14
15	09 55
16	45
17	40
18	27
19	11 56
20	46
21	41
22	37

