KRUCZKOWSKIEGO - KRUCZKOWSKIEGO - KUNICKIEGO - WOLSKA - FABRYCZNA - AL. UNII LUBELSKIEJ - AL. TYSIĄCLECIA - PÓŁNOCNA - KOSMOWSKIEJ - KONCERTOWA - AL. KOMPOZYTORÓW  - ELSNERA - CHOINY - PADEREWSKIEGO

DZIEŃ POWSZEDNI, ROK SZKOLNY

4	51
5	21 39 52
6	08 26 43 58
7	07 16 34 48
8	02 15 36 48
9	04 20 36 51
10	12 20 36 51
11	06 19 38 54
12	06 21 34 51
13	02 23 38 54
14	06 21 38 51
15	10 23 42 57
16	11 26 41 57
17	08 34 47
18	04 24 39
19	02 15 33 53
20	13 42
21	01 32
22	14

SOBOTA, ROK SZKOLNY

4	
5	35 50
6	09 26 44
7	07 23 41
8	00 19 42
9	06 23 42
10	00 24 39
11	01 21 41
12	01 20 41
13	04 21 42
14	00 19 42
15	03 26 48
16	03 25 45
17	05 30 50
18	06 27 47
19	12 32 59
20	46
21	24
22	13

DZIEŃ ŚWIĄTECZNY, ROK SZKOLNY

4	
5	29 44
6	11 29 50
7	16 40
8	06 40
9	07 33 52
10	19 42
11	08 33 55
12	23 38
13	03 39
14	11 28 54
15	19 44
16	12 27 56
17	35 56
18	22 43
19	08 33 55
20	45
21	25
22	12

WIGILIA I SYLWESTER

4	51
5	21 39 52
6	08 26 43 58
7	07 16 34 48
8	02 15 36 48
9	04 20 36 51
10	12 20 36 51
11	06 19 38 54
12	06 21 34 51
13	02 23 38 54
14	06 21 38 51
15	10 23 42 57
16	11 26 41 57
17	08 34 47
18	04 24 39
19	02 15 53
20	
21	
22	

WIELKANOC,BOŻE NARODZENIE,NOWY ROK

4	
5	
6	06 51
7	34
8	32
9	22
10	12
11	02 52
12	47
13	41
14	36
15	22
16	12
17	07 57
18	42
19	27
20	17
21	12
22	09

