KRUCZKOWSKIEGO - KRUCZKOWSKIEGO - KUNICKIEGO - WOLSKA - FABRYCZNA - AL. UNII LUBELSKIEJ - AL. TYSIĄCLECIA - PÓŁNOCNA - KOSMOWSKIEJ - KONCERTOWA - AL. KOMPOZYTORÓW  - ELSNERA - CHOINY - PADEREWSKIEGO

DZIEŃ POWSZEDNI, ROK SZKOLNY

4	54
5	24 42 55
6	11 29 47
7	02 11 20 38 52
8	06 19 40 52
9	08 24 40 55
10	16 24 40 55
11	10 23 42 58
12	10 25 38 55
13	06 27 42 58
14	11 26 43 56
15	15 28 47
16	02 16 31 46
17	02 13 39 52
18	07 27 42
19	05 18 36 56
20	16 45
21	04 35
22	17

SOBOTA, ROK SZKOLNY

4	
5	38 53
6	12 29 47
7	11 27 45
8	04 23 46
9	10 27 46
10	04 28 43
11	05 25 45
12	05 24 45
13	08 25 46
14	04 23 46
15	07 30 52
16	07 29 49
17	09 34 54
18	09 30 50
19	15 35
20	02 49
21	27
22	16

DZIEŃ ŚWIĄTECZNY, ROK SZKOLNY

4	
5	32 47
6	14 32 53
7	20 44
8	10 44
9	11 37 56
10	23 46
11	12 37 59
12	27 42
13	07 43
14	15 32 58
15	23 48
16	16 31
17	00 39
18	00 25 46
19	11 36 58
20	48
21	28
22	15

WIGILIA I SYLWESTER

4	54
5	24 42 55
6	11 29 47
7	02 11 20 38 52
8	06 19 40 52
9	08 24 40 55
10	16 24 40 55
11	10 23 42 58
12	10 25 38 55
13	06 27 42 58
14	11 26 43 56
15	15 28 47
16	02 16 31 46
17	02 13 39 52
18	07 27 42
19	05 18 56
20	
21	
22	

WIELKANOC,BOŻE NARODZENIE,NOWY ROK

4	
5	
6	09 54
7	38
8	36
9	26
10	16
11	06 56
12	51
13	45
14	40
15	26
16	16
17	11
18	01 45
19	30
20	20
21	15
22	12

