KRUCZKOWSKIEGO - KRUCZKOWSKIEGO - KUNICKIEGO - WOLSKA - FABRYCZNA - AL. UNII LUBELSKIEJ - AL. TYSIĄCLECIA - PÓŁNOCNA - KOSMOWSKIEJ - KONCERTOWA - AL. KOMPOZYTORÓW  - ELSNERA - CHOINY - PADEREWSKIEGO

DZIEŃ POWSZEDNI, ROK SZKOLNY

4	56
5	26 44 57
6	13 31 49
7	04 13 22 40 54
8	08 21 42 54
9	10 26 42 57
10	18 26 42 57
11	12 25 44
12	00 12 27 40 57
13	08 29 44
14	00 13 28 45 58
15	17 30 49
16	04 18 33 48
17	04 15 41 54
18	09 29 44
19	07 20 38 58
20	18 47
21	06 37
22	19

SOBOTA, ROK SZKOLNY

4	
5	40 55
6	14 31 49
7	13 29 47
8	06 25 48
9	12 29 48
10	06 30 45
11	07 27 47
12	07 26 47
13	10 27 48
14	06 25 48
15	09 32 54
16	09 31 51
17	11 36 56
18	11 32 52
19	17 37
20	04 51
21	29
22	18

DZIEŃ ŚWIĄTECZNY, ROK SZKOLNY

4	
5	34 49
6	16 34 55
7	22 46
8	12 46
9	13 39 58
10	25 48
11	14 39
12	01 29 44
13	09 45
14	17 34
15	00 25 50
16	18 33
17	02 41
18	02 27 48
19	13 38
20	00 50
21	30
22	17

WIGILIA I SYLWESTER

4	56
5	26 44 57
6	13 31 49
7	04 13 22 40 54
8	08 21 42 54
9	10 26 42 57
10	18 26 42 57
11	12 25 44
12	00 12 27 40 57
13	08 29 44
14	00 13 28 45 58
15	17 30 49
16	04 18 33 48
17	04 15 41 54
18	09 29 44
19	07 20 58
20	
21	
22	

WIELKANOC,BOŻE NARODZENIE,NOWY ROK

4	
5	
6	11 56
7	40
8	38
9	28
10	18
11	08 58
12	53
13	47
14	42
15	28
16	18
17	13
18	03 47
19	32
20	22
21	17
22	14

