KRUCZKOWSKIEGO - KRUCZKOWSKIEGO - KUNICKIEGO - WOLSKA - FABRYCZNA - AL. UNII LUBELSKIEJ - AL. TYSIĄCLECIA - PÓŁNOCNA - KOSMOWSKIEJ - KONCERTOWA - AL. KOMPOZYTORÓW  - ELSNERA - CHOINY - PADEREWSKIEGO

DZIEŃ POWSZEDNI, ROK SZKOLNY

4	57
5	27 45 58
6	14 32 50
7	05 14 23 41 55
8	09 22 43 55
9	11 27 43 58
10	19 27 43 58
11	13 26 45
12	01 13 28 41 58
13	09 30 45
14	01 14 29 46 59
15	18 31 50
16	05 19 34 49
17	05 16 42 55
18	10 30 45
19	08 21 39 59
20	19 48
21	07 38
22	20

SOBOTA, ROK SZKOLNY

4	
5	41 56
6	15 32 50
7	14 30 48
8	07 26 49
9	13 30 49
10	07 31 46
11	08 28 48
12	08 27 48
13	11 28 49
14	07 26 49
15	10 33 55
16	10 32 52
17	12 37 57
18	12 33 53
19	18 38
20	05 52
21	30
22	19

DZIEŃ ŚWIĄTECZNY, ROK SZKOLNY

4	
5	35 50
6	17 35 56
7	23 47
8	13 47
9	14 40 59
10	26 49
11	15 40
12	02 30 45
13	10 46
14	18 35
15	01 26 51
16	19 34
17	03 42
18	03 28 49
19	14 39
20	01 51
21	31
22	18

WIGILIA I SYLWESTER

4	57
5	27 45 58
6	14 32 50
7	05 14 23 41 55
8	09 22 43 55
9	11 27 43 58
10	19 27 43 58
11	13 26 45
12	01 13 28 41 58
13	09 30 45
14	01 14 29 46 59
15	18 31 50
16	05 19 34 49
17	05 16 42 55
18	10 30 45
19	08 21 59
20	
21	
22	

WIELKANOC,BOŻE NARODZENIE,NOWY ROK

4	
5	
6	12 57
7	41
8	39
9	29
10	19
11	09 59
12	54
13	48
14	43
15	29
16	19
17	14
18	04 48
19	33
20	23
21	18
22	15

