CHODŹKI - SZPITAL - CHODŹKI - OBYWATELSKA - LUBARTOWSKA - KRÓLEWSKA - ZAMOJSKA - FABRYCZNA - DROGA M. MAJDANKA - MAJDANEK

DZIEŃ POWSZEDNI, ROK SZKOLNY

5	30 50
6	10 32
7	01 21 41
8	01 21 41
9	01 26 46
10	06 26 46
11	06 26 46
12	06 26 46
13	06 26 46
14	06 25 45
15	05 29 45
16	05 25 45
17	05 22 42
18	02 22 42
19	02 22 42
20	02 31
21	01 31
22	01 29

SOBOTA, ROK SZKOLNY

5	30 58
6	30 50
7	12 32 52
8	12 32 55
9	12 32 52
10	12 32 52
11	12 33 53
12	13 33 53
13	13 33 53
14	13 33 53
15	13 33 53
16	13 33 53
17	13 33 53
18	13 33 53
19	13 33 53
20	12 32
21	02 32
22	02 30

DZIEŃ ŚWIĄTECZNY, ROK SZKOLNY

5	30
6	00 30
7	00 30
8	00 32
9	02 32
10	02 32
11	02 33 53
12	13 33 53
13	13 33 53
14	13 33 53
15	13 33 53
16	12 32 52
17	12 32 52
18	12 32 52
19	12 32 52
20	12 32
21	02 32
22	02 30

WSZYSTKICH ŚWIĘTYCH

5	30
6	00 30
7	00 30
8	00 32 49
9	02 19 32 49
10	02 19 32 49
11	02 20 33 45 53
12	05 13 25 33 45 53
13	05 13 25 33 45 53
14	05 13 25 33 45 53
15	05 13 25 33 45 53
16	05 12 25 32 45 52
17	05 12 25 32 45 52
18	12 32 52
19	12 32 52
20	12 32
21	02 32
22	02 30

WIGILIA I SYLWESTER

5	30 50
6	10 32
7	01 21 41
8	01 21 41
9	01 26 46
10	06 26 46
11	06 26 46
12	06 26 46
13	06 26 46
14	06 25 45
15	05 29 45
16	05 25 45
17	05 22 42
18	02 22 42
19	02 22
20	02
21	
22	

WIELKANOC,BOŻE NARODZENIE,NOWY ROK

5	
6	
7	36
8	58
9	
10	08
11	19
12	29
13	39
14	49
15	59
16	
17	08
18	28
19	38
20	48
21	58
22	

