CHODŹKI - SZPITAL - CHODŹKI - OBYWATELSKA - LUBARTOWSKA - KRÓLEWSKA - ZAMOJSKA - FABRYCZNA - DROGA M. MAJDANKA - MAJDANEK

DZIEŃ POWSZEDNI, ROK SZKOLNY

5	27 47
6	07 29 57
7	17 37 57
8	17 37 57
9	22 42
10	02 22 42
11	02 22 42
12	02 22 42
13	02 22 42
14	02 21 41
15	01 25 41
16	01 21 41
17	01 18 38 58
18	18 38 58
19	18 38 58
20	28 58
21	28 58
22	26

SOBOTA, ROK SZKOLNY

5	27 55
6	27 47
7	09 29 49
8	09 29 52
9	09 29 49
10	09 29 49
11	09 30 50
12	10 30 50
13	10 30 50
14	10 30 50
15	10 30 50
16	10 30 50
17	10 30 50
18	10 30 50
19	10 30 50
20	09 29 59
21	29 59
22	27

DZIEŃ ŚWIĄTECZNY, ROK SZKOLNY

5	27 57
6	27 57
7	27 57
8	29 59
9	29 59
10	29 59
11	30 50
12	10 30 50
13	10 30 50
14	10 30 50
15	10 30 50
16	09 29 49
17	09 29 49
18	09 29 49
19	09 29 49
20	09 29 59
21	29 59
22	27

WSZYSTKICH ŚWIĘTYCH

5	27 57
6	27 57
7	27 57
8	29 46 59
9	16 29 46 59
10	16 29 46 59
11	17 30 42 50
12	02 10 22 30 42 50
13	02 10 22 30 42 50
14	02 10 22 30 42 50
15	02 10 22 30 42 50
16	02 09 22 29 42 49
17	02 09 22 29 42 49
18	09 29 49
19	09 29 49
20	09 29 59
21	29 59
22	27

WIGILIA I SYLWESTER

5	27 47
6	07 29 57
7	17 37 57
8	17 37 57
9	22 42
10	02 22 42
11	02 22 42
12	02 22 42
13	02 22 42
14	02 21 41
15	01 25 41
16	01 21 41
17	01 18 38 58
18	18 38 58
19	18 58
20	
21	
22	

WIELKANOC,BOŻE NARODZENIE,NOWY ROK

5	
6	
7	33
8	55
9	
10	05
11	16
12	26
13	36
14	46
15	56
16	
17	05
18	25
19	35
20	45
21	55
22	

