CHODŹKI - SZPITAL - CHODŹKI - OBYWATELSKA - LUBARTOWSKA - KRÓLEWSKA - ZAMOJSKA - FABRYCZNA - DROGA M. MAJDANKA - MAJDANEK

DZIEŃ POWSZEDNI, ROK SZKOLNY

5	19 39 59
6	21 48
7	08 28 48
8	08 28 48
9	13 33 53
10	13 33 53
11	13 33 53
12	13 33 53
13	13 33 53
14	10 30 50
15	14 30 50
16	10 30 50
17	09 29 49
18	09 29 49
19	09 29 49
20	19 49
21	19 49
22	18

SOBOTA, ROK SZKOLNY

5	19 47
6	19 39
7	00 20 40
8	00 20 43
9	00 20 40
10	00 20 40
11	00 21 41
12	01 21 41
13	01 21 41
14	01 21 41
15	01 21 41
16	01 21 41
17	01 21 41
18	01 21 41
19	01 21 41
20	00 20 50
21	20 50
22	19

DZIEŃ ŚWIĄTECZNY, ROK SZKOLNY

5	19 49
6	19 49
7	19 49
8	20 50
9	20 50
10	20 50
11	21 41
12	01 21 41
13	01 21 41
14	01 21 41
15	01 21 41
16	00 20 40
17	00 20 40
18	00 20 40
19	00 20 40
20	00 20 50
21	20 50
22	19

WSZYSTKICH ŚWIĘTYCH

5	19 49
6	19 49
7	19 49
8	20 37 50
9	07 20 37 50
10	07 20 37 50
11	08 21 33 41 53
12	01 13 21 33 41 53
13	01 13 21 33 41 53
14	01 13 21 33 41 53
15	01 13 21 33 41 53
16	00 13 20 33 40 53
17	00 13 20 33 40
18	00 20 40
19	00 20 40
20	00 20 50
21	20 50
22	19

WIGILIA I SYLWESTER

5	19 39 59
6	21 48
7	08 28 48
8	08 28 48
9	13 33 53
10	13 33 53
11	13 33 53
12	13 33 53
13	13 33 53
14	10 30 50
15	14 30 50
16	10 30 50
17	09 29 49
18	09 29 49
19	09 49
20	
21	
22	

WIELKANOC,BOŻE NARODZENIE,NOWY ROK

5	
6	
7	25
8	46
9	56
10	
11	07
12	17
13	27
14	37
15	47
16	56
17	
18	16
19	26
20	36
21	46
22	

