CHODŹKI - SZPITAL - CHODŹKI - OBYWATELSKA - LUBARTOWSKA - KRÓLEWSKA - ZAMOJSKA - FABRYCZNA - DROGA M. MAJDANKA - MAJDANEK

DZIEŃ POWSZEDNI, ROK SZKOLNY

5	17 37 57
6	19 45
7	05 25 45
8	05 25 45
9	10 30 50
10	10 30 50
11	10 30 50
12	10 30 50
13	10 30 50
14	07 27 47
15	11 27 47
16	07 27 47
17	06 26 46
18	06 26 46
19	06 26 46
20	17 47
21	17 47
22	16

SOBOTA, ROK SZKOLNY

5	17 45
6	17 37 58
7	18 38 58
8	18 41 58
9	18 38 58
10	18 38 58
11	18 38 58
12	18 38 58
13	18 38 58
14	18 38 58
15	18 38 58
16	18 38 58
17	18 38 58
18	18 38 58
19	18 38 57
20	18 48
21	18 48
22	17

DZIEŃ ŚWIĄTECZNY, ROK SZKOLNY

5	17 47
6	17 47
7	17 47
8	18 48
9	18 48
10	18 48
11	18 38 58
12	18 38 58
13	18 38 58
14	18 38 58
15	18 38 57
16	18 38 58
17	18 38 58
18	18 38 58
19	18 38 58
20	18 48
21	18 48
22	17

WSZYSTKICH ŚWIĘTYCH

5	17 47
6	17 47
7	17 47
8	18 35 48
9	05 18 35 48
10	05 18 35 48
11	05 18 30 38 50 58
12	10 18 30 38 50 58
13	10 18 30 38 50 58
14	10 18 30 38 50 58
15	10 18 30 38 50 57
16	11 18 31 38 51 58
17	11 18 31 38 58
18	18 38 58
19	18 38 58
20	18 48
21	18 48
22	17

WIGILIA I SYLWESTER

5	17 37 57
6	19 45
7	05 25 45
8	05 25 45
9	10 30 50
10	10 30 50
11	10 30 50
12	10 30 50
13	10 30 50
14	07 27 47
15	11 27 47
16	07 27 47
17	06 26 46
18	06 26 46
19	06 46
20	
21	
22	

WIELKANOC,BOŻE NARODZENIE,NOWY ROK

5	
6	
7	23
8	44
9	54
10	
11	04
12	14
13	24
14	34
15	44
16	54
17	
18	14
19	24
20	34
21	44
22	

