CHODŹKI - SZPITAL - CHODŹKI - OBYWATELSKA - LUBARTOWSKA - KRÓLEWSKA - ZAMOJSKA - FABRYCZNA - DROGA M. MAJDANKA - MAJDANEK

DZIEŃ POWSZEDNI, ROK SZKOLNY

5	18 38 58
6	20 46
7	06 26 46
8	06 26 46
9	11 31 51
10	11 31 51
11	11 31 51
12	11 31 51
13	11 31 51
14	08 28 48
15	12 28 48
16	08 28 48
17	07 27 47
18	07 27 47
19	07 27 47
20	18 48
21	18 48
22	17

SOBOTA, ROK SZKOLNY

5	18 46
6	18 38 59
7	19 39 59
8	19 42 59
9	19 39 59
10	19 39 59
11	19 39 59
12	19 39 59
13	19 39 59
14	19 39 59
15	19 39 59
16	19 39 59
17	19 39 59
18	19 39 59
19	19 39 58
20	19 49
21	19 49
22	18

DZIEŃ ŚWIĄTECZNY, ROK SZKOLNY

5	18 48
6	18 48
7	18 48
8	19 49
9	19 49
10	19 49
11	19 39 59
12	19 39 59
13	19 39 59
14	19 39 59
15	19 39 58
16	19 39 59
17	19 39 59
18	19 39 59
19	19 39 59
20	19 49
21	19 49
22	18

WSZYSTKICH ŚWIĘTYCH

5	18 48
6	18 48
7	18 48
8	19 36 49
9	06 19 36 49
10	06 19 36 49
11	06 19 31 39 51 59
12	11 19 31 39 51 59
13	11 19 31 39 51 59
14	11 19 31 39 51 59
15	11 19 31 39 51 58
16	12 19 32 39 52 59
17	12 19 32 39 59
18	19 39 59
19	19 39 59
20	19 49
21	19 49
22	18

WIGILIA I SYLWESTER

5	18 38 58
6	20 46
7	06 26 46
8	06 26 46
9	11 31 51
10	11 31 51
11	11 31 51
12	11 31 51
13	11 31 51
14	08 28 48
15	12 28 48
16	08 28 48
17	07 27 47
18	07 27 47
19	07 47
20	
21	
22	

WIELKANOC,BOŻE NARODZENIE,NOWY ROK

5	
6	
7	24
8	45
9	55
10	
11	05
12	15
13	25
14	35
15	45
16	55
17	
18	15
19	25
20	35
21	45
22	

