CHODŹKI - SZPITAL - CHODŹKI - OBYWATELSKA - LUBARTOWSKA - KRÓLEWSKA - ZAMOJSKA - FABRYCZNA - DROGA M. MAJDANKA - MAJDANEK

DZIEŃ POWSZEDNI, ROK SZKOLNY

5	16 36 56
6	18 43
7	03 23 43
8	03 23 43
9	08 28 48
10	08 28 48
11	08 28 48
12	08 28 48
13	08 28 48
14	03 23 43
15	07 23 43
16	03 23 43
17	04 24 44
18	04 24 44
19	04 24 44
20	15 45
21	15 45
22	15

SOBOTA, ROK SZKOLNY

5	16 44
6	16 36 57
7	16 36 56
8	16 39 56
9	16 36 56
10	16 36 56
11	16 36 56
12	16 36 56
13	16 36 56
14	16 36 56
15	16 36 56
16	16 36 56
17	16 36 56
18	16 36 56
19	16 36 55
20	16 46
21	16 46
22	16

DZIEŃ ŚWIĄTECZNY, ROK SZKOLNY

5	16 46
6	16 46
7	16 46
8	16 46
9	16 46
10	16 46
11	16 36 56
12	16 36 56
13	16 36 56
14	16 36 56
15	16 36 55
16	16 36 56
17	16 36 56
18	16 36 56
19	16 36 56
20	16 46
21	16 46
22	16

WSZYSTKICH ŚWIĘTYCH

5	16 46
6	16 46
7	16 46
8	16 33 46
9	03 16 33 46
10	03 16 33 46
11	03 16 28 36 48 56
12	08 16 28 36 48 56
13	08 16 28 36 48 56
14	08 16 28 36 48 56
15	08 16 28 36 48 55
16	09 16 29 36 49 56
17	09 16 29 36 56
18	16 36 56
19	16 36 56
20	16 46
21	16 46
22	16

WIGILIA I SYLWESTER

5	16 36 56
6	18 43
7	03 23 43
8	03 23 43
9	08 28 48
10	08 28 48
11	08 28 48
12	08 28 48
13	08 28 48
14	03 23 43
15	07 23 43
16	03 23 43
17	04 24 44
18	04 24 44
19	04 44
20	
21	
22	

WIELKANOC,BOŻE NARODZENIE,NOWY ROK

5	
6	
7	22
8	42
9	52
10	
11	02
12	12
13	22
14	32
15	42
16	52
17	
18	12
19	22
20	32
21	42
22	

