CHODŹKI - SZPITAL - CHODŹKI - OBYWATELSKA - LUBARTOWSKA - KRÓLEWSKA - ZAMOJSKA - FABRYCZNA - DROGA M. MAJDANKA - MAJDANEK

DZIEŃ POWSZEDNI, ROK SZKOLNY

5	23 43
6	03 25 52
7	12 32 52
8	12 32 52
9	17 37 57
10	17 37 57
11	17 37 57
12	17 37 57
13	17 37 57
14	14 34 54
15	18 34 54
16	14 34 54
17	13 33 53
18	13 33 53
19	13 33 53
20	23 53
21	23 53
22	22

SOBOTA, ROK SZKOLNY

5	23 51
6	23 43
7	04 24 44
8	04 24 47
9	04 24 44
10	04 24 44
11	04 25 45
12	05 25 45
13	05 25 45
14	05 25 45
15	05 25 45
16	05 25 45
17	05 25 45
18	05 25 45
19	05 25 45
20	04 24 54
21	24 54
22	23

DZIEŃ ŚWIĄTECZNY, ROK SZKOLNY

5	23 53
6	23 53
7	23 53
8	24 54
9	24 54
10	24 54
11	25 45
12	05 25 45
13	05 25 45
14	05 25 45
15	05 25 45
16	04 24 44
17	04 24 44
18	04 24 44
19	04 24 44
20	04 24 54
21	24 54
22	23

WSZYSTKICH ŚWIĘTYCH

5	23 53
6	23 53
7	23 53
8	24 41 54
9	11 24 41 54
10	11 24 41 54
11	12 25 37 45 57
12	05 17 25 37 45 57
13	05 17 25 37 45 57
14	05 17 25 37 45 57
15	05 17 25 37 45 57
16	04 17 24 37 44 57
17	04 17 24 37 44
18	04 24 44
19	04 24 44
20	04 24 54
21	24 54
22	23

WIGILIA I SYLWESTER

5	23 43
6	03 25 52
7	12 32 52
8	12 32 52
9	17 37 57
10	17 37 57
11	17 37 57
12	17 37 57
13	17 37 57
14	14 34 54
15	18 34 54
16	14 34 54
17	13 33 53
18	13 33 53
19	13 53
20	
21	
22	

WIELKANOC,BOŻE NARODZENIE,NOWY ROK

5	
6	
7	29
8	50
9	
10	00
11	11
12	21
13	31
14	41
15	51
16	
17	00
18	20
19	30
20	40
21	50
22	

