WĘGLIN - AL. KRAŚNICKA - ROZTOCZE - ORKANA - ARMII KRAJOWEJ - B. M. CASSINO - WILEŃSKA - GŁĘBOKA - NARUTOWICZA - AL. PIŁSUDSKIEGO - AL. ZYGMUNTOWSKIE - FABRYCZNA - DROGA M. MAJDANKA - MAJDANEK

DZIEŃ POWSZEDNI, ROK SZKOLNY

5	24 44
6	04 25 38 58
7	18 38 58
8	18 38 49
9	15 35 55
10	15 35 55
11	15 35 55
12	15 35 55
13	15 35 49
14	10 30 50
15	10 30 50
16	10 30 49
17	10 30 50
18	10 30 50
19	10 30 50
20	04 34
21	04 34
22	04 29

SOBOTA, ROK SZKOLNY

5	04 34
6	04 24 44
7	04 24 44
8	04 24 44
9	04 24 44
10	04 24 44
11	03 23 43
12	03 23 43
13	03 23 43
14	03 23 43
15	03 24 44
16	04 24 44
17	04 24 44
18	04 24 44
19	04 24 44
20	04 34
21	04 34
22	04 29

DZIEŃ ŚWIĄTECZNY, ROK SZKOLNY

5	34
6	04 34
7	04 34
8	04 34
9	04 34
10	04 34
11	05 25 45
12	05 25 45
13	05 25 45
14	05 25 45
15	05 25 45
16	05 25 45
17	05 25 45
18	05 25 45
19	05 25 45
20	04 34
21	04 34
22	04 29

WSZYSTKICH ŚWIĘTYCH

5	34
6	04 34
7	04 34
8	04 19 34 49
9	04 19 34 49
10	04 19 34 49
11	05 15 25 35 45 55
12	05 15 25 35 45 55
13	05 15 25 35 45 55
14	05 15 25 35 45 55
15	05 15 25 35 45 55
16	05 15 25 35 45 55
17	05 15 25 35 45
18	05 25 45
19	05 25 45
20	04 34
21	04 34
22	04 29

WIGILIA I SYLWESTER

5	24 44
6	04 25 38 58
7	18 38 58
8	18 38 49
9	15 35 55
10	15 35 55
11	15 35 55
12	15 35 55
13	15 35 49
14	10 30 50
15	10 30 50
16	10 30 49
17	10 30 50
18	10 30 50
19	30 50
20	
21	
22	

WIELKANOC,BOŻE NARODZENIE,NOWY ROK

5	37
6	22
7	07 52
8	47
9	32
10	17
11	02 47
12	32
13	17
14	02 47
15	32
16	17
17	02 57
18	42
19	27
20	12 57
21	42
22	27

