WĘGLIN - AL. KRAŚNICKA - ROZTOCZE - ORKANA - ARMII KRAJOWEJ - B. M. CASSINO - WILEŃSKA - GŁĘBOKA - NARUTOWICZA - AL. PIŁSUDSKIEGO - AL. ZYGMUNTOWSKIE - FABRYCZNA - DROGA M. MAJDANKA - MAJDANEK

DZIEŃ POWSZEDNI, ROK SZKOLNY

5	45
6	05 25 53
7	09 29 49
8	09 29 49
9	09 18 38 58
10	18 38 58
11	18 38 58
12	18 38 58
13	18 38 58
14	13 36 56
15	16 36 56
16	16 36 56
17	13 33 53
18	13 33 53
19	13 33 53
20	12 26 56
21	26 56
22	25 50

SOBOTA, ROK SZKOLNY

5	25 55
6	25 45
7	06 27 47
8	07 27 47
9	07 27 47
10	07 27 47
11	07 26 46
12	06 26 46
13	06 26 46
14	06 26 46
15	06 26 47
16	07 27 47
17	07 27 47
18	07 27 47
19	07 27 47
20	07 26 56
21	26 56
22	25 50

DZIEŃ ŚWIĄTECZNY, ROK SZKOLNY

5	55
6	25 55
7	25 55
8	26 56
9	26 56
10	26 56
11	22 27 47
12	07 27 47
13	07 27 47
14	07 27 47
15	07 27 47
16	07 27 47
17	07 27 47
18	07 27 47
19	07 27 47
20	07 26 56
21	26 56
22	25 50

WSZYSTKICH ŚWIĘTYCH

5	55
6	25 55
7	25 55
8	26 41 56
9	11 26 41 56
10	11 26 41 56
11	11 22 27 37 47 57
12	07 17 27 37 47 57
13	07 17 27 37 47 57
14	07 17 27 37 47 57
15	07 17 27 37 47 57
16	07 17 27 37 47 57
17	07 17 27 37 47 57
18	07 27 47
19	07 27 47
20	07 26 56
21	26 56
22	25 50

WIGILIA I SYLWESTER

5	45
6	05 25 53
7	09 29 49
8	09 29 49
9	09 18 38 58
10	18 38 58
11	18 38 58
12	18 38 58
13	18 38 58
14	13 36 56
15	16 36 56
16	16 36 56
17	13 33 53
18	13 33 53
19	13 53
20	12
21	
22	

WIELKANOC,BOŻE NARODZENIE,NOWY ROK

5	58
6	43
7	28
8	14
9	09 54
10	39
11	24
12	09 54
13	39
14	24
15	09 54
16	39
17	24
18	19
19	04 49
20	34
21	19
22	04 48

