WĘGLIN - AL. KRAŚNICKA - ROZTOCZE - ORKANA - ARMII KRAJOWEJ - B. M. CASSINO - WILEŃSKA - GŁĘBOKA - NARUTOWICZA - AL. PIŁSUDSKIEGO - AL. ZYGMUNTOWSKIE - FABRYCZNA - DROGA M. MAJDANKA - MAJDANEK

DZIEŃ POWSZEDNI, ROK SZKOLNY

5	46
6	06 26 54
7	10 30 50
8	10 30 50
9	10 19 39 59
10	19 39 59
11	19 39 59
12	19 39 59
13	19 39 59
14	14 37 57
15	17 37 57
16	17 37 57
17	14 34 54
18	14 34 54
19	14 34 54
20	13 27 57
21	27 57
22	26 51

SOBOTA, ROK SZKOLNY

5	26 56
6	26 46
7	07 28 48
8	08 28 48
9	08 28 48
10	08 28 48
11	08 27 47
12	07 27 47
13	07 27 47
14	07 27 47
15	07 27 48
16	08 28 48
17	08 28 48
18	08 28 48
19	08 28 48
20	08 27 57
21	27 57
22	26 51

DZIEŃ ŚWIĄTECZNY, ROK SZKOLNY

5	56
6	26 56
7	26 56
8	27 57
9	27 57
10	27 57
11	23 28 48
12	08 28 48
13	08 28 48
14	08 28 48
15	08 28 48
16	08 28 48
17	08 28 48
18	08 28 48
19	08 28 48
20	08 27 57
21	27 57
22	26 51

WSZYSTKICH ŚWIĘTYCH

5	56
6	26 56
7	26 56
8	27 42 57
9	12 27 42 57
10	12 27 42 57
11	12 23 28 38 48 58
12	08 18 28 38 48 58
13	08 18 28 38 48 58
14	08 18 28 38 48 58
15	08 18 28 38 48 58
16	08 18 28 38 48 58
17	08 18 28 38 48 58
18	08 28 48
19	08 28 48
20	08 27 57
21	27 57
22	26 51

WIGILIA I SYLWESTER

5	46
6	06 26 54
7	10 30 50
8	10 30 50
9	10 19 39 59
10	19 39 59
11	19 39 59
12	19 39 59
13	19 39 59
14	14 37 57
15	17 37 57
16	17 37 57
17	14 34 54
18	14 34 54
19	14 54
20	13
21	
22	

WIELKANOC,BOŻE NARODZENIE,NOWY ROK

5	59
6	44
7	29
8	15
9	10 55
10	40
11	25
12	10 55
13	40
14	25
15	10 55
16	40
17	25
18	20
19	05 50
20	35
21	20
22	05 49

