WĘGLIN - AL. KRAŚNICKA - ROZTOCZE - ORKANA - ARMII KRAJOWEJ - B. M. CASSINO - WILEŃSKA - GŁĘBOKA - NARUTOWICZA - AL. PIŁSUDSKIEGO - AL. ZYGMUNTOWSKIE - FABRYCZNA - DROGA M. MAJDANKA - MAJDANEK

DZIEŃ POWSZEDNI, ROK SZKOLNY

5	44
6	04 24 52
7	08 28 48
8	08 28 48
9	08 17 37 57
10	17 37 57
11	17 37 57
12	17 37 57
13	17 37 57
14	12 35 55
15	15 35 55
16	15 35 55
17	12 32 52
18	12 32 52
19	12 32 52
20	11 25 55
21	25 55
22	24 49

SOBOTA, ROK SZKOLNY

5	24 54
6	24 44
7	05 26 46
8	06 26 46
9	06 26 46
10	06 26 46
11	06 25 45
12	05 25 45
13	05 25 45
14	05 25 45
15	05 25 46
16	06 26 46
17	06 26 46
18	06 26 46
19	06 26 46
20	06 25 55
21	25 55
22	24 49

DZIEŃ ŚWIĄTECZNY, ROK SZKOLNY

5	54
6	24 54
7	24 54
8	25 55
9	25 55
10	25 55
11	21 26 46
12	06 26 46
13	06 26 46
14	06 26 46
15	06 26 46
16	06 26 46
17	06 26 46
18	06 26 46
19	06 26 46
20	06 25 55
21	25 55
22	24 49

WSZYSTKICH ŚWIĘTYCH

5	54
6	24 54
7	24 54
8	25 40 55
9	10 25 40 55
10	10 25 40 55
11	10 21 26 36 46 56
12	06 16 26 36 46 56
13	06 16 26 36 46 56
14	06 16 26 36 46 56
15	06 16 26 36 46 56
16	06 16 26 36 46 56
17	06 16 26 36 46 56
18	06 26 46
19	06 26 46
20	06 25 55
21	25 55
22	24 49

WIGILIA I SYLWESTER

5	44
6	04 24 52
7	08 28 48
8	08 28 48
9	08 17 37 57
10	17 37 57
11	17 37 57
12	17 37 57
13	17 37 57
14	12 35 55
15	15 35 55
16	15 35 55
17	12 32 52
18	12 32 52
19	12 52
20	11
21	
22	

WIELKANOC,BOŻE NARODZENIE,NOWY ROK

5	57
6	42
7	27
8	13
9	08 53
10	38
11	23
12	08 53
13	38
14	23
15	08 53
16	38
17	23
18	18
19	03 48
20	33
21	18
22	03 47

