WĘGLIN - AL. KRAŚNICKA - ROZTOCZE - ORKANA - ARMII KRAJOWEJ - B. M. CASSINO - WILEŃSKA - GŁĘBOKA - NARUTOWICZA - AL. PIŁSUDSKIEGO - AL. ZYGMUNTOWSKIE - FABRYCZNA - DROGA M. MAJDANKA - MAJDANEK

DZIEŃ POWSZEDNI, ROK SZKOLNY

5	41
6	01 21 48
7	04 24 44
8	04 24 44
9	04 13 33 53
10	13 33 53
11	13 33 53
12	13 33 53
13	13 33 53
14	08 31 51
15	11 31 51
16	11 31 51
17	08 28 48
18	08 28 48
19	08 28 48
20	08 22 52
21	22 52
22	21 46

SOBOTA, ROK SZKOLNY

5	21 51
6	21 41
7	02 23 43
8	03 23 43
9	03 23 43
10	03 23 43
11	03 22 42
12	02 22 42
13	02 22 42
14	02 22 42
15	02 22 43
16	03 23 43
17	03 23 43
18	03 23 43
19	03 23 43
20	03 22 52
21	22 52
22	21 46

DZIEŃ ŚWIĄTECZNY, ROK SZKOLNY

5	51
6	21 51
7	21 51
8	22 52
9	22 52
10	22 52
11	18 23 43
12	03 23 43
13	03 23 43
14	03 23 43
15	03 23 43
16	03 23 43
17	03 23 43
18	03 23 43
19	03 23 43
20	03 22 52
21	22 52
22	21 46

WSZYSTKICH ŚWIĘTYCH

5	51
6	21 51
7	21 51
8	22 37 52
9	07 22 37 52
10	07 22 37 52
11	07 18 23 33 43 53
12	03 13 23 33 43 53
13	03 13 23 33 43 53
14	03 13 23 33 43 53
15	03 13 23 33 43 53
16	03 13 23 33 43 53
17	03 13 23 33 43 53
18	03 23 43
19	03 23 43
20	03 22 52
21	22 52
22	21 46

WIGILIA I SYLWESTER

5	41
6	01 21 48
7	04 24 44
8	04 24 44
9	04 13 33 53
10	13 33 53
11	13 33 53
12	13 33 53
13	13 33 53
14	08 31 51
15	11 31 51
16	11 31 51
17	08 28 48
18	08 28 48
19	08 48
20	08
21	
22	

WIELKANOC,BOŻE NARODZENIE,NOWY ROK

5	54
6	39
7	24
8	10
9	05 50
10	35
11	20
12	05 50
13	35
14	20
15	05 50
16	35
17	20
18	15
19	00 45
20	30
21	15
22	00 44

