WĘGLIN - AL. KRAŚNICKA - ROZTOCZE - ORKANA - ARMII KRAJOWEJ - B. M. CASSINO - WILEŃSKA - GŁĘBOKA - NARUTOWICZA - AL. PIŁSUDSKIEGO - AL. ZYGMUNTOWSKIE - FABRYCZNA - DROGA M. MAJDANKA - MAJDANEK

DZIEŃ POWSZEDNI, ROK SZKOLNY

5	29 49
6	09 30 46
7	06 26 46
8	06 26 46 57
9	20 40
10	00 20 40
11	00 20 40
12	00 20 40
13	00 20 40 54
14	16 36 56
15	16 36 56
16	16 36 55
17	15 35 55
18	15 35 55
19	15 35 55
20	09 39
21	09 39
22	09 34

SOBOTA, ROK SZKOLNY

5	09 39
6	09 29 49
7	10 30 50
8	10 30 50
9	10 30 50
10	10 30 50
11	09 29 49
12	09 29 49
13	09 29 49
14	09 29 49
15	09 30 50
16	10 30 50
17	10 30 50
18	10 30 50
19	10 30 50
20	09 39
21	09 39
22	09 34

DZIEŃ ŚWIĄTECZNY, ROK SZKOLNY

5	39
6	09 39
7	09 39
8	09 39
9	09 39
10	09 39
11	05 10 30 50
12	10 30 50
13	10 30 50
14	10 30 50
15	10 30 50
16	10 30 50
17	10 30 50
18	10 30 50
19	10 30 50
20	09 39
21	09 39
22	09 34

WSZYSTKICH ŚWIĘTYCH

5	39
6	09 39
7	09 39
8	09 24 39 54
9	09 24 39 54
10	09 24 39 54
11	05 10 20 30 40 50
12	00 10 20 30 40 50
13	00 10 20 30 40 50
14	00 10 20 30 40 50
15	00 10 20 30 40 50
16	00 10 20 30 40 50
17	00 10 20 30 40 50
18	10 30 50
19	10 30 50
20	09 39
21	09 39
22	09 34

WIGILIA I SYLWESTER

5	29 49
6	09 30 46
7	06 26 46
8	06 26 46 57
9	20 40
10	00 20 40
11	00 20 40
12	00 20 40
13	00 20 40 54
14	16 36 56
15	16 36 56
16	16 36 55
17	15 35 55
18	15 35 55
19	35 55
20	
21	
22	

WIELKANOC,BOŻE NARODZENIE,NOWY ROK

5	42
6	27
7	12 57
8	52
9	37
10	22
11	07 52
12	37
13	22
14	07 52
15	37
16	22
17	07
18	02 47
19	32
20	17
21	02 47
22	32

