WĘGLIN - AL. KRAŚNICKA - ROZTOCZE - ORKANA - ARMII KRAJOWEJ - B. M. CASSINO - WILEŃSKA - GŁĘBOKA - NARUTOWICZA - AL. PIŁSUDSKIEGO - AL. ZYGMUNTOWSKIE - FABRYCZNA - DROGA M. MAJDANKA - MAJDANEK

DZIEŃ POWSZEDNI, ROK SZKOLNY

5	31 51
6	11 35 51
7	11 31 51
8	11 31 51
9	02 22 42
10	02 22 42
11	02 22 42
12	02 22 42
13	02 22 42 56
14	18 38 58
15	18 38 58
16	18 38 57
17	17 37 57
18	17 37 57
19	17 37 57
20	11 41
21	11 41
22	11 36

SOBOTA, ROK SZKOLNY

5	11 41
6	11 31 51
7	12 32 52
8	12 32 52
9	12 32 52
10	12 32 52
11	11 31 51
12	11 31 51
13	11 31 51
14	11 31 51
15	11 32 52
16	12 32 52
17	12 32 52
18	12 32 52
19	12 32 52
20	11 41
21	11 41
22	11 36

DZIEŃ ŚWIĄTECZNY, ROK SZKOLNY

5	41
6	11 41
7	11 41
8	11 41
9	11 41
10	11 41
11	07 12 32 52
12	12 32 52
13	12 32 52
14	12 32 52
15	12 32 52
16	12 32 52
17	12 32 52
18	12 32 52
19	12 32 52
20	11 41
21	11 41
22	11 36

WSZYSTKICH ŚWIĘTYCH

5	41
6	11 41
7	11 41
8	11 26 41 56
9	11 26 41 56
10	11 26 41 56
11	07 12 22 32 42 52
12	02 12 22 32 42 52
13	02 12 22 32 42 52
14	02 12 22 32 42 52
15	02 12 22 32 42 52
16	02 12 22 32 42 52
17	02 12 22 32 42 52
18	12 32 52
19	12 32 52
20	11 41
21	11 41
22	11 36

WIGILIA I SYLWESTER

5	31 51
6	11 35 51
7	11 31 51
8	11 31 51
9	02 22 42
10	02 22 42
11	02 22 42
12	02 22 42
13	02 22 42 56
14	18 38 58
15	18 38 58
16	18 38 57
17	17 37 57
18	17 37 57
19	37 57
20	
21	
22	

WIELKANOC,BOŻE NARODZENIE,NOWY ROK

5	44
6	29
7	14 59
8	54
9	39
10	24
11	09 54
12	39
13	24
14	09 54
15	39
16	24
17	09
18	04 49
19	34
20	19
21	04 49
22	34

