WĘGLIN - AL. KRAŚNICKA - ROZTOCZE - ORKANA - ARMII KRAJOWEJ - B. M. CASSINO - WILEŃSKA - GŁĘBOKA - NARUTOWICZA - AL. PIŁSUDSKIEGO - AL. ZYGMUNTOWSKIE - FABRYCZNA - DROGA M. MAJDANKA - MAJDANEK

DZIEŃ POWSZEDNI, ROK SZKOLNY

5	22 42
6	02 23 36 56
7	16 36 56
8	16 36 47
9	13 33 53
10	13 33 53
11	13 33 53
12	13 33 53
13	13 33 47
14	08 28 48
15	08 28 48
16	08 28 47
17	08 28 48
18	08 28 48
19	08 28 48
20	02 32
21	02 32
22	02 27

SOBOTA, ROK SZKOLNY

5	02 32
6	02 22 42
7	02 22 42
8	02 22 42
9	02 22 42
10	02 22 42
11	01 21 41
12	01 21 41
13	01 21 41
14	01 21 41
15	01 22 42
16	02 22 42
17	02 22 42
18	02 22 42
19	02 22 42
20	02 32
21	02 32
22	02 27

DZIEŃ ŚWIĄTECZNY, ROK SZKOLNY

5	32
6	02 32
7	02 32
8	02 32
9	02 32
10	02 32
11	03 23 43
12	03 23 43
13	03 23 43
14	03 23 43
15	03 23 43
16	03 23 43
17	03 23 43
18	03 23 43
19	03 23 43
20	02 32
21	02 32
22	02 27

WSZYSTKICH ŚWIĘTYCH

5	32
6	02 32
7	02 32
8	02 17 32 47
9	02 17 32 47
10	02 17 32 47
11	03 13 23 33 43 53
12	03 13 23 33 43 53
13	03 13 23 33 43 53
14	03 13 23 33 43 53
15	03 13 23 33 43 53
16	03 13 23 33 43 53
17	03 13 23 33 43
18	03 23 43
19	03 23 43
20	02 32
21	02 32
22	02 27

WIGILIA I SYLWESTER

5	22 42
6	02 23 36 56
7	16 36 56
8	16 36 47
9	13 33 53
10	13 33 53
11	13 33 53
12	13 33 53
13	13 33 47
14	08 28 48
15	08 28 48
16	08 28 47
17	08 28 48
18	08 28 48
19	28 48
20	
21	
22	

WIELKANOC,BOŻE NARODZENIE,NOWY ROK

5	35
6	20
7	05 50
8	45
9	30
10	15
11	00 45
12	30
13	15
14	00 45
15	30
16	15
17	00 55
18	40
19	25
20	10 55
21	40
22	25

