WĘGLIN - AL. KRAŚNICKA - ROZTOCZE - ORKANA - ARMII KRAJOWEJ - B. M. CASSINO - WILEŃSKA - GŁĘBOKA - NARUTOWICZA - AL. PIŁSUDSKIEGO - AL. ZYGMUNTOWSKIE - FABRYCZNA - DROGA M. MAJDANKA - MAJDANEK

DZIEŃ POWSZEDNI, ROK SZKOLNY

4	
5	19 39 59
6	20 33 53
7	13 33 53
8	13 33 44
9	10 30 50
10	10 30 50
11	10 30 50
12	10 30 50
13	10 30 44
14	05 25 45
15	05 25 45
16	05 25 44
17	05 25 45
18	05 25 45
19	05 25 45 59
20	29 59
21	29 59
22	24

SOBOTA, ROK SZKOLNY

4	59
5	29 59
6	19 39 59
7	19 39 59
8	19 39 59
9	19 39 59
10	19 39 58
11	18 38 58
12	18 38 58
13	18 38 58
14	18 38 58
15	19 39 59
16	19 39 59
17	19 39 59
18	19 39 59
19	19 39 59
20	29 59
21	29 59
22	24

DZIEŃ ŚWIĄTECZNY, ROK SZKOLNY

4	
5	29 59
6	29 59
7	29 59
8	29 59
9	29 59
10	29
11	00 20 40
12	00 20 40
13	00 20 40
14	00 20 40
15	00 20 40
16	00 20 40
17	00 20 40
18	00 20 40
19	00 20 40 59
20	29 59
21	29 59
22	24

WSZYSTKICH ŚWIĘTYCH

4	
5	29 59
6	29 59
7	29 59
8	14 29 44 59
9	14 29 44 59
10	14 29 44
11	00 10 20 30 40 50
12	00 10 20 30 40 50
13	00 10 20 30 40 50
14	00 10 20 30 40 50
15	00 10 20 30 40 50
16	00 10 20 30 40 50
17	00 10 20 30 40
18	00 20 40
19	00 20 40 59
20	29 59
21	29 59
22	24

WIGILIA I SYLWESTER

4	
5	19 39 59
6	20 33 53
7	13 33 53
8	13 33 44
9	10 30 50
10	10 30 50
11	10 30 50
12	10 30 50
13	10 30 44
14	05 25 45
15	05 25 45
16	05 25 44
17	05 25 45
18	05 25 45
19	25 45
20	
21	
22	

WIELKANOC,BOŻE NARODZENIE,NOWY ROK

4	
5	32
6	17
7	02 47
8	42
9	27
10	12 57
11	42
12	27
13	12 57
14	42
15	27
16	12 57
17	52
18	37
19	22
20	07 52
21	37
22	22

