MAJDANEK - DROGA M. MAJDANKA - FABRYCZNA - AL. ZYGMUNTOWSKIE - AL. PIŁSUDSKIEGO - LIPOWA - AL. RACŁAWICKIE - AL. KRAŚNICKA - ZANA - ZANA ZUS

DZIEŃ POWSZEDNI, ROK SZKOLNY

5	05 25 45
6	05 15 27 35 45 55
7	05 15 25 35 45 55
8	05 15 25 35 45 58
9	11 21 31 41 51
10	00 11 21 31 41 51
11	01 11 21 31 41 51
12	01 11 21 31 41 51
13	01 11 21 31 41 49
14	06 16 26 36 46 56
15	06 16 26 36 46 56
16	06 16 26 36 46 59
17	10 21 30 40 50
18	01 10 30 50
19	10 30 52
20	13 33
21	03 33
22	14

SOBOTA, ROK SZKOLNY

5	03 33
6	03 25 45
7	04 24 44
8	04 24 44
9	04 24 44
10	04 24 44
11	04 24 44
12	04 24 44
13	04 24 44
14	04 24 44
15	03 23 43
16	03 23 43
17	03 23 43
18	03 23 43
19	03 23 43
20	03 33
21	03 33
22	03 23

DZIEŃ ŚWIĄTECZNY, ROK SZKOLNY

5	33
6	03 33
7	03 33
8	03 33
9	03 33
10	03 33
11	04 24 44
12	04 24 44
13	04 24 44
14	04 24 44
15	04 24 44
16	04 24 44
17	04 24 44
18	04 24 44
19	04 24 44
20	08 33
21	03 33
22	03 24

WSZYSTKICH ŚWIĘTYCH

5	33
6	03 33
7	03 33
8	03 33 50
9	03 20 33 50
10	03 20 33 50
11	04 13 24 33 44 53
12	04 13 24 33 44 53
13	04 13 24 33 44 53
14	04 13 24 33 44 53
15	04 13 24 33 44 53
16	04 12 24 32 44 52
17	04 12 24 44 52
18	04 12 24 44
19	04 24 44
20	08 33
21	03 33
22	03 24

WIGILIA I SYLWESTER

5	05 25 45
6	05 15 27 35 45 55
7	05 15 25 35 45 55
8	05 15 25 35 45 58
9	11 21 31 41 51
10	00 11 21 31 41 51
11	01 11 21 31 41 51
12	01 11 21 31 41 51
13	01 11 21 31 41 49
14	06 16 26 36 46 56
15	06 16 26 36 46 56
16	06 16 26 36 46 59
17	10 21 30 40 50
18	01 10 30 50
19	10 30 52
20	
21	
22	

WIELKANOC,BOŻE NARODZENIE,NOWY ROK

5	
6	
7	24
8	09
9	04 49
10	34
11	20
12	05 50
13	35
14	20
15	05 50
16	34
17	29
18	14 59
19	44
20	29
21	14 59
22	39

