MAJDANEK - DROGA M. MAJDANKA - FABRYCZNA - AL. ZYGMUNTOWSKIE - AL. PIŁSUDSKIEGO - LIPOWA - AL. RACŁAWICKIE - AL. KRAŚNICKA - ZANA - ZANA ZUS

DZIEŃ POWSZEDNI, ROK SZKOLNY

5	07 27 47
6	07 17 29 38 48 58
7	08 18 28 38 48 58
8	08 18 28 38 48
9	01 14 24 34 44 54
10	03 14 24 34 44 54
11	04 14 24 34 44 54
12	04 14 24 34 44 54
13	04 14 24 34 44 52
14	10 20 30 40 50
15	00 10 20 30 40 50
16	00 10 20 30 40 50
17	03 13 24 33 43 53
18	04 13 33 53
19	13 33 55
20	15 35
21	05 35
22	16

SOBOTA, ROK SZKOLNY

5	05 35
6	05 27 47
7	06 26 46
8	06 26 46
9	06 26 46
10	06 26 46
11	06 26 46
12	06 26 46
13	06 26 46
14	06 26 46
15	05 25 45
16	05 25 45
17	05 25 45
18	05 25 45
19	05 25 45
20	05 35
21	05 35
22	05 25

DZIEŃ ŚWIĄTECZNY, ROK SZKOLNY

5	35
6	05 35
7	05 35
8	05 35
9	05 35
10	05 35
11	06 26 46
12	06 26 46
13	06 26 46
14	06 26 46
15	06 26 46
16	06 26 46
17	06 26 46
18	06 26 46
19	06 26 46
20	10 35
21	05 35
22	05 26

WSZYSTKICH ŚWIĘTYCH

5	35
6	05 35
7	05 35
8	05 35 52
9	05 22 35 52
10	05 22 35 52
11	06 15 26 35 46 55
12	06 15 26 35 46 55
13	06 15 26 35 46 55
14	06 15 26 35 46 55
15	06 15 26 35 46 55
16	06 14 26 34 46 54
17	06 14 26 46 54
18	06 14 26 46
19	06 26 46
20	10 35
21	05 35
22	05 26

WIGILIA I SYLWESTER

5	07 27 47
6	07 17 29 38 48 58
7	08 18 28 38 48 58
8	08 18 28 38 48
9	01 14 24 34 44 54
10	03 14 24 34 44 54
11	04 14 24 34 44 54
12	04 14 24 34 44 54
13	04 14 24 34 44 52
14	10 20 30 40 50
15	00 10 20 30 40 50
16	00 10 20 30 40 50
17	03 13 24 33 43 53
18	04 13 33 53
19	13 33 55
20	
21	
22	

WIELKANOC,BOŻE NARODZENIE,NOWY ROK

5	
6	
7	26
8	11
9	06 51
10	36
11	22
12	07 52
13	37
14	22
15	07 52
16	36
17	31
18	16
19	01 46
20	31
21	16
22	01 41

