MAJDANEK - DROGA M. MAJDANKA - FABRYCZNA - AL. ZYGMUNTOWSKIE - AL. PIŁSUDSKIEGO - LIPOWA - AL. RACŁAWICKIE - AL. KRAŚNICKA - ZANA - ZANA ZUS

DZIEŃ POWSZEDNI, ROK SZKOLNY

5	03 19 25 45
6	05 16 25 37 51
7	01 11 21 31 41 51
8	01 11 21 31 41 51
9	01 12 24 37 47 57
10	07 17 26 37 47 57
11	07 17 27 37 47 57
12	07 17 27 37 47 57
13	07 17 27 37 47 57
14	09 19 36 39 49 59
15	09 19 29 39 49 59
16	09 19 29 39 49 59
17	07 15 25 35 46 55
18	05 15 26 35 55
19	15 35 55
20	14 34 54
21	24 54
22	34

SOBOTA, ROK SZKOLNY

5	08 23 53
6	23 45
7	05 25 45
8	05 25 45
9	05 25 45
10	05 25 45
11	05 25 45
12	05 25 45
13	05 25 45
14	05 25 45
15	05 24 44
16	04 24 44
17	04 24 44
18	04 24 44
19	04 24 44
20	04 24 54
21	24 54
22	23 43

DZIEŃ ŚWIĄTECZNY, ROK SZKOLNY

5	53
6	23 53
7	23 53
8	24 54
9	24 54
10	24 54
11	25 45
12	05 25 45
13	05 25 45
14	05 25 45
15	05 25 45
16	05 25 45
17	05 25 45
18	05 25 45
19	05 25 45
20	05 29 54
21	24 54
22	23 44

WSZYSTKICH ŚWIĘTYCH

5	53
6	23 53
7	23 53
8	24 54
9	11 24 41 54
10	11 24 41 54
11	11 25 34 45 54
12	05 14 25 34 45 54
13	05 14 25 34 45 54
14	05 14 25 34 45 54
15	05 14 25 34 45 54
16	05 14 25 33 45 53
17	05 13 25 33 45
18	05 13 25 33 45
19	05 25 45
20	05 29 54
21	24 54
22	23 44

WIGILIA I SYLWESTER

5	03 19 25 45
6	05 16 25 37 51
7	01 11 21 31 41 51
8	01 11 21 31 41 51
9	01 12 24 37 47 57
10	07 17 26 37 47 57
11	07 17 27 37 47 57
12	07 17 27 37 47 57
13	07 17 27 37 47 57
14	09 19 36 39 49 59
15	09 19 29 39 49 59
16	09 19 29 39 49 59
17	07 15 25 35 46 55
18	05 15 26 35 55
19	15 35 55
20	14
21	
22	

WIELKANOC,BOŻE NARODZENIE,NOWY ROK

5	
6	
7	44
8	30
9	25
10	10 55
11	41
12	26
13	11 56
14	41
15	26
16	11 55
17	50
18	35
19	20
20	05 50
21	35
22	19

