MAJDANEK - DROGA M. MAJDANKA - FABRYCZNA - AL. ZYGMUNTOWSKIE - AL. PIŁSUDSKIEGO - LIPOWA - AL. RACŁAWICKIE - AL. KRAŚNICKA - ZANA - ZANA ZUS

DZIEŃ POWSZEDNI, ROK SZKOLNY

5	02 18 24 44
6	04 15 24 36 50
7	00 10 20 30 40 50
8	00 10 20 30 40 50
9	00 11 23 36 46 56
10	06 16 25 36 46 56
11	06 16 26 36 46 56
12	06 16 26 36 46 56
13	06 16 26 36 46 56
14	08 18 35 38 48 58
15	08 18 28 38 48 58
16	08 18 28 38 48 58
17	06 14 24 34 45 54
18	04 14 25 34 54
19	14 34 54
20	13 33 53
21	23 53
22	33

SOBOTA, ROK SZKOLNY

5	07 22 52
6	22 44
7	04 24 44
8	04 24 44
9	04 24 44
10	04 24 44
11	04 24 44
12	04 24 44
13	04 24 44
14	04 24 44
15	04 23 43
16	03 23 43
17	03 23 43
18	03 23 43
19	03 23 43
20	03 23 53
21	23 53
22	22 42

DZIEŃ ŚWIĄTECZNY, ROK SZKOLNY

5	52
6	22 52
7	22 52
8	23 53
9	23 53
10	23 53
11	24 44
12	04 24 44
13	04 24 44
14	04 24 44
15	04 24 44
16	04 24 44
17	04 24 44
18	04 24 44
19	04 24 44
20	04 28 53
21	23 53
22	22 43

WSZYSTKICH ŚWIĘTYCH

5	52
6	22 52
7	22 52
8	23 53
9	10 23 40 53
10	10 23 40 53
11	10 24 33 44 53
12	04 13 24 33 44 53
13	04 13 24 33 44 53
14	04 13 24 33 44 53
15	04 13 24 33 44 53
16	04 13 24 32 44 52
17	04 12 24 32 44
18	04 12 24 32 44
19	04 24 44
20	04 28 53
21	23 53
22	22 43

WIGILIA I SYLWESTER

5	02 18 24 44
6	04 15 24 36 50
7	00 10 20 30 40 50
8	00 10 20 30 40 50
9	00 11 23 36 46 56
10	06 16 25 36 46 56
11	06 16 26 36 46 56
12	06 16 26 36 46 56
13	06 16 26 36 46 56
14	08 18 35 38 48 58
15	08 18 28 38 48 58
16	08 18 28 38 48 58
17	06 14 24 34 45 54
18	04 14 25 34 54
19	14 34 54
20	13
21	
22	

WIELKANOC,BOŻE NARODZENIE,NOWY ROK

5	
6	
7	43
8	29
9	24
10	09 54
11	40
12	25
13	10 55
14	40
15	25
16	10 54
17	49
18	34
19	19
20	04 49
21	34
22	18

