ABRAMOWICE  - ABRAMOWICKA - KUNICKIEGO - AL. PIŁSUDSKIEGO - LIPOWA - AL. RACŁAWICKIE - AL. KRAŚNICKA - WĘGLIN

DZIEŃ POWSZEDNI, ROK SZKOLNY

5	16 36 56
6	16 44
7	04 24 44
8	04 24 44
9	06 26 46
10	06 26 46
11	06 26 46
12	06 26 46
13	06 26 45
14	01 21 41
15	01 21 41
16	01 21 41
17	05 25 45
18	06 25 45
19	05 25 45
20	16 46
21	16 46
22	16

SOBOTA, ROK SZKOLNY

5	16 45
6	16 36 59
7	19 39 59
8	19 39 59
9	19 39 59
10	19 39 59
11	19 39 59
12	19 39 59
13	19 39 59
14	19 39 58
15	18 38 58
16	18 38 58
17	18 38 58
18	18 38 58
19	18 38 58
20	16 46
21	16 46
22	16

DZIEŃ ŚWIĄTECZNY, ROK SZKOLNY

5	16 46
6	16 46
7	16 46
8	16 46
9	16 46
10	16 46
11	19 39 59
12	19 39 59
13	19 39 59
14	19 39 59
15	19 39 59
16	19 39 59
17	19 39 59
18	19 39 59
19	19 39 58
20	16 46
21	16 46
22	16

WIGILIA I SYLWESTER

5	16 36 56
6	16 44
7	04 24 44
8	04 24 44
9	06 26 46
10	06 26 46
11	06 26 46
12	06 26 46
13	06 26 45
14	01 21 41
15	01 21 41
16	01 21 41
17	05 25 45
18	06 25 45
19	05 25
20	16
21	
22	

WIELKANOC,BOŻE NARODZENIE,NOWY ROK

5	
6	00
7	30
8	15
9	08 53
10	40
11	25
12	10 55
13	40
14	25
15	10 55
16	40
17	35
18	18
19	03 50
20	35
21	20
22	05 45

