ABRAMOWICE  - ABRAMOWICKA - KUNICKIEGO - AL. PIŁSUDSKIEGO - LIPOWA - AL. RACŁAWICKIE - AL. KRAŚNICKA - WĘGLIN

DZIEŃ POWSZEDNI, ROK SZKOLNY

5	18 38 58
6	18 46
7	06 26 46
8	06 26 46
9	08 28 48
10	08 28 48
11	08 28 48
12	08 28 48
13	08 28 47
14	03 23 43
15	03 23 43
16	03 23 43
17	07 27 47
18	08 27 47
19	07 27 47
20	18 48
21	18 48
22	18

SOBOTA, ROK SZKOLNY

5	18 47
6	18 38
7	01 21 41
8	01 21 41
9	01 21 41
10	01 21 41
11	01 21 41
12	01 21 41
13	01 21 41
14	01 21 41
15	00 20 40
16	00 20 40
17	00 20 40
18	00 20 40
19	00 20 40
20	00 18 48
21	18 48
22	18

DZIEŃ ŚWIĄTECZNY, ROK SZKOLNY

5	18 48
6	18 48
7	18 48
8	18 48
9	18 48
10	18 48
11	21 41
12	01 21 41
13	01 21 41
14	01 21 41
15	01 21 41
16	01 21 41
17	01 21 41
18	01 21 41
19	01 21 41
20	00 18 48
21	18 48
22	18

WIGILIA I SYLWESTER

5	18 38 58
6	18 46
7	06 26 46
8	06 26 46
9	08 28 48
10	08 28 48
11	08 28 48
12	08 28 48
13	08 28 47
14	03 23 43
15	03 23 43
16	03 23 43
17	07 27 47
18	08 27 47
19	07 27
20	18
21	
22	

WIELKANOC,BOŻE NARODZENIE,NOWY ROK

5	
6	02
7	32
8	17
9	10 55
10	42
11	27
12	12 57
13	42
14	27
15	12 57
16	42
17	37
18	20
19	05 52
20	37
21	22
22	07 47

