ABRAMOWICE  - ABRAMOWICKA - KUNICKIEGO - AL. PIŁSUDSKIEGO - LIPOWA - AL. RACŁAWICKIE - AL. KRAŚNICKA - WĘGLIN

DZIEŃ POWSZEDNI, ROK SZKOLNY

5	15 35 55
6	15 43
7	03 23 43
8	03 23 43
9	05 25 45
10	05 25 45
11	05 25 45
12	05 25 45
13	05 25 44
14	00 20 40
15	00 20 40
16	00 20 40
17	04 24 44
18	05 24 44
19	04 24 44
20	15 45
21	15 45
22	15

SOBOTA, ROK SZKOLNY

5	15 44
6	15 35 58
7	18 38 58
8	18 38 58
9	18 38 58
10	18 38 58
11	18 38 58
12	18 38 58
13	18 38 58
14	18 38 57
15	17 37 57
16	17 37 57
17	17 37 57
18	17 37 57
19	17 37 57
20	15 45
21	15 45
22	15

DZIEŃ ŚWIĄTECZNY, ROK SZKOLNY

5	15 45
6	15 45
7	15 45
8	15 45
9	15 45
10	15 45
11	18 38 58
12	18 38 58
13	18 38 58
14	18 38 58
15	18 38 58
16	18 38 58
17	18 38 58
18	18 38 58
19	18 38 57
20	15 45
21	15 45
22	15

WIGILIA I SYLWESTER

5	15 35 55
6	15 43
7	03 23 43
8	03 23 43
9	05 25 45
10	05 25 45
11	05 25 45
12	05 25 45
13	05 25 44
14	00 20 40
15	00 20 40
16	00 20 40
17	04 24 44
18	05 24 44
19	04 24
20	15
21	
22	

WIELKANOC,BOŻE NARODZENIE,NOWY ROK

5	59
6	
7	29
8	14
9	07 52
10	39
11	24
12	09 54
13	39
14	24
15	09 54
16	39
17	34
18	17
19	02 49
20	34
21	19
22	04 44

