ABRAMOWICE  - ABRAMOWICKA - KUNICKIEGO - AL. PIŁSUDSKIEGO - LIPOWA - AL. RACŁAWICKIE - AL. KRAŚNICKA - WĘGLIN

DZIEŃ POWSZEDNI, ROK SZKOLNY

5	17 37 57
6	17 45
7	05 25 45
8	05 25 45
9	07 27 47
10	07 27 47
11	07 27 47
12	07 27 47
13	07 27 46
14	02 22 42
15	02 22 42
16	02 22 42
17	06 26 46
18	07 26 46
19	06 26 46
20	17 47
21	17 47
22	17

SOBOTA, ROK SZKOLNY

5	17 46
6	17 37
7	00 20 40
8	00 20 40
9	00 20 40
10	00 20 40
11	00 20 40
12	00 20 40
13	00 20 40
14	00 20 40 59
15	19 39 59
16	19 39 59
17	19 39 59
18	19 39 59
19	19 39 59
20	17 47
21	17 47
22	17

DZIEŃ ŚWIĄTECZNY, ROK SZKOLNY

5	17 47
6	17 47
7	17 47
8	17 47
9	17 47
10	17 47
11	20 40
12	00 20 40
13	00 20 40
14	00 20 40
15	00 20 40
16	00 20 40
17	00 20 40
18	00 20 40
19	00 20 40 59
20	17 47
21	17 47
22	17

WIGILIA I SYLWESTER

5	17 37 57
6	17 45
7	05 25 45
8	05 25 45
9	07 27 47
10	07 27 47
11	07 27 47
12	07 27 47
13	07 27 46
14	02 22 42
15	02 22 42
16	02 22 42
17	06 26 46
18	07 26 46
19	06 26
20	17
21	
22	

WIELKANOC,BOŻE NARODZENIE,NOWY ROK

5	
6	01
7	31
8	16
9	09 54
10	41
11	26
12	11 56
13	41
14	26
15	11 56
16	41
17	36
18	19
19	04 51
20	36
21	21
22	06 46

