CHODŹKI - SZPITAL - CHODŹKI - OBYWATELSKA - LUBARTOWSKA - KRÓLEWSKA - ZAMOJSKA - FABRYCZNA - WOLSKA - KUNICKIEGO - ABRAMOWICE - ŚNIADECKIEGO

DZIEŃ POWSZEDNI, ROK SZKOLNY

5	25 45
6	05 25 56
7	18 38 58
8	18 38 58
9	19 39 59
10	19 39 59
11	19 39 59
12	19 39 59
13	19 39 59
14	25 45
15	05 25 45
16	05 25 45
17	03 14 34 54
18	14 34 54
19	14 34 54
20	16 46
21	16 46
22	15 44

SOBOTA, ROK SZKOLNY

5	45
6	05 25 45
7	06 27 47
8	07 27 47
9	07 27 47
10	07 27 47
11	08 27 47
12	07 27 47
13	07 27 47
14	07 27 47
15	07 27 47
16	07 27 47
17	07 27 47
18	07 27 47
19	07 27 47
20	07 23 47
21	17 47
22	16 42

DZIEŃ ŚWIĄTECZNY, ROK SZKOLNY

5	45
6	15 45
7	15 45
8	17 47
9	17 47
10	17 47
11	19 46
12	06 26 46
13	06 26 46
14	06 26 46
15	06 26 46
16	06 26 46
17	06 26 46
18	06 26 46
19	06 26 46
20	06 24 47
21	17 47
22	16 42

WIGILIA I SYLWESTER

5	25 45
6	05 25 56
7	18 38 58
8	18 38 58
9	19 39 59
10	19 39 59
11	19 39 59
12	19 39 59
13	19 39 59
14	25 45
15	05 25 45
16	05 25 45
17	03 14 34 54
18	14 34 54
19	14 34 54
20	
21	
22	

WIELKANOC,BOŻE NARODZENIE,NOWY ROK

5	
6	
7	04
8	15
9	36
10	46
11	58
12	
13	08
14	18
15	28
16	37
17	57
18	
19	09
20	16
21	26
22	34

