CHODŹKI - SZPITAL - CHODŹKI - OBYWATELSKA - LUBARTOWSKA - KRÓLEWSKA - ZAMOJSKA - FABRYCZNA - WOLSKA - KUNICKIEGO - ABRAMOWICE - ŚNIADECKIEGO

DZIEŃ POWSZEDNI, ROK SZKOLNY

5	21 41
6	01 21 51
7	13 33 53
8	13 33 53
9	13 33 53
10	13 33 53
11	13 33 53
12	13 33 53
13	13 33 53
14	15 35 55
15	15 35 55
16	15 35 55
17	09 29 49
18	09 29 49
19	09 29 49
20	11 41
21	11 41
22	11 40

SOBOTA, ROK SZKOLNY

5	41
6	01 21 41
7	01 22 42
8	02 22 42
9	02 22 42
10	02 22 42
11	03 22 42
12	02 22 42
13	02 22 42
14	02 22 42
15	02 22 42
16	02 22 42
17	02 22 42
18	02 22 42
19	02 22 42
20	02 18 42
21	12 42
22	12 38

DZIEŃ ŚWIĄTECZNY, ROK SZKOLNY

5	41
6	11 41
7	11 41
8	12 42
9	12 42
10	12 42
11	14 41
12	01 21 41
13	01 21 41
14	01 21 41
15	01 21 41
16	01 21 41
17	01 21 41
18	01 21 41
19	01 21 41
20	01 19 42
21	12 42
22	12 38

WIGILIA I SYLWESTER

5	21 41
6	01 21 51
7	13 33 53
8	13 33 53
9	13 33 53
10	13 33 53
11	13 33 53
12	13 33 53
13	13 33 53
14	15 35 55
15	15 35 55
16	15 35 55
17	09 29 49
18	09 29 49
19	09 29 49
20	
21	
22	

WIELKANOC,BOŻE NARODZENIE,NOWY ROK

5	
6	
7	00
8	10
9	31
10	41
11	53
12	
13	03
14	13
15	23
16	32
17	52
18	
19	04
20	11
21	21
22	30

