CHODŹKI - SZPITAL - CHODŹKI - OBYWATELSKA - LUBARTOWSKA - KRÓLEWSKA - ZAMOJSKA - FABRYCZNA - WOLSKA - KUNICKIEGO - ABRAMOWICE - ŚNIADECKIEGO

DZIEŃ POWSZEDNI, ROK SZKOLNY

5	24 44
6	04 24 54
7	16 36 56
8	16 36 56
9	17 37 57
10	17 37 57
11	17 37 57
12	17 37 57
13	17 37 57
14	21 41
15	01 21 41
16	01 21 41
17	01 12 32 52
18	12 32 52
19	12 32 52
20	14 44
21	14 44
22	14 43

SOBOTA, ROK SZKOLNY

5	44
6	04 24 44
7	04 25 45
8	05 25 45
9	05 25 45
10	05 25 45
11	06 25 45
12	05 25 45
13	05 25 45
14	05 25 45
15	05 25 45
16	05 25 45
17	05 25 45
18	05 25 45
19	05 25 45
20	05 21 45
21	15 45
22	15 41

DZIEŃ ŚWIĄTECZNY, ROK SZKOLNY

5	44
6	14 44
7	14 44
8	15 45
9	15 45
10	15 45
11	17 44
12	04 24 44
13	04 24 44
14	04 24 44
15	04 24 44
16	04 24 44
17	04 24 44
18	04 24 44
19	04 24 44
20	04 22 45
21	15 45
22	15 41

WIGILIA I SYLWESTER

5	24 44
6	04 24 54
7	16 36 56
8	16 36 56
9	17 37 57
10	17 37 57
11	17 37 57
12	17 37 57
13	17 37 57
14	21 41
15	01 21 41
16	01 21 41
17	01 12 32 52
18	12 32 52
19	12 32 52
20	
21	
22	

WIELKANOC,BOŻE NARODZENIE,NOWY ROK

5	
6	
7	03
8	13
9	34
10	44
11	56
12	
13	06
14	16
15	26
16	35
17	55
18	
19	07
20	14
21	24
22	33

