CHODŹKI - SZPITAL - CHODŹKI - OBYWATELSKA - LUBARTOWSKA - KRÓLEWSKA - ZAMOJSKA - FABRYCZNA - WOLSKA - KUNICKIEGO - ABRAMOWICE - ŚNIADECKIEGO

DZIEŃ POWSZEDNI, ROK SZKOLNY

5	27 47
6	07 27 58
7	20 40
8	00 20 40
9	00 21 41
10	01 21 41
11	01 21 41
12	01 21 41
13	01 21 41
14	01 27 47
15	07 27 47
16	07 27 47
17	05 16 36 56
18	16 36 56
19	16 36 56
20	18 48
21	18 48
22	17 46

SOBOTA, ROK SZKOLNY

5	47
6	07 27 47
7	08 29 49
8	09 29 49
9	09 29 49
10	09 29 49
11	10 29 49
12	09 29 49
13	09 29 49
14	09 29 49
15	09 29 49
16	09 29 49
17	09 29 49
18	09 29 49
19	09 29 49
20	09 25 49
21	19 49
22	18 44

DZIEŃ ŚWIĄTECZNY, ROK SZKOLNY

5	47
6	17 47
7	17 47
8	19 49
9	19 49
10	19 49
11	21 48
12	08 28 48
13	08 28 48
14	08 28 48
15	08 28 48
16	08 28 48
17	08 28 48
18	08 28 48
19	08 28 48
20	08 26 49
21	19 49
22	18 44

WIGILIA I SYLWESTER

5	27 47
6	07 27 58
7	20 40
8	00 20 40
9	00 21 41
10	01 21 41
11	01 21 41
12	01 21 41
13	01 21 41
14	01 27 47
15	07 27 47
16	07 27 47
17	05 16 36 56
18	16 36 56
19	16 36 56
20	
21	
22	

WIELKANOC,BOŻE NARODZENIE,NOWY ROK

5	
6	
7	06
8	17
9	38
10	48
11	
12	00
13	10
14	20
15	30
16	39
17	59
18	
19	11
20	18
21	28
22	36

