CHODŹKI - SZPITAL - CHODŹKI - OBYWATELSKA - LUBARTOWSKA - KRÓLEWSKA - ZAMOJSKA - FABRYCZNA - WOLSKA - KUNICKIEGO - ABRAMOWICE - ŚNIADECKIEGO

DZIEŃ POWSZEDNI, ROK SZKOLNY

5	09 29 49
6	09 35 57
7	17 37 57
8	17 37 58
9	18 38 58
10	18 38 58
11	18 38 58
12	18 38 58
13	18 38 56
14	16 36 56
15	16 36 56
16	16 36 54
17	14 34 54
18	14 34 54
19	14 34 58
20	29 59
21	29 59
22	28

SOBOTA, ROK SZKOLNY

5	29 49
6	09 29 49
7	10 30 50
8	10 30 50
9	10 30 50
10	10 30 50
11	07 27 47
12	07 27 47
13	07 27 47
14	07 27 47
15	07 27 47
16	07 27 47
17	07 27 47
18	07 27 47
19	07 27 47
20	06 30
21	00 30
22	00 26

DZIEŃ ŚWIĄTECZNY, ROK SZKOLNY

5	29 59
6	29 59
7	29
8	00 30
9	00 30
10	00 30
11	00 27 47
12	07 27 47
13	07 27 47
14	07 27 47
15	07 27 47
16	08 28 48
17	08 28 48
18	08 28 48
19	08 28 48
20	07 30
21	00 30
22	00 26

WIGILIA I SYLWESTER

5	09 29 49
6	09 35 57
7	17 37 57
8	17 37 58
9	18 38 58
10	18 38 58
11	18 38 58
12	18 38 58
13	18 38 56
14	16 36 56
15	16 36 56
16	16 36 54
17	14 34 54
18	14 34 54
19	14 34
20	
21	
22	

WIELKANOC,BOŻE NARODZENIE,NOWY ROK

5	
6	48
7	58
8	
9	19
10	29
11	39
12	49
13	59
14	
15	09
16	19
17	39
18	51
19	59
20	
21	09
22	18

