CHODŹKI - SZPITAL - CHODŹKI - OBYWATELSKA - LUBARTOWSKA - KRÓLEWSKA - ZAMOJSKA - FABRYCZNA - WOLSKA - KUNICKIEGO - ABRAMOWICE - ŚNIADECKIEGO

DZIEŃ POWSZEDNI, ROK SZKOLNY

5	10 30 50
6	10 36 58
7	18 38 58
8	18 38 59
9	19 39 59
10	19 39 59
11	19 39 59
12	19 39 59
13	19 39 57
14	17 37 57
15	17 37 57
16	17 37 55
17	15 35 55
18	15 35 55
19	15 35 59
20	30
21	00 30
22	00 29

SOBOTA, ROK SZKOLNY

5	30 50
6	10 30 50
7	11 31 51
8	11 31 51
9	11 31 51
10	11 31 51
11	08 28 48
12	08 28 48
13	08 28 48
14	08 28 48
15	08 28 48
16	08 28 48
17	08 28 48
18	08 28 48
19	08 28 48
20	07 31
21	01 31
22	01 27

DZIEŃ ŚWIĄTECZNY, ROK SZKOLNY

5	30
6	00 30
7	00 30
8	01 31
9	01 31
10	01 31
11	01 28 48
12	08 28 48
13	08 28 48
14	08 28 48
15	08 28 48
16	09 29 49
17	09 29 49
18	09 29 49
19	09 29 49
20	08 31
21	01 31
22	01 27

WIGILIA I SYLWESTER

5	10 30 50
6	10 36 58
7	18 38 58
8	18 38 59
9	19 39 59
10	19 39 59
11	19 39 59
12	19 39 59
13	19 39 57
14	17 37 57
15	17 37 57
16	17 37 55
17	15 35 55
18	15 35 55
19	15 35
20	
21	
22	

WIELKANOC,BOŻE NARODZENIE,NOWY ROK

5	
6	49
7	59
8	
9	20
10	30
11	40
12	50
13	
14	00
15	10
16	20
17	40
18	52
19	
20	00
21	10
22	19

