CHODŹKI - SZPITAL - CHODŹKI - OBYWATELSKA - LUBARTOWSKA - KRÓLEWSKA - ZAMOJSKA - FABRYCZNA - WOLSKA - KUNICKIEGO - ABRAMOWICE - ŚNIADECKIEGO

DZIEŃ POWSZEDNI, ROK SZKOLNY

5	11 31 51
6	11 38
7	00 20 40
8	00 20 40
9	01 21 41
10	01 21 41
11	01 21 41
12	01 21 41
13	01 21 41 59
14	19 39 59
15	19 39 59
16	19 39 57
17	17 37 57
18	17 37 57
19	17 37
20	01 31
21	01 31
22	01 30

SOBOTA, ROK SZKOLNY

5	31 51
6	11 31 51
7	12 32 52
8	12 32 52
9	12 32 52
10	12 32 52
11	10 30 50
12	10 30 50
13	10 30 50
14	10 30 50
15	10 30 50
16	10 30 50
17	10 30 50
18	10 30 50
19	10 30 50
20	08 32
21	02 32
22	02 28

DZIEŃ ŚWIĄTECZNY, ROK SZKOLNY

5	31
6	01 31
7	01 31
8	02 32
9	02 32
10	02 32
11	03 30 50
12	10 30 50
13	10 30 50
14	10 30 50
15	10 30 50
16	10 30 50
17	10 30 50
18	10 30 50
19	10 30 50
20	09 32
21	02 32
22	02 28

WIGILIA I SYLWESTER

5	11 31 51
6	11 38
7	00 20 40
8	00 20 40
9	01 21 41
10	01 21 41
11	01 21 41
12	01 21 41
13	01 21 41 59
14	19 39 59
15	19 39 59
16	19 39 57
17	17 37 57
18	17 37 57
19	17 37
20	
21	
22	

WIELKANOC,BOŻE NARODZENIE,NOWY ROK

5	
6	50
7	
8	00
9	21
10	31
11	42
12	52
13	
14	02
15	12
16	21
17	41
18	53
19	
20	01
21	11
22	20

