CHODŹKI - SZPITAL - CHODŹKI - OBYWATELSKA - LUBARTOWSKA - KRÓLEWSKA - ZAMOJSKA - FABRYCZNA - WOLSKA - KUNICKIEGO - ABRAMOWICE - ŚNIADECKIEGO

DZIEŃ POWSZEDNI, ROK SZKOLNY

5	15 35 55
6	15 42
7	04 24 44
8	04 24 44
9	05 25 45
10	05 25 45
11	05 25 45
12	05 25 45
13	05 25 45
14	03 23 43
15	03 23 43
16	03 23 43
17	01 21 41
18	01 21 41
19	01 21 41
20	05 35
21	05 35
22	05 34

SOBOTA, ROK SZKOLNY

5	35 55
6	15 35 55
7	16 36 56
8	16 36 56
9	16 36 56
10	16 36 56
11	14 34 54
12	14 34 54
13	14 34 54
14	14 34 54
15	14 34 54
16	14 34 54
17	14 34 54
18	14 34 54
19	14 34 54
20	12 36
21	06 36
22	06 32

DZIEŃ ŚWIĄTECZNY, ROK SZKOLNY

5	35
6	05 35
7	05 35
8	06 36
9	06 36
10	06 36
11	07 34 54
12	14 34 54
13	14 34 54
14	14 34 54
15	14 34 54
16	14 34 54
17	14 34 54
18	14 34 54
19	14 34 54
20	13 36
21	06 36
22	06 32

WIGILIA I SYLWESTER

5	15 35 55
6	15 42
7	04 24 44
8	04 24 44
9	05 25 45
10	05 25 45
11	05 25 45
12	05 25 45
13	05 25 45
14	03 23 43
15	03 23 43
16	03 23 43
17	01 21 41
18	01 21 41
19	01 21 41
20	
21	
22	

WIELKANOC,BOŻE NARODZENIE,NOWY ROK

5	
6	54
7	
8	04
9	25
10	35
11	46
12	56
13	
14	06
15	16
16	25
17	45
18	57
19	
20	05
21	15
22	24

