OKOPOWA - OKOPOWA - LIPOWA - NARUTOWICZA - NADBYSTRZYCKA - JANOWSKA - KRĘŻNICKA - ZEMBORZYCE GÓRNE

DZIEŃ POWSZEDNI, ROK SZKOLNY

5	06 42 57
6	16 39
7	04 41
8	11 31
9	12
10	00 41
11	26
12	12 56
13	42
14	02 24
15	05 28 54
16	29 53
17	08
18	02 40
19	30
20	10
21	26
22	37

SOBOTA, ROK SZKOLNY

5	48
6	
7	05
8	24
9	50
10	
11	06
12	22
13	40
14	54
15	
16	10
17	26
18	49
19	
20	07
21	21
22	37

DZIEŃ ŚWIĄTECZNY, ROK SZKOLNY

5	48
6	58
7	
8	13
9	39
10	54
11	
12	11
13	31
14	56
15	
16	27
17	44
18	58
19	
20	20
21	35
22	42

WIGILIA I SYLWESTER

5	06 42 57
6	16 39
7	04 41
8	11 31
9	12
10	00 41
11	26
12	12 56
13	42
14	02 24
15	05 28 54
16	29 53
17	08
18	02 40
19	
20	
21	
22	

WIELKANOC,BOŻE NARODZENIE,NOWY ROK

5	
6	
7	02
8	24
9	50
10	
11	06
12	22
13	41
14	54
15	
16	10
17	26
18	51
19	
20	07
21	
22	

DZIEŃ SPECJALNY

5	06 42 57
6	16 37
7	00 41
8	11 31
9	12
10	00 41
11	26
12	12 56
13	42
14	02 22
15	03 26 52
16	27 51
17	06
18	00 40
19	30
20	10
21	26
22	37

