OKOPOWA - OKOPOWA - LIPOWA - NARUTOWICZA - NADBYSTRZYCKA - JANOWSKA - KRĘŻNICKA - ZEMBORZYCE GÓRNE

DZIEŃ POWSZEDNI, ROK SZKOLNY

5	05 41 56
6	15 38
7	03 40
8	10 30
9	11 59
10	40
11	25
12	11 55
13	41
14	01 23
15	04 27 53
16	28 52
17	07
18	01 39
19	29
20	09
21	25
22	36

SOBOTA, ROK SZKOLNY

5	47
6	
7	04
8	23
9	49
10	
11	05
12	21
13	39
14	53
15	
16	09
17	25
18	48
19	
20	06
21	20
22	36

DZIEŃ ŚWIĄTECZNY, ROK SZKOLNY

5	47
6	57
7	
8	12
9	38
10	53
11	
12	10
13	30
14	55
15	
16	26
17	43
18	57
19	
20	19
21	34
22	41

WIGILIA I SYLWESTER

5	05 41 56
6	15 38
7	03 40
8	10 30
9	11 59
10	40
11	25
12	11 55
13	41
14	01 23
15	04 27 53
16	28 52
17	07
18	01 39
19	
20	
21	
22	

WIELKANOC,BOŻE NARODZENIE,NOWY ROK

5	
6	
7	01
8	23
9	49
10	
11	05
12	21
13	40
14	53
15	
16	09
17	25
18	50
19	
20	06
21	
22	

DZIEŃ SPECJALNY

5	05 41 56
6	15 36 59
7	40
8	10 30
9	11 59
10	40
11	25
12	11 55
13	41
14	01 21
15	02 25 51
16	26 50
17	05 59
18	39
19	29
20	09
21	25
22	36

