OKOPOWA - OKOPOWA - LIPOWA - NARUTOWICZA - NADBYSTRZYCKA - JANOWSKA - KRĘŻNICKA - ZEMBORZYCE GÓRNE

DZIEŃ POWSZEDNI, ROK SZKOLNY

5	08 44 59
6	18 41
7	06 43
8	13 33
9	14
10	02 43
11	28
12	14 58
13	44
14	04 26
15	07 30 56
16	31 55
17	10
18	04 42
19	32
20	12
21	28
22	39

SOBOTA, ROK SZKOLNY

5	50
6	
7	07
8	26
9	52
10	
11	08
12	24
13	42
14	56
15	
16	12
17	28
18	51
19	
20	09
21	23
22	39

DZIEŃ ŚWIĄTECZNY, ROK SZKOLNY

5	50
6	
7	00
8	15
9	41
10	56
11	
12	13
13	33
14	58
15	
16	29
17	46
18	
19	00
20	22
21	37
22	44

WIGILIA I SYLWESTER

5	08 44 59
6	18 41
7	06 43
8	13 33
9	14
10	02 43
11	28
12	14 58
13	44
14	04 26
15	07 30 56
16	31 55
17	10
18	04 42
19	
20	
21	
22	

WIELKANOC,BOŻE NARODZENIE,NOWY ROK

5	
6	
7	04
8	26
9	52
10	
11	08
12	24
13	43
14	56
15	
16	12
17	28
18	53
19	
20	09
21	
22	

DZIEŃ SPECJALNY

5	08 44 59
6	18 39
7	02 43
8	13 33
9	14
10	02 43
11	28
12	14 58
13	44
14	04 24
15	05 28 54
16	29 53
17	08
18	02 42
19	32
20	12
21	28
22	39

