OKOPOWA - OKOPOWA - LIPOWA - NARUTOWICZA - NADBYSTRZYCKA - JANOWSKA - KRĘŻNICKA - ZEMBORZYCE GÓRNE

DZIEŃ POWSZEDNI, ROK SZKOLNY

5	15 51
6	06 25 49
7	14 51
8	21 41
9	22
10	10 51
11	36
12	22
13	06 52
14	12 34
15	15 38
16	04 39
17	03 18
18	11 49
19	39
20	19
21	35
22	46

SOBOTA, ROK SZKOLNY

5	57
6	
7	15
8	34
9	
10	00
11	16
12	32
13	50
14	
15	04
16	20
17	36
18	58
19	
20	16
21	30
22	46

DZIEŃ ŚWIĄTECZNY, ROK SZKOLNY

5	57
6	
7	08
8	23
9	49
10	
11	04
12	21
13	41
14	
15	06
16	37
17	54
18	
19	07
20	29
21	44
22	51

WIGILIA I SYLWESTER

5	15 51
6	06 25 49
7	14 51
8	21 41
9	22
10	10 51
11	36
12	22
13	06 52
14	12 34
15	15 38
16	04 39
17	03 18
18	11 49
19	
20	
21	
22	

WIELKANOC,BOŻE NARODZENIE,NOWY ROK

5	
6	
7	12
8	34
9	
10	00
11	16
12	32
13	51
14	
15	04
16	20
17	36
18	
19	00
20	16
21	
22	

DZIEŃ SPECJALNY

5	15 51
6	06 25 46
7	10 51
8	21 41
9	22
10	10 51
11	36
12	22
13	06 52
14	12 32
15	13 36
16	02 37
17	01 16
18	09 49
19	39
20	19
21	35
22	46

