OKOPOWA - OKOPOWA - LIPOWA - NARUTOWICZA - NADBYSTRZYCKA - JANOWSKA - KRĘŻNICKA - ZEMBORZYCE GÓRNE

DZIEŃ POWSZEDNI, ROK SZKOLNY

5	12 48
6	03 22 46
7	11 48
8	18 38
9	19
10	07 48
11	33
12	19
13	03 49
14	09 31
15	12 35
16	01 36
17	00 15
18	08 46
19	36
20	16
21	32
22	43

SOBOTA, ROK SZKOLNY

5	54
6	
7	12
8	31
9	57
10	
11	13
12	29
13	47
14	
15	01
16	17
17	33
18	55
19	
20	13
21	27
22	43

DZIEŃ ŚWIĄTECZNY, ROK SZKOLNY

5	54
6	
7	05
8	20
9	46
10	
11	01
12	18
13	38
14	
15	03
16	34
17	51
18	
19	04
20	26
21	41
22	48

WIGILIA I SYLWESTER

5	12 48
6	03 22 46
7	11 48
8	18 38
9	19
10	07 48
11	33
12	19
13	03 49
14	09 31
15	12 35
16	01 36
17	00 15
18	08 46
19	
20	
21	
22	

WIELKANOC,BOŻE NARODZENIE,NOWY ROK

5	
6	
7	09
8	31
9	57
10	
11	13
12	29
13	48
14	
15	01
16	17
17	33
18	57
19	
20	13
21	
22	

DZIEŃ SPECJALNY

5	12 48
6	03 22 43
7	07 48
8	18 38
9	19
10	07 48
11	33
12	19
13	03 49
14	09 29
15	10 33 59
16	34 58
17	13
18	06 46
19	36
20	16
21	32
22	43

