OKOPOWA - OKOPOWA - LIPOWA - NARUTOWICZA - NADBYSTRZYCKA - JANOWSKA - KRĘŻNICKA - ZEMBORZYCE GÓRNE

DZIEŃ POWSZEDNI, ROK SZKOLNY

5	19 55
6	10 29 53
7	18 55
8	25 45
9	26
10	14 55
11	40
12	26
13	10 56
14	16 38
15	19 42
16	08 43
17	07 22
18	15 53
19	43
20	23
21	39
22	50

SOBOTA, ROK SZKOLNY

5	
6	01
7	19
8	38
9	
10	04
11	20
12	36
13	54
14	
15	08
16	24
17	40
18	
19	02
20	20
21	34
22	50

DZIEŃ ŚWIĄTECZNY, ROK SZKOLNY

5	
6	01
7	12
8	27
9	53
10	
11	08
12	25
13	45
14	
15	10
16	41
17	58
18	
19	11
20	33
21	48
22	55

WIGILIA I SYLWESTER

5	19 55
6	10 29 53
7	18 55
8	25 45
9	26
10	14 55
11	40
12	26
13	10 56
14	16 38
15	19 42
16	08 43
17	07 22
18	15 53
19	
20	
21	
22	

WIELKANOC,BOŻE NARODZENIE,NOWY ROK

5	
6	
7	16
8	38
9	
10	04
11	20
12	36
13	55
14	
15	08
16	24
17	40
18	
19	04
20	20
21	
22	

DZIEŃ SPECJALNY

5	19 55
6	10 29 50
7	14 55
8	25 45
9	26
10	14 55
11	40
12	26
13	10 56
14	16 36
15	17 40
16	06 41
17	05 20
18	13 53
19	43
20	23
21	39
22	50

