OKOPOWA - OKOPOWA - LIPOWA - NARUTOWICZA - NADBYSTRZYCKA - JANOWSKA - KRĘŻNICKA - ZEMBORZYCE GÓRNE

DZIEŃ POWSZEDNI, ROK SZKOLNY

4	59
5	35 50
6	09 30 55
7	32
8	02 22
9	03 51
10	32
11	17
12	03 47
13	33 53
14	15 56
15	19 45
16	20 44 59
17	53
18	31
19	21
20	01
21	17
22	30

SOBOTA, ROK SZKOLNY

4	
5	41
6	57
7	
8	15
9	41
10	57
11	
12	13
13	31
14	45
15	
16	01
17	17
18	40
19	58
20	
21	12
22	30

DZIEŃ ŚWIĄTECZNY, ROK SZKOLNY

4	
5	41
6	51
7	
8	04
9	30
10	45
11	
12	02
13	22
14	47
15	
16	18
17	35
18	49
19	
20	11
21	26
22	35

WIGILIA I SYLWESTER

4	59
5	35 50
6	09 30 55
7	32
8	02 22
9	03 51
10	32
11	17
12	03 47
13	33 53
14	15 56
15	19 45
16	20 44 59
17	53
18	31
19	
20	
21	
22	

WIELKANOC,BOŻE NARODZENIE,NOWY ROK

4	
5	
6	55
7	
8	15
9	41
10	57
11	
12	13
13	32
14	45
15	
16	01
17	17
18	42
19	58
20	
21	
22	

DZIEŃ SPECJALNY

4	59
5	35 50
6	09 30 53
7	32
8	02 22
9	03 51
10	32
11	17
12	03 47
13	33 53
14	13 54
15	17 43
16	18 42 57
17	51
18	31
19	21
20	01
21	17
22	30

