OKOPOWA - OKOPOWA - LIPOWA - NARUTOWICZA - NADBYSTRZYCKA - JANOWSKA - KRĘŻNICKA - ZEMBORZYCE GÓRNE

DZIEŃ POWSZEDNI, ROK SZKOLNY

5	01 37 52
6	11 32 57
7	34
8	04 24
9	05 53
10	34
11	19
12	05 49
13	35 55
14	17 58
15	21 47
16	22 46
17	01 55
18	33
19	23
20	03
21	19
22	32

SOBOTA, ROK SZKOLNY

5	43
6	59
7	
8	17
9	43
10	59
11	
12	15
13	33
14	47
15	
16	03
17	19
18	42
19	
20	00
21	14
22	32

DZIEŃ ŚWIĄTECZNY, ROK SZKOLNY

5	43
6	53
7	
8	06
9	32
10	47
11	
12	04
13	24
14	49
15	
16	20
17	37
18	51
19	
20	13
21	28
22	37

WIGILIA I SYLWESTER

5	01 37 52
6	11 32 57
7	34
8	04 24
9	05 53
10	34
11	19
12	05 49
13	35 55
14	17 58
15	21 47
16	22 46
17	01 55
18	33
19	
20	
21	
22	

WIELKANOC,BOŻE NARODZENIE,NOWY ROK

5	
6	57
7	
8	17
9	43
10	59
11	
12	15
13	34
14	47
15	
16	03
17	19
18	44
19	
20	00
21	
22	

DZIEŃ SPECJALNY

5	01 37 52
6	11 32 55
7	34
8	04 24
9	05 53
10	34
11	19
12	05 49
13	35 55
14	15 56
15	19 45
16	20 44 59
17	53
18	33
19	23
20	03
21	19
22	32

