WĘGLIN - AL. KRAŚNICKA - B. M. CASSINO - WILEŃSKA - GŁĘBOKA - SOWIŃSKIEGO - AL. RACŁAWICKIE - KRAKOWSKIE PRZEDMIEŚCIE - 3 MAJA - AL. TYSIĄCLECIA - LWOWSKA - AL. ANDERSA - MEŁGIEWSKA - MEŁGIEWSKA - CHŁODNIA

DZIEŃ POWSZEDNI, ROK SZKOLNY

5	31 50
6	06 20. 32 47
7	00. 16 26 37. 47 58
8	08 24 38. 49
9	00 11. 21 31 42. 53
10	04 15 28 38. 50
11	03 16. 29 42
12	08 21 34 47. 59
13	11 23. 35 47
14	13 26 39 52.
15	05 18 31. 44 57
16	10. 23 36 49
17	02. 15 28 41.
18	02 11 22. 35 48
19	01. 16 29 42. 55
20	25 40 55.
21	10 28 49
22	08 26 49
23	12

SOBOTA, ROK SZKOLNY

5	21 43.
6	01 16 36 55
7	15 36. 53
8	12 30 49
9	17 36. 54
10	12 31 49
11	07 26. 44
12	02 21 39 57
13	16. 34 52
14	11 29 47
15	06. 24 42
16	01 21 38 56.
17	14 32 53
18	08 36 56.
19	14 32 51
20	09 25 45.
21	03 24 39
22	05 32
23	11

DZIEŃ ŚWIĄTECZNY, ROK SZKOLNY

5	36
6	32
7	15 53
8	30
9	10 50
10	28
11	07 44
12	21 56
13	34
14	11 47
15	24
16	01 36
17	14 53
18	36
19	14 51
20	25
21	03 39
22	08 31
23	11

WIELKANOC,BOŻE NARODZENIE,NOWY ROK

5	34
6	31
7	37
8	33
9	38
10	32
11	31
12	22
13	21
14	30
15	22
16	18
17	17
18	20
19	12
20	05 55
21	44
22	31
23	08

