WĘGLIN - AL. KRAŚNICKA - B. M. CASSINO - WILEŃSKA - GŁĘBOKA - SOWIŃSKIEGO - AL. RACŁAWICKIE - KRAKOWSKIE PRZEDMIEŚCIE - 3 MAJA - AL. TYSIĄCLECIA - LWOWSKA - AL. ANDERSA - MEŁGIEWSKA - MEŁGIEWSKA - CHŁODNIA

DZIEŃ POWSZEDNI, ROK SZKOLNY

5	37 56
6	12 26. 42 57
7	10. 26 36 47. 57
8	08 18 34 48. 59
9	10 21. 31 41 52.
10	03 14 25 38 48.
11	00 13 26. 39 52
12	18 31 44 57.
13	09 21 33. 45 57
14	26 39 52
15	05. 18 31 44. 57
16	10 23. 36 49
17	02 15. 28 41 54.
18	11 20 31. 44 57
19	10. 25 38 51.
20	04 34 49
21	04. 19 37 58
22	15 33 56
23	18

SOBOTA, ROK SZKOLNY

5	27 49.
6	07 22 42
7	02 25 46.
8	03 22 40 59
9	27 46.
10	04 22 41 59
11	17 36. 54
12	12 31 49
13	07 26. 44
14	02 21 39 57
15	16. 34 52
16	11 31 48
17	06. 24 42
18	03 17 45
19	05. 23 41
20	00 18 34 54.
21	12 33 48
22	11 38
23	17

DZIEŃ ŚWIĄTECZNY, ROK SZKOLNY

5	42
6	38
7	25
8	03 40
9	20
10	00 38
11	17 54
12	31
13	06 44
14	21 57
15	34
16	11 46
17	24
18	03 45
19	23
20	00 34
21	12 48
22	14 37
23	17

WIELKANOC,BOŻE NARODZENIE,NOWY ROK

5	40
6	37
7	47
8	43
9	48
10	42
11	41
12	32
13	31
14	40
15	32
16	28
17	27
18	29
19	21
20	14
21	04 53
22	37
23	14

