WĘGLIN - AL. KRAŚNICKA - B. M. CASSINO - WILEŃSKA - GŁĘBOKA - SOWIŃSKIEGO - AL. RACŁAWICKIE - KRAKOWSKIE PRZEDMIEŚCIE - 3 MAJA - AL. TYSIĄCLECIA - LWOWSKA - AL. ANDERSA - MEŁGIEWSKA - MEŁGIEWSKA - CHŁODNIA

DZIEŃ POWSZEDNI, ROK SZKOLNY

5	38 57
6	13 27. 43 58
7	11. 27 37 48. 58
8	09 19 35 49.
9	00 11 22. 32 42 53.
10	04 15 26 39 49.
11	01 14 27. 40 53
12	19 32 45 58.
13	10 22 34. 46 58
14	27 40 53
15	06. 19 32 45. 58
16	11 24. 37 50
17	03 16. 29 42 55.
18	12 21 32. 45 58
19	11. 26 39 52.
20	05 35 50
21	05. 20 38 59
22	16 34 57
23	19

SOBOTA, ROK SZKOLNY

5	28 50.
6	08 23 43
7	03 26 47.
8	04 23 41
9	00 28 47.
10	05 23 42
11	00 18 37. 55
12	13 32 50
13	08 27. 45
14	03 22 40 58
15	17. 35 53
16	12 32 49
17	07. 25 43
18	04 18 46
19	06. 24 42
20	01 19 35 55.
21	13 34 49
22	12 39
23	18

DZIEŃ ŚWIĄTECZNY, ROK SZKOLNY

5	43
6	39
7	26
8	04 41
9	21
10	01 39
11	18 55
12	32
13	07 45
14	22 58
15	35
16	12 47
17	25
18	04 46
19	24
20	01 35
21	13 49
22	15 38
23	18

WIELKANOC,BOŻE NARODZENIE,NOWY ROK

5	41
6	38
7	48
8	44
9	49
10	43
11	42
12	33
13	32
14	41
15	33
16	29
17	28
18	30
19	22
20	15
21	05 54
22	38
23	15

