WĘGLIN - AL. KRAŚNICKA - B. M. CASSINO - WILEŃSKA - GŁĘBOKA - SOWIŃSKIEGO - AL. RACŁAWICKIE - KRAKOWSKIE PRZEDMIEŚCIE - 3 MAJA - AL. TYSIĄCLECIA - LWOWSKA - AL. ANDERSA - MEŁGIEWSKA - MEŁGIEWSKA - CHŁODNIA

DZIEŃ POWSZEDNI, ROK SZKOLNY

5	29 48
6	04 18. 30 45 58.
7	14 24 35. 45 56
8	06 22 36. 47 58
9	09. 19 29 40. 51
10	02 13 26 36. 48
11	01 14. 27 40
12	06 19 32 45. 57
13	09 21. 33 45
14	10 23 36 49.
15	02 15 28. 41 54
16	07. 20 33 46 59.
17	12 25 38. 59
18	09 20. 33 46 59.
19	14 27 40. 53
20	23 38 53.
21	08 26 47
22	06 24 47
23	10

SOBOTA, ROK SZKOLNY

5	19 41. 59
6	14 34 53
7	13 34. 51
8	10 28 47
9	15 34. 52
10	10 29 47
11	05 24. 42
12	00 19 37 55
13	14. 32 50
14	09 27 45
15	04. 22 40 59
16	19 36 54.
17	12 30 51
18	06 34 54.
19	12 30 49
20	07 23 43.
21	01 22 37
22	03 30
23	09

DZIEŃ ŚWIĄTECZNY, ROK SZKOLNY

5	34
6	30
7	13 51
8	28
9	08 48
10	26
11	05 42
12	19 54
13	32
14	09 45
15	22 59
16	34
17	12 51
18	34
19	12 49
20	23
21	01 37
22	06 29
23	09

WIELKANOC,BOŻE NARODZENIE,NOWY ROK

5	32
6	29
7	35
8	31
9	36
10	30
11	29
12	20
13	19
14	28
15	20
16	16
17	15
18	18
19	10
20	03 53
21	42
22	29
23	06

