WĘGLIN - AL. KRAŚNICKA - B. M. CASSINO - WILEŃSKA - GŁĘBOKA - SOWIŃSKIEGO - AL. RACŁAWICKIE - KRAKOWSKIE PRZEDMIEŚCIE - 3 MAJA - AL. TYSIĄCLECIA - LWOWSKA - AL. ANDERSA - MEŁGIEWSKA - MEŁGIEWSKA - CHŁODNIA

DZIEŃ POWSZEDNI, ROK SZKOLNY

5	36 55
6	11 25. 40 55
7	08. 24 34 45. 55
8	06 16 32 46. 57
9	08 19. 29 39 50.
10	01 12 23 36 46. 58
11	11 24. 37 50
12	16 29 42 55.
13	07 19 31. 43 55
14	24 37 50
15	03. 16 29 42. 55
16	08 21. 34 47
17	00 13. 26 39 52.
18	09 18 29. 42 55
19	08. 23 36 49.
20	02 32 47
21	02. 17 35 56
22	14 32 55
23	17

SOBOTA, ROK SZKOLNY

5	26 48.
6	06 21 41
7	00 23 44.
8	01 20 38 57
9	25 44.
10	02 20 39 57
11	15 34. 52
12	10 29 47
13	05 24. 42
14	00 19 37 55
15	14. 32 50
16	09 29 46
17	04. 22 40
18	01 15 43
19	03. 21 39 58
20	16 32 52.
21	10 31 46
22	10 37
23	16

DZIEŃ ŚWIĄTECZNY, ROK SZKOLNY

5	41
6	37
7	23
8	01 38
9	18 58
10	36
11	15 52
12	29
13	04 42
14	19 55
15	32
16	09 44
17	22
18	01 43
19	21 58
20	32
21	10 46
22	13 36
23	16

WIELKANOC,BOŻE NARODZENIE,NOWY ROK

5	39
6	36
7	45
8	41
9	46
10	40
11	39
12	30
13	29
14	38
15	30
16	26
17	25
18	27
19	19
20	12
21	02 51
22	36
23	13

