WĘGLIN - AL. KRAŚNICKA - B. M. CASSINO - WILEŃSKA - GŁĘBOKA - SOWIŃSKIEGO - AL. RACŁAWICKIE - KRAKOWSKIE PRZEDMIEŚCIE - 3 MAJA - AL. TYSIĄCLECIA - LWOWSKA - AL. ANDERSA - MEŁGIEWSKA - MEŁGIEWSKA - CHŁODNIA

DZIEŃ POWSZEDNI, ROK SZKOLNY

5	35 54
6	10 24. 39 54
7	07. 23 33 44. 54
8	05 15 31 45. 56
9	07 18. 28 38 49.
10	00 11 22 35 45. 57
11	10 23. 36 49
12	15 28 41 54.
13	06 18 30. 42 54
14	23 36 49
15	02. 15 28 41. 54
16	07 20. 33 46 59
17	12. 25 38 51.
18	08 17 28. 41 54
19	07. 22 35 48.
20	01 31 46
21	01. 16 34 55
22	13 31 54
23	16

SOBOTA, ROK SZKOLNY

5	25 47.
6	05 20 40 59
7	22 43.
8	00 19 37 56
9	24 43.
10	01 19 38 56
11	14 33. 51
12	09 28 46
13	04 23. 41 59
14	18 36 54
15	13. 31 49
16	08 28 45
17	03. 21 39
18	00 14 42
19	02. 20 38 57
20	15 31 51.
21	09 30 45
22	09 36
23	15

DZIEŃ ŚWIĄTECZNY, ROK SZKOLNY

5	40
6	36
7	22
8	00 37
9	17 57
10	35
11	14 51
12	28
13	03 41
14	18 54
15	31
16	08 43
17	21
18	00 42
19	20 57
20	31
21	09 45
22	12 35
23	15

WIELKANOC,BOŻE NARODZENIE,NOWY ROK

5	38
6	35
7	44
8	40
9	45
10	39
11	38
12	29
13	28
14	37
15	29
16	25
17	24
18	26
19	18
20	11
21	01 50
22	35
23	12

