WĘGLIN - AL. KRAŚNICKA - B. M. CASSINO - WILEŃSKA - GŁĘBOKA - SOWIŃSKIEGO - AL. RACŁAWICKIE - KRAKOWSKIE PRZEDMIEŚCIE - 3 MAJA - AL. TYSIĄCLECIA - LWOWSKA - AL. ANDERSA - MEŁGIEWSKA - MEŁGIEWSKA - CHŁODNIA

DZIEŃ POWSZEDNI, ROK SZKOLNY

5	43
6	02 18 32. 49
7	04 17. 33 43 54.
8	04 15 25 41 55.
9	06 17 28. 38 48 59.
10	10 21 32 45 55.
11	07 20 33. 46 59
12	25 38 51
13	04. 16 28 40. 52
14	04 33 46 59
15	12. 25 38 51.
16	04 17 30. 43 56
17	09 22. 35 48
18	01. 17 26 37. 50
19	03 16. 31 44 57.
20	10 40 55
21	10. 25 43
22	04 21 39
23	02 24

SOBOTA, ROK SZKOLNY

5	33 55.
6	13 28 48
7	08 31 52.
8	09 28 46
9	05 33 52.
10	10 28 47
11	05 23 42.
12	00 18 37 55
13	13 32. 50
14	08 27 45
15	03 22. 40 58
16	17 37 54
17	12. 30 48
18	09 23 51
19	11. 29 47
20	06 24 40
21	00. 18 39 54
22	17 44
23	23

DZIEŃ ŚWIĄTECZNY, ROK SZKOLNY

5	48
6	44
7	31
8	09 46
9	26
10	06 44
11	23
12	00 37
13	12 50
14	27
15	03 40
16	17 52
17	30
18	09 51
19	29
20	06 40
21	18 54
22	20 43
23	23

WIELKANOC,BOŻE NARODZENIE,NOWY ROK

5	46
6	43
7	53
8	49
9	54
10	48
11	47
12	38
13	37
14	46
15	38
16	34
17	33
18	35
19	27
20	20
21	10 59
22	43
23	20

