WĘGLIN - AL. KRAŚNICKA - B. M. CASSINO - WILEŃSKA - GŁĘBOKA - SOWIŃSKIEGO - AL. RACŁAWICKIE - KRAKOWSKIE PRZEDMIEŚCIE - 3 MAJA - AL. TYSIĄCLECIA - LWOWSKA - AL. ANDERSA - MEŁGIEWSKA - MEŁGIEWSKA - CHŁODNIA

DZIEŃ POWSZEDNI, ROK SZKOLNY

5	42
6	01 17 31. 48
7	03 16. 32 42 53.
8	03 14 24 40 54.
9	05 16 27. 37 47 58.
10	09 20 31 44 54.
11	06 19 32. 45 58
12	24 37 50
13	03. 15 27 39. 51
14	03 32 45 58
15	11. 24 37 50.
16	03 16 29. 42 55
17	08 21. 34 47
18	00. 16 25 36. 49
19	02 15. 30 43 56.
20	09 39 54
21	09. 24 42
22	03 20 38
23	01 23

SOBOTA, ROK SZKOLNY

5	32 54.
6	12 27 47
7	07 30 51.
8	08 27 45
9	04 32 51.
10	09 27 46
11	04 22 41. 59
12	17 36 54
13	12 31. 49
14	07 26 44
15	02 21. 39 57
16	16 36 53
17	11. 29 47
18	08 22 50
19	10. 28 46
20	05 23 39 59.
21	17 38 53
22	16 43
23	22

DZIEŃ ŚWIĄTECZNY, ROK SZKOLNY

5	47
6	43
7	30
8	08 45
9	25
10	05 43
11	22 59
12	36
13	11 49
14	26
15	02 39
16	16 51
17	29
18	08 50
19	28
20	05 39
21	17 53
22	19 42
23	22

WIELKANOC,BOŻE NARODZENIE,NOWY ROK

5	45
6	42
7	52
8	48
9	53
10	47
11	46
12	37
13	36
14	45
15	37
16	33
17	32
18	34
19	26
20	19
21	09 58
22	42
23	19

