WĘGLIN - AL. KRAŚNICKA - B. M. CASSINO - WILEŃSKA - GŁĘBOKA - SOWIŃSKIEGO - AL. RACŁAWICKIE - KRAKOWSKIE PRZEDMIEŚCIE - 3 MAJA - AL. TYSIĄCLECIA - LWOWSKA - AL. ANDERSA - MEŁGIEWSKA - MEŁGIEWSKA - CHŁODNIA

DZIEŃ POWSZEDNI, ROK SZKOLNY

5	40 59
6	15 29. 46
7	01 14. 30 40 51.
8	01 12 22 38 52.
9	03 14 25. 35 45 56.
10	07 18 29 42 52.
11	04 17 30. 43 56
12	22 35 48
13	01. 13 25 37. 49
14	01 30 43 56
15	09. 22 35 48.
16	01 14 27. 40 53
17	06 19. 32 45 58.
18	14 23 34. 47
19	00 13. 28 41 54.
20	07 37 52
21	07. 22 40
22	01 18 36 59
23	21

SOBOTA, ROK SZKOLNY

5	30 52.
6	10 25 45
7	05 28 49.
8	06 25 43
9	02 30 49.
10	07 25 44
11	02 20 39. 57
12	15 34 52
13	10 29. 47
14	05 24 42
15	00 19. 37 55
16	14 34 51
17	09. 27 45
18	06 20 48
19	08. 26 44
20	03 21 37 57.
21	15 36 51
22	14 41
23	20

DZIEŃ ŚWIĄTECZNY, ROK SZKOLNY

5	45
6	41
7	28
8	06 43
9	23
10	03 41
11	20 57
12	34
13	09 47
14	24
15	00 37
16	14 49
17	27
18	06 48
19	26
20	03 37
21	15 51
22	17 40
23	20

WIELKANOC,BOŻE NARODZENIE,NOWY ROK

5	43
6	40
7	50
8	46
9	51
10	45
11	44
12	35
13	34
14	43
15	35
16	31
17	30
18	32
19	24
20	17
21	07 56
22	40
23	17

