PADEREWSKIEGO - CHOINY - ELSNERA - AL. KOMPOZYTORÓW  - KONCERTOWA - KOSMOWSKIEJ - PÓŁNOCNA - PRUSA - AL. TYSIĄCLECIA - AL. UNII LUBELSKIEJ - LUBELSKIEGO LIPCA 80 - KUNICKIEGO - KRUCZKOWSKIEGO - KRUCZKOWSKIEGO

DZIEŃ POWSZEDNI, ROK SZKOLNY

5	17b 30 42b 58b
6	11b 27b 37 46b
7	03b 19b 35b 52b
8	09 24 39 55
9	10 25 40 55
10	10 25 41 57
11	10 25 41 55
12	10 25 40 55
13	11 25 40 55
14	10 25 40 55
15	10 25 40 55
16	13 27 43 59
17	14 29 46
18	02 16 33 50
19	07 16 25 45
20	11b 35
21	00 25b 50b
22	32

SOBOTA, ROK SZKOLNY

5	14b 37b 59
6	19 35b 57b
7	18 34b 52b
8	17 43
9	01 20 39 57
10	18 37 57
11	17 37 54
12	17 37 57
13	16 37 57
14	18 39 58
15	21 42
16	03 24 45
17	06 26 46
18	04 23 43
19	03 23 43
20	03 23
21	03b 45b
22	30

DZIEŃ ŚWIĄTECZNY, ROK SZKOLNY

5	22b 41b
6	04 27b 49b
7	15 37b
8	03 28
9	00 26 50
10	15 41
11	06 31 56
12	19 46
13	11 36
14	01 25 51
15	20 41
16	06 31 56
17	19 53
18	14 38
19	03 28 53
20	15
21	00 45b
22	30

WIGILIA I SYLWESTER

5	17b 30 42b 58b
6	11b 27b 37 46b
7	03b 19b 35b 52b
8	09 24 39 55
9	10 25 40 55
10	10 25 41 57
11	10 25 41 55
12	10 25 40 55
13	11 25 40 55
14	10 25 40 55
15	10 25 40 55
16	13 27 43 59
17	14 29 46
18	02 16 33 50
19	25
20	11b
21	
22	

WIELKANOC,BOŻE NARODZENIE,NOWY ROK

5	39b
6	24b
7	11 59
8	57
9	47
10	37
11	27
12	17
13	12b
14	02b 57
15	47
16	37
17	32
18	20
19	05 50
20	40
21	35b
22	27

