PADEREWSKIEGO - CHOINY - ELSNERA - AL. KOMPOZYTORÓW  - KONCERTOWA - KOSMOWSKIEJ - PÓŁNOCNA - PRUSA - AL. TYSIĄCLECIA - AL. UNII LUBELSKIEJ - LUBELSKIEGO LIPCA 80 - KUNICKIEGO - KRUCZKOWSKIEGO - KRUCZKOWSKIEGO

DZIEŃ POWSZEDNI, ROK SZKOLNY

5	20b 33 45b
6	01b 14b 30b 41 50b
7	07b 23b 39b 56b
8	13 28 43 59
9	14 29 44 59
10	14 29 45
11	01 14 29 45 59
12	14 29 44 59
13	15 29 44 59
14	15 30 45
15	00 15 30 45
16	00 18 32 48
17	04 19 34 51
18	06 20 37 54
19	11 20 29 49
20	15b 39
21	04 29b 54b
22	35

SOBOTA, ROK SZKOLNY

5	17b 40b
6	02 22 38b
7	00b 22 38b 56b
8	21 47
9	05 24 43
10	01 22 41
11	01 21 41 58
12	21 41
13	01 20 41
14	01 22 43
15	02 25 46
16	07 28 49
17	10 30 50
18	08 27 47
19	07 27 47
20	07 27
21	07b 49b
22	33

DZIEŃ ŚWIĄTECZNY, ROK SZKOLNY

5	25b 44b
6	07 30b 52b
7	19 41b
8	07 32
9	04 30 54
10	19 45
11	10 35
12	00 23 50
13	15 40
14	05 29 55
15	24 45
16	10 35
17	00 23 57
18	18 42
19	07 32 57
20	19
21	04 49b
22	33

WIGILIA I SYLWESTER

5	20b 33 45b
6	01b 14b 30b 41 50b
7	07b 23b 39b 56b
8	13 28 43 59
9	14 29 44 59
10	14 29 45
11	01 14 29 45 59
12	14 29 44 59
13	15 29 44 59
14	15 30 45
15	00 15 30 45
16	00 18 32 48
17	04 19 34 51
18	06 20 37 54
19	29
20	15b
21	
22	

WIELKANOC,BOŻE NARODZENIE,NOWY ROK

5	42b
6	27b
7	15
8	03
9	01 51
10	41
11	31
12	21
13	16b
14	06b
15	01 51
16	41
17	36
18	24
19	09 54
20	44
21	39b
22	30

