ABRAMOWICE  - ABRAMOWICKA - KUNICKIEGO - AL. PIŁSUDSKIEGO - LIPOWA - AL. RACŁAWICKIE - AL. KRAŚNICKA - ZANA - FILARETÓW - GŁĘBOKA - NARUTOWICZA - AL. PIŁSUDSKIEGO - KUNICKIEGO - ABRAMOWICE - ŚNIADECKIEGO

DZIEŃ POWSZEDNI, ROK SZKOLNY

4	44
5	00 24 44
6	04 24 51
7	11 31 51
8	11 32 44
9	08 28 47
10	08 27 48
11	08 28 48
12	07 28 48
13	08 28 45
14	03 23 43
15	03 23 43
16	03 23 46
17	06 28 48
18	08 28 48
19	08 28 48
20	20 49
21	19 49
22	

SOBOTA, ROK SZKOLNY

4	50
5	23 45
6	04 24 44
7	02 22 42
8	02 22 42
9	02 22 42
10	02 22 42
11	02 22 42
12	02 22 42
13	02 22 42
14	02 22 42
15	02 22 42
16	02 22 42
17	02 22 42
18	02 22 42
19	02 22 42
20	02 20 50
21	20 50
22	

DZIEŃ ŚWIĄTECZNY, ROK SZKOLNY

4	
5	20 50
6	20 50
7	20 50
8	20 50
9	20 50
10	20 47
11	22 42
12	02 22 42
13	02 22 42
14	02 22 42
15	02 22 42
16	02 22 42
17	02 22 42
18	02 22 42
19	02 22 42
20	02 20 50
21	20 50
22	

WIGILIA I SYLWESTER

4	44
5	00 24 44
6	04 24 51
7	11 31 51
8	11 32 44
9	08 28 47
10	08 27 48
11	08 28 48
12	07 28 48
13	08 28 45
14	03 23 43
15	03 23 43
16	03 23 46
17	06 28 48
18	08 28 48
19	
20	
21	
22	

WIELKANOC,BOŻE NARODZENIE,NOWY ROK

4	
5	
6	45
7	55
8	
9	15
10	25
11	35
12	45
13	55
14	
15	01
16	15
17	35
18	45
19	55
20	
21	05
22	10

