ABRAMOWICE  - ABRAMOWICKA - KUNICKIEGO - AL. PIŁSUDSKIEGO - LIPOWA - AL. RACŁAWICKIE - AL. KRAŚNICKA - ZANA - FILARETÓW - GŁĘBOKA - NARUTOWICZA - AL. PIŁSUDSKIEGO - KUNICKIEGO - ABRAMOWICE - ŚNIADECKIEGO

DZIEŃ POWSZEDNI, ROK SZKOLNY

4	24 40 59
5	16 32 56
6	16 36 52
7	03 19 31 51
8	11 31 51
9	12 25 45
10	05 24 45
11	04 25 45
12	05 25 44
13	05 25 45
14	05 26 37 46
15	06 26 46
16	06 26 46
17	06 23 42
18	04 24 44
19	04 24 44
20	04 21 53
21	22 52
22	21

SOBOTA, ROK SZKOLNY

4	29 44
5	03 22 55
6	17 36 56
7	17 26 35 55
8	15 35 55
9	15 35 55
10	15 35 55
11	15 35 55
12	15 35 55
13	15 35 55
14	15 35 55
15	15 35 55
16	15 35 55
17	15 35 55
18	15 35 55
19	15 35 55
20	15 35 53
21	23 53
22	22

DZIEŃ ŚWIĄTECZNY, ROK SZKOLNY

4	52
5	22 52
6	22 52
7	22 37 52
8	23 53
9	23 53
10	23 53
11	20 55
12	15 35 55
13	15 35 55
14	05 15 35 55
15	15 35 55
16	15 35 55
17	15 35 55
18	15 35 55
19	15 35 55
20	15 35 53
21	23 53
22	22

WIGILIA I SYLWESTER

4	24 40 59
5	16 32 56
6	16 36 52
7	03 19 31 51
8	11 31 51
9	12 25 45
10	05 24 45
11	04 25 45
12	05 25 44
13	05 25 45
14	05 26 37 46
15	06 26 46
16	06 26 46
17	06 23 42
18	
19	
20	
21	
22	

WIELKANOC,BOŻE NARODZENIE,NOWY ROK

4	
5	
6	23
7	17
8	28
9	48
10	58
11	
12	08
13	18
14	28
15	34
16	48
17	
18	08
19	18
20	28
21	38
22	

