ABRAMOWICE  - ABRAMOWICKA - KUNICKIEGO - AL. PIŁSUDSKIEGO - LIPOWA - AL. RACŁAWICKIE - AL. KRAŚNICKA - ZANA - FILARETÓW - GŁĘBOKA - NARUTOWICZA - AL. PIŁSUDSKIEGO - KUNICKIEGO - ABRAMOWICE - ŚNIADECKIEGO

DZIEŃ POWSZEDNI, ROK SZKOLNY

4	27 43
5	02 19 35 59
6	19 42 58
7	09 25 37 57
8	17 37 57
9	16 29 49
10	09 28 49
11	08 29 49
12	09 29 48
13	09 29 49
14	09 30 41 50
15	10 30 50
16	10 30 50
17	09 26 45
18	07 27 47
19	07 27 47
20	07 24 56
21	25 55
22	24

SOBOTA, ROK SZKOLNY

4	32 47
5	06 25 58
6	20 39 59
7	21 30 39 59
8	19 39 59
9	19 39 59
10	19 39 59
11	19 39 59
12	19 39 59
13	19 39 59
14	19 39 59
15	18 38 58
16	18 38 58
17	18 38 58
18	18 38 58
19	18 38 58
20	18 38 56
21	26 56
22	25

DZIEŃ ŚWIĄTECZNY, ROK SZKOLNY

4	55
5	25 55
6	25 55
7	25 40 55
8	26 56
9	26 56
10	26 56
11	24 59
12	19 39 59
13	19 39 59
14	09 19 39 59
15	19 39 59
16	18 38 58
17	18 38 58
18	18 38 58
19	18 38 58
20	18 38 56
21	26 56
22	25

WIGILIA I SYLWESTER

4	27 43
5	02 19 35 59
6	19 42 58
7	09 25 37 57
8	17 37 57
9	16 29 49
10	09 28 49
11	08 29 49
12	09 29 48
13	09 29 49
14	09 30 41 50
15	10 30 50
16	10 30 50
17	09 26 45
18	
19	
20	
21	
22	

WIELKANOC,BOŻE NARODZENIE,NOWY ROK

4	
5	
6	26
7	20
8	31
9	51
10	
11	01
12	12
13	22
14	32
15	38
16	51
17	
18	11
19	21
20	31
21	41
22	

