ABRAMOWICE  - ABRAMOWICKA - KUNICKIEGO - AL. PIŁSUDSKIEGO - LIPOWA - AL. RACŁAWICKIE - AL. KRAŚNICKA - ZANA - FILARETÓW - GŁĘBOKA - NARUTOWICZA - AL. PIŁSUDSKIEGO - KUNICKIEGO - ABRAMOWICE - ŚNIADECKIEGO

DZIEŃ POWSZEDNI, ROK SZKOLNY

4	28 44
5	03 20 36
6	00 20 43 59
7	10 26 38 58
8	18 38 58
9	17 30 50
10	10 29 50
11	09 30 50
12	10 30 49
13	10 30 50
14	10 31 42 51
15	11 31 51
16	11 31 51
17	10 27 46
18	08 28 48
19	08 28 48
20	08 25 57
21	26 56
22	25

SOBOTA, ROK SZKOLNY

4	33 48
5	07 26 59
6	21 40
7	00 22 31 40
8	00 20 40
9	00 20 40
10	00 20 40
11	00 20 40
12	00 20 40
13	00 20 40
14	00 20 40
15	00 19 39 59
16	19 39 59
17	19 39 59
18	19 39 59
19	19 39 59
20	19 39 57
21	27 57
22	26

DZIEŃ ŚWIĄTECZNY, ROK SZKOLNY

4	56
5	26 56
6	26 56
7	26 41 56
8	27 57
9	27 57
10	27 57
11	25
12	00 20 40
13	00 20 40
14	00 10 20 40
15	00 20 40
16	00 19 39 59
17	19 39 59
18	19 39 59
19	19 39 59
20	19 39 57
21	27 57
22	26

WIGILIA I SYLWESTER

4	28 44
5	03 20 36
6	00 20 43 59
7	10 26 38 58
8	18 38 58
9	17 30 50
10	10 29 50
11	09 30 50
12	10 30 49
13	10 30 50
14	10 31 42 51
15	11 31 51
16	11 31 51
17	10 27 46
18	
19	
20	
21	
22	

WIELKANOC,BOŻE NARODZENIE,NOWY ROK

4	
5	
6	27
7	21
8	32
9	52
10	
11	02
12	13
13	23
14	33
15	39
16	52
17	
18	12
19	22
20	32
21	42
22	

