ABRAMOWICE  - ABRAMOWICKA - KUNICKIEGO - AL. PIŁSUDSKIEGO - LIPOWA - AL. RACŁAWICKIE - AL. KRAŚNICKA - ZANA - FILARETÓW - GŁĘBOKA - NARUTOWICZA - AL. PIŁSUDSKIEGO - KUNICKIEGO - ABRAMOWICE - ŚNIADECKIEGO

DZIEŃ POWSZEDNI, ROK SZKOLNY

4	50
5	06 30 50
6	10 30 58
7	18 38 58
8	18 39 51
9	14 34 53
10	14 33 54
11	14 34 54
12	13 34 54
13	14 34 51
14	09 29 49
15	09 29 49
16	09 29 52
17	12 34 54
18	14 34 54
19	14 34 54
20	26 55
21	25 55
22	

SOBOTA, ROK SZKOLNY

4	56
5	29 51
6	10 30 50
7	08 28 48
8	08 28 48
9	08 28 48
10	08 28 48
11	08 28 48
12	08 28 48
13	08 28 48
14	08 28 48
15	08 28 48
16	08 28 48
17	08 28 48
18	08 28 48
19	08 28 48
20	08 26 56
21	26 56
22	

DZIEŃ ŚWIĄTECZNY, ROK SZKOLNY

4	
5	26 56
6	26 56
7	26 56
8	26 56
9	26 56
10	26 53
11	28 48
12	08 28 48
13	08 28 48
14	08 28 48
15	08 28 48
16	08 28 48
17	08 28 48
18	08 28 48
19	08 28 48
20	08 26 56
21	26 56
22	

WIGILIA I SYLWESTER

4	50
5	06 30 50
6	10 30 58
7	18 38 58
8	18 39 51
9	14 34 53
10	14 33 54
11	14 34 54
12	13 34 54
13	14 34 51
14	09 29 49
15	09 29 49
16	09 29 52
17	12 34 54
18	14 34 54
19	
20	
21	
22	

WIELKANOC,BOŻE NARODZENIE,NOWY ROK

4	
5	
6	51
7	
8	01
9	21
10	31
11	41
12	51
13	
14	01
15	07
16	21
17	41
18	51
19	
20	01
21	11
22	16

