ABRAMOWICE  - ABRAMOWICKA - KUNICKIEGO - AL. PIŁSUDSKIEGO - LIPOWA - AL. RACŁAWICKIE - AL. KRAŚNICKA - ZANA - FILARETÓW - GŁĘBOKA - NARUTOWICZA - AL. PIŁSUDSKIEGO - KUNICKIEGO - ABRAMOWICE - ŚNIADECKIEGO

DZIEŃ POWSZEDNI, ROK SZKOLNY

4	41 57
5	16 33 49
6	13 34 59
7	15 26 42 54
8	14 34 54
9	13 32 45
10	05 25 44
11	05 24 45
12	05 25 45
13	04 25 45
14	07 30 51
15	02 11 31 51
16	11 31 51
17	09 24 41
18	00 22 42
19	02 22 42
20	02 22 39
21	11 40
22	09 38

SOBOTA, ROK SZKOLNY

4	46
5	01 20 39
6	12 34 53
7	14 36 45 54
8	14 34 54
9	14 34 54
10	14 34 54
11	14 34 54
12	14 34 54
13	14 34 54
14	14 34 54
15	14 33 53
16	13 33 53
17	13 33 53
18	13 33 53
19	13 33 53
20	13 33 53
21	11 41
22	10 39

DZIEŃ ŚWIĄTECZNY, ROK SZKOLNY

4	
5	09 39
6	09 39
7	09 39 54
8	10 41
9	11 41
10	11 41
11	11 39
12	14 34 54
13	14 34 54
14	14 24 34 54
15	14 34 54
16	14 33 53
17	13 33 53
18	13 33 53
19	13 33 53
20	13 33 53
21	11 41
22	10 39

WIGILIA I SYLWESTER

4	41 57
5	16 33 49
6	13 34 59
7	15 26 42 54
8	14 34 54
9	13 32 45
10	05 25 44
11	05 24 45
12	05 25 45
13	04 25 45
14	07 30 51
15	02 11 31 51
16	11 31 51
17	09 24 41
18	00
19	
20	
21	
22	

WIELKANOC,BOŻE NARODZENIE,NOWY ROK

4	
5	
6	40
7	34
8	46
9	
10	06
11	16
12	27
13	37
14	47
15	53
16	
17	06
18	26
19	36
20	46
21	56
22	

