ABRAMOWICE  - ABRAMOWICKA - KUNICKIEGO - AL. PIŁSUDSKIEGO - LIPOWA - AL. RACŁAWICKIE - AL. KRAŚNICKA - ZANA - FILARETÓW - GŁĘBOKA - NARUTOWICZA - AL. PIŁSUDSKIEGO - KUNICKIEGO - ABRAMOWICE - ŚNIADECKIEGO

DZIEŃ POWSZEDNI, ROK SZKOLNY

4	46
5	02 26 46
6	06 26 53
7	13 33 53
8	13 34 46
9	10 30 49
10	10 29 50
11	10 30 50
12	09 30 50
13	10 30 47
14	05 25 45
15	05 25 45
16	05 25 48
17	08 30 50
18	10 30 50
19	10 30 50
20	22 51
21	21 51
22	

SOBOTA, ROK SZKOLNY

4	52
5	25 47
6	06 26 46
7	04 24 44
8	04 24 44
9	04 24 44
10	04 24 44
11	04 24 44
12	04 24 44
13	04 24 44
14	04 24 44
15	04 24 44
16	04 24 44
17	04 24 44
18	04 24 44
19	04 24 44
20	04 22 52
21	22 52
22	

DZIEŃ ŚWIĄTECZNY, ROK SZKOLNY

4	
5	22 52
6	22 52
7	22 52
8	22 52
9	22 52
10	22 49
11	24 44
12	04 24 44
13	04 24 44
14	04 24 44
15	04 24 44
16	04 24 44
17	04 24 44
18	04 24 44
19	04 24 44
20	04 22 52
21	22 52
22	

WIGILIA I SYLWESTER

4	46
5	02 26 46
6	06 26 53
7	13 33 53
8	13 34 46
9	10 30 49
10	10 29 50
11	10 30 50
12	09 30 50
13	10 30 47
14	05 25 45
15	05 25 45
16	05 25 48
17	08 30 50
18	10 30 50
19	
20	
21	
22	

WIELKANOC,BOŻE NARODZENIE,NOWY ROK

4	
5	
6	47
7	57
8	
9	17
10	27
11	37
12	47
13	57
14	
15	03
16	17
17	37
18	47
19	57
20	
21	07
22	12

