ABRAMOWICE  - ABRAMOWICKA - KUNICKIEGO - AL. PIŁSUDSKIEGO - LIPOWA - AL. RACŁAWICKIE - AL. KRAŚNICKA - ZANA - FILARETÓW - GŁĘBOKA - NARUTOWICZA - AL. PIŁSUDSKIEGO - KUNICKIEGO - ABRAMOWICE - ŚNIADECKIEGO

DZIEŃ POWSZEDNI, ROK SZKOLNY

4	37 53
5	12 29 45
6	09 29 54
7	10 21 37 49
8	09 29 49
9	08 27 40
10	00 20 39
11	00 19 40
12	00 20 40 59
13	20 40
14	00 23 44 55
15	04 24 44
16	04 24 44
17	04 19 36 55
18	17 37 57
19	17 37 57
20	17 34
21	06 35
22	05 34

SOBOTA, ROK SZKOLNY

4	42 57
5	16 35
6	08 30 49
7	09 31 40 49
8	09 29 49
9	09 29 49
10	09 29 49
11	09 29 49
12	09 29 49
13	09 29 49
14	09 29 49
15	09 28 48
16	08 28 48
17	08 28 48
18	08 28 48
19	08 28 48
20	08 28 48
21	06 36
22	06 35

DZIEŃ ŚWIĄTECZNY, ROK SZKOLNY

4	
5	05 35
6	05 35
7	05 35 50
8	05 36
9	06 36
10	06 36
11	06 34
12	09 29 49
13	09 29 49
14	09 19 29 49
15	09 29 49
16	09 28 48
17	08 28 48
18	08 28 48
19	08 28 48
20	08 28 48
21	06 36
22	06 35

WIGILIA I SYLWESTER

4	37 53
5	12 29 45
6	09 29 54
7	10 21 37 49
8	09 29 49
9	08 27 40
10	00 20 39
11	00 19 40
12	00 20 40 59
13	20 40
14	00 23 44 55
15	04 24 44
16	04 24 44
17	04 19 36 55
18	
19	
20	
21	
22	

WIELKANOC,BOŻE NARODZENIE,NOWY ROK

4	
5	
6	36
7	30
8	41
9	
10	01
11	11
12	22
13	32
14	42
15	48
16	
17	01
18	21
19	31
20	41
21	51
22	

