ABRAMOWICE  - ABRAMOWICKA - KUNICKIEGO - AL. PIŁSUDSKIEGO - LIPOWA - AL. RACŁAWICKIE - AL. KRAŚNICKA - ZANA - FILARETÓW - GŁĘBOKA - NARUTOWICZA - AL. PIŁSUDSKIEGO - KUNICKIEGO - ABRAMOWICE - ŚNIADECKIEGO

DZIEŃ POWSZEDNI, ROK SZKOLNY

4	22 38 57
5	14 30 54
6	14 34 50
7	01 17 29 49
8	09 29 49
9	10 23 43
10	03 22 43
11	02 23 43
12	03 23 42
13	03 23 43
14	03 24 35 44
15	04 24 44
16	04 24 44
17	04 21 40
18	02 22 42
19	02 22 42
20	02 19 51
21	20 50
22	19

SOBOTA, ROK SZKOLNY

4	27 42
5	01 20 53
6	15 34 54
7	15 24 33 53
8	13 33 53
9	13 33 53
10	13 33 53
11	13 33 53
12	13 33 53
13	13 33 53
14	13 33 53
15	13 33 53
16	13 33 53
17	13 33 53
18	13 33 53
19	13 33 53
20	13 33 51
21	21 51
22	20

DZIEŃ ŚWIĄTECZNY, ROK SZKOLNY

4	50
5	20 50
6	20 50
7	20 35 50
8	21 51
9	21 51
10	21 51
11	18 53
12	13 33 53
13	13 33 53
14	03 13 33 53
15	13 33 53
16	13 33 53
17	13 33 53
18	13 33 53
19	13 33 53
20	13 33 51
21	21 51
22	20

WIGILIA I SYLWESTER

4	22 38 57
5	14 30 54
6	14 34 50
7	01 17 29 49
8	09 29 49
9	10 23 43
10	03 22 43
11	02 23 43
12	03 23 42
13	03 23 43
14	03 24 35 44
15	04 24 44
16	04 24 44
17	04 21 40
18	
19	
20	
21	
22	

WIELKANOC,BOŻE NARODZENIE,NOWY ROK

4	
5	
6	21
7	15
8	26
9	46
10	56
11	
12	06
13	16
14	26
15	32
16	46
17	
18	06
19	16
20	26
21	36
22	

