PLAC LITEWSKI - KRAKOWSKIE PRZEDMIEŚCIE - OKOPOWA - AL. RACŁAWICKIE - AL. DŁUGOSZA - SMORAWIŃSKIEGO - AL. KOMPOZYTORÓW  - KONCERTOWA - OS. CHOINY

DZIEŃ POWSZEDNI, ROK SZKOLNY

5	26
6	02 29 52
7	29 42
8	14 39
9	06 38
10	03 28 55
11	22 47
12	14 39
13	06 31 58
14	24 53
15	19 48
16	14 43
17	09 36
18	09 32 57
19	15 39
20	07 32 48
21	15 41
22	02 41

SOBOTA, ROK SZKOLNY

5	25
6	01 29 49
7	27 40
8	12 37
9	04 36
10	01 28 53
11	20 45
12	12 37
13	04 29 56
14	21 50
15	16 45
16	11 40
17	06 35
18	06 31 56
19	15 39
20	06 31 49
21	14 40
22	01 40

DZIEŃ ŚWIĄTECZNY, ROK SZKOLNY

5	57
6	33
7	19
8	09
9	04
10	01 51
11	41
12	31
13	21
14	11
15	01 51
16	41
17	41
18	29
19	18
20	08 57
21	44
22	32

WIGILIA I SYLWESTER

5	26
6	02 29 52
7	29 42
8	14 39
9	06 38
10	03 28 55
11	22 47
12	14 39
13	06 31 58
14	24 53
15	19 48
16	14 43
17	09 36
18	09 32 57
19	15 39
20	07
21	
22	

WIELKANOC,BOŻE NARODZENIE,NOWY ROK

5	
6	
7	19
8	09
9	04
10	01 51
11	41
12	31
13	21
14	11
15	01 51
16	41
17	31
18	28
19	16
20	07 56
21	44
22	31

