PLAC LITEWSKI - KRAKOWSKIE PRZEDMIEŚCIE - OKOPOWA - AL. RACŁAWICKIE - AL. DŁUGOSZA - SMORAWIŃSKIEGO - AL. KOMPOZYTORÓW  - KONCERTOWA - OS. CHOINY

DZIEŃ POWSZEDNI, ROK SZKOLNY

5	13 49
6	16 36
7	13 26 58
8	23 50
9	22 47
10	12 39
11	06 31 58
12	23 50
13	15 42
14	07 36
15	02 31 57
16	26 52
17	19 52
18	17 42
19	00 24 52
20	17 33
21	00 26 47
22	28

SOBOTA, ROK SZKOLNY

5	12 48
6	16 36
7	12 25 57
8	22 49
9	21 46
10	13 38
11	05 30 57
12	22 49
13	14 41
14	06 35
15	01 30 56
16	25 51
17	20 51
18	16 41
19	00 24 51
20	16 34 59
21	25 46
22	27

DZIEŃ ŚWIĄTECZNY, ROK SZKOLNY

5	44
6	20
7	04 54
8	49
9	46
10	36
11	26
12	16
13	06 56
14	46
15	36
16	26
17	26
18	14
19	03 53
20	42
21	29
22	19

WIGILIA I SYLWESTER

5	13 49
6	16 36
7	13 26 58
8	23 50
9	22 47
10	12 39
11	06 31 58
12	23 50
13	15 42
14	07 36
15	02 31 57
16	26 52
17	19 52
18	17 42
19	00 24 52
20	
21	
22	

WIELKANOC,BOŻE NARODZENIE,NOWY ROK

5	
6	
7	04 54
8	49
9	46
10	36
11	26
12	16
13	06 56
14	46
15	36
16	26
17	16
18	13
19	01 52
20	41
21	29
22	18

