ZANA ZUS - ZANA - AL. KRAŚNICKA - AL. RACŁAWICKIE - LIPOWA - AL. PIŁSUDSKIEGO - WOLSKA - ŁĘCZYŃSKA - GOSPODARCZA - MEŁGIEWSKA - MEŁGIEWSKA FS

DZIEŃ POWSZEDNI, ROK SZKOLNY

4	59
5	24 45
6	05 15 25 53
7	07 20 40
8	00 20 40
9	00 18 28 48
10	08 28 48
11	08 28 48
12	08 28 48
13	08 28 48
14	08 32 47
15	07 27 47
16	07 27 47
17	07 26 46
18	06 26 46
19	06 26 46
20	06 33
21	03 33
22	03 31
23	01

SOBOTA, ROK SZKOLNY

4	57
5	12 32
6	02 25 35 45
7	05 28 48
8	08 28 48
9	08 28 48
10	08 28 48
11	08 29 49
12	09 29 49
13	09 29 49
14	09 29 49
15	09 29 49
16	09 29 49
17	09 29 49
18	09 29 49
19	09 29 49
20	09 34
21	04 34
22	04 32
23	02

DZIEŃ ŚWIĄTECZNY, ROK SZKOLNY

4	52
5	09 32
6	02 32
7	02 32
8	02 35
9	05 35
10	05 35
11	05 29 49
12	09 29 49
13	09 29 49
14	09 29 49
15	09 29 49
16	09 29 49
17	09 29 49
18	09 29 49
19	09 29 49
20	09 35
21	05 35
22	05 32
23	02

WIGILIA I SYLWESTER

4	59
5	24 45
6	05 15 25 53
7	07 20 40
8	00 20 40
9	00 18 28 48
10	08 28 48
11	08 28 48
12	08 28 48
13	08 28 48
14	08 32 47
15	07 27 47
16	07 27 47
17	07 26 46
18	06 26 46
19	46
20	
21	
22	
23	

WIELKANOC,BOŻE NARODZENIE,NOWY ROK

4	
5	59
6	44
7	29
8	15
9	11 58
10	42
11	27
12	12 57
13	42
14	27
15	12 57
16	42
17	27
18	21
19	09 52
20	37
21	22
22	07 49
23	

