ZANA ZUS - ZANA - AL. KRAŚNICKA - AL. RACŁAWICKIE - LIPOWA - AL. PIŁSUDSKIEGO - WOLSKA - ŁĘCZYŃSKA - GOSPODARCZA - MEŁGIEWSKA - MEŁGIEWSKA FS

DZIEŃ POWSZEDNI, ROK SZKOLNY

4	46
5	11 32 52
6	02 12 38 52
7	05 25 45
8	05 25 45
9	03 13 33 53
10	13 33 53
11	13 33 53
12	13 33 53
13	13 33 53
14	14 29 49
15	09 29 49
16	09 29 49
17	11 31 51
18	11 31 51
19	11 31 51
20	19 49
21	19 49
22	18 48

SOBOTA, ROK SZKOLNY

4	44 59
5	19 49
6	12 22 32 52
7	14 34 54
8	14 34 54
9	14 34 54
10	14 34 54
11	15 35 55
12	15 35 55
13	15 35 55
14	15 35 55
15	15 35 55
16	15 35 55
17	15 35 55
18	15 35 55
19	15 35 55
20	20 50
21	20 50
22	19 49

DZIEŃ ŚWIĄTECZNY, ROK SZKOLNY

4	39 56
5	19 49
6	19 49
7	19 49
8	21 51
9	21 51
10	21 51
11	15 35 55
12	15 35 55
13	15 35 55
14	15 35 55
15	15 35 55
16	15 35 55
17	15 35 55
18	15 35 55
19	15 35 55
20	21 51
21	21 51
22	19 49

WIGILIA I SYLWESTER

4	46
5	11 32 52
6	02 12 38 52
7	05 25 45
8	05 25 45
9	03 13 33 53
10	13 33 53
11	13 33 53
12	13 33 53
13	13 33 53
14	14 29 49
15	09 29 49
16	09 29 49
17	11 31 51
18	11 31
19	31
20	
21	
22	

WIELKANOC,BOŻE NARODZENIE,NOWY ROK

4	
5	46
6	31
7	16
8	01 57
9	44
10	28
11	13 58
12	43
13	28
14	13 58
15	43
16	28
17	13
18	07 55
19	38
20	23
21	08 53
22	36

