ZANA ZUS - ZANA - AL. KRAŚNICKA - AL. RACŁAWICKIE - LIPOWA - AL. PIŁSUDSKIEGO - WOLSKA - ŁĘCZYŃSKA - GOSPODARCZA - MEŁGIEWSKA - MEŁGIEWSKA FS

DZIEŃ POWSZEDNI, ROK SZKOLNY

5	20 40
6	00 23 44
7	04 24 44
8	04 24 42 58
9	18 38 58
10	18 38 58
11	18 38 58
12	18 38 58
13	18 38 58
14	13 33 53
15	13 33 53
16	13 33 56
17	16 36 56
18	16 36 56
19	16 36
20	06 36
21	06 36
22	06 36

SOBOTA, ROK SZKOLNY

5	07 37
6	00 20 40
7	00 20 40
8	00 20 40
9	00 20 40
10	00 20 40
11	01 21 41
12	01 21 41
13	01 21 41
14	01 21 41
15	01 21 41
16	01 21 41
17	01 21 41
18	01 21 41
19	01 21 41
20	07 37
21	07 37
22	07 37

DZIEŃ ŚWIĄTECZNY, ROK SZKOLNY

5	07 37
6	07 37
7	07 37
8	07 37
9	07 37
10	07 37
11	01 21 41
12	01 21 41
13	01 21 41
14	01 21 41
15	01 21 41
16	01 21 41
17	01 21 41
18	01 21 41
19	01 21 41
20	07 37
21	07 37
22	07 37

WIGILIA I SYLWESTER

5	20 40
6	00 23 44
7	04 24 44
8	04 24 42 58
9	18 38 58
10	18 38 58
11	18 38 58
12	18 38 58
13	18 38 58
14	13 33 53
15	13 33 53
16	13 33 56
17	16 36 56
18	16
19	16
20	
21	
22	

WIELKANOC,BOŻE NARODZENIE,NOWY ROK

5	34
6	19
7	04 49
8	43
9	30
10	14 59
11	44
12	29
13	14 59
14	44
15	29
16	14 59
17	53
18	41
19	24
20	09 54
21	39
22	24

