ZANA ZUS - ZANA - AL. KRAŚNICKA - AL. RACŁAWICKIE - LIPOWA - AL. PIŁSUDSKIEGO - WOLSKA - ŁĘCZYŃSKA - GOSPODARCZA - MEŁGIEWSKA - MEŁGIEWSKA FS

DZIEŃ POWSZEDNI, ROK SZKOLNY

4	54
5	19 40
6	00 10 20 48
7	02 15 35 55
8	15 35 55
9	13 23 43
10	03 23 43
11	03 23 43
12	03 23 43
13	03 23 43
14	03 27 42
15	02 22 42
16	02 22 42
17	02 21 41
18	01 21 41
19	01 21 41
20	01 28 58
21	28 58
22	26 56

SOBOTA, ROK SZKOLNY

4	52
5	07 27 57
6	20 30 40
7	00 23 43
8	03 23 43
9	03 23 43
10	03 23 43
11	03 24 44
12	04 24 44
13	04 24 44
14	04 24 44
15	04 24 44
16	04 24 44
17	04 24 44
18	04 24 44
19	04 24 44
20	04 29 59
21	29 59
22	27 57

DZIEŃ ŚWIĄTECZNY, ROK SZKOLNY

4	47
5	04 27 57
6	27 57
7	27 57
8	30
9	00 30
10	00 30
11	00 24 44
12	04 24 44
13	04 24 44
14	04 24 44
15	04 24 44
16	04 24 44
17	04 24 44
18	04 24 44
19	04 24 44
20	04 30
21	00 30
22	00 27 57

WIGILIA I SYLWESTER

4	54
5	19 40
6	00 10 20 48
7	02 15 35 55
8	15 35 55
9	13 23 43
10	03 23 43
11	03 23 43
12	03 23 43
13	03 23 43
14	03 27 42
15	02 22 42
16	02 22 42
17	02 21 41
18	01 21 41
19	41
20	
21	
22	

WIELKANOC,BOŻE NARODZENIE,NOWY ROK

4	
5	54
6	39
7	24
8	10
9	06 53
10	37
11	22
12	07 52
13	37
14	22
15	07 52
16	37
17	22
18	16
19	04 47
20	32
21	17
22	02 44

