ZANA ZUS - ZANA - AL. KRAŚNICKA - AL. RACŁAWICKIE - LIPOWA - AL. PIŁSUDSKIEGO - WOLSKA - ŁĘCZYŃSKA - GOSPODARCZA - MEŁGIEWSKA - MEŁGIEWSKA FS

DZIEŃ POWSZEDNI, ROK SZKOLNY

4	56
5	21 42
6	02 12 22 50
7	04 17 37 57
8	17 37 57
9	15 25 45
10	05 25 45
11	05 25 45
12	05 25 45
13	05 25 45
14	05 29 44
15	04 24 44
16	04 24 44
17	04 23 43
18	03 23 43
19	03 23 43
20	03 30
21	00 30
22	00 28 58

SOBOTA, ROK SZKOLNY

4	54
5	09 29 59
6	22 32 42
7	02 25 45
8	05 25 45
9	05 25 45
10	05 25 45
11	05 26 46
12	06 26 46
13	06 26 46
14	06 26 46
15	06 26 46
16	06 26 46
17	06 26 46
18	06 26 46
19	06 26 46
20	06 31
21	01 31
22	01 29 59

DZIEŃ ŚWIĄTECZNY, ROK SZKOLNY

4	49
5	06 29 59
6	29 59
7	29 59
8	32
9	02 32
10	02 32
11	02 26 46
12	06 26 46
13	06 26 46
14	06 26 46
15	06 26 46
16	06 26 46
17	06 26 46
18	06 26 46
19	06 26 46
20	06 32
21	02 32
22	02 29 59

WIGILIA I SYLWESTER

4	56
5	21 42
6	02 12 22 50
7	04 17 37 57
8	17 37 57
9	15 25 45
10	05 25 45
11	05 25 45
12	05 25 45
13	05 25 45
14	05 29 44
15	04 24 44
16	04 24 44
17	04 23 43
18	03 23 43
19	43
20	
21	
22	

WIELKANOC,BOŻE NARODZENIE,NOWY ROK

4	
5	56
6	41
7	26
8	12
9	08 55
10	39
11	24
12	09 54
13	39
14	24
15	09 54
16	39
17	24
18	18
19	06 49
20	34
21	19
22	04 46

