ZANA ZUS - ZANA - AL. KRAŚNICKA - AL. RACŁAWICKIE - LIPOWA - AL. PIŁSUDSKIEGO - WOLSKA - ŁĘCZYŃSKA - GOSPODARCZA - MEŁGIEWSKA - MEŁGIEWSKA FS

DZIEŃ POWSZEDNI, ROK SZKOLNY

4	58
5	23 44
6	04 14 24 52
7	06 19 39 59
8	19 39 59
9	17 27 47
10	07 27 47
11	07 27 47
12	07 27 47
13	07 27 47
14	07 31 46
15	06 26 46
16	06 26 46
17	06 25 45
18	05 25 45
19	05 25 45
20	05 32
21	02 32
22	02 30
23	00

SOBOTA, ROK SZKOLNY

4	56
5	11 31
6	01 24 34 44
7	04 27 47
8	07 27 47
9	07 27 47
10	07 27 47
11	07 28 48
12	08 28 48
13	08 28 48
14	08 28 48
15	08 28 48
16	08 28 48
17	08 28 48
18	08 28 48
19	08 28 48
20	08 33
21	03 33
22	03 31
23	01

DZIEŃ ŚWIĄTECZNY, ROK SZKOLNY

4	51
5	08 31
6	01 31
7	01 31
8	01 34
9	04 34
10	04 34
11	04 28 48
12	08 28 48
13	08 28 48
14	08 28 48
15	08 28 48
16	08 28 48
17	08 28 48
18	08 28 48
19	08 28 48
20	08 34
21	04 34
22	04 31
23	01

WIGILIA I SYLWESTER

4	58
5	23 44
6	04 14 24 52
7	06 19 39 59
8	19 39 59
9	17 27 47
10	07 27 47
11	07 27 47
12	07 27 47
13	07 27 47
14	07 31 46
15	06 26 46
16	06 26 46
17	06 25 45
18	05 25 45
19	45
20	
21	
22	
23	

WIELKANOC,BOŻE NARODZENIE,NOWY ROK

4	
5	58
6	43
7	28
8	14
9	10 57
10	41
11	26
12	11 56
13	41
14	26
15	11 56
16	41
17	26
18	20
19	08 51
20	36
21	21
22	06 48
23	

