ZANA ZUS - ZANA - AL. KRAŚNICKA - AL. RACŁAWICKIE - LIPOWA - AL. PIŁSUDSKIEGO - WOLSKA - ŁĘCZYŃSKA - GOSPODARCZA - MEŁGIEWSKA - MEŁGIEWSKA FS

DZIEŃ POWSZEDNI, ROK SZKOLNY

4	47
5	12 33 53
6	03 13 40 54
7	07 27 47
8	07 27 47
9	05 15 35 55
10	15 35 55
11	15 35 55
12	15 35 55
13	15 35 55
14	16 31 51
15	11 31 51
16	11 31 51
17	13 33 53
18	13 33 53
19	13 33 53
20	21 51
21	21 51
22	19 49

SOBOTA, ROK SZKOLNY

4	45
5	00 20 50
6	13 23 33 53
7	16 36 56
8	16 36 56
9	16 36 56
10	16 36 56
11	17 37 57
12	17 37 57
13	17 37 57
14	17 37 57
15	17 37 57
16	17 37 57
17	17 37 57
18	17 37 57
19	17 37 57
20	22 52
21	22 52
22	20 50

DZIEŃ ŚWIĄTECZNY, ROK SZKOLNY

4	40 57
5	20 50
6	20 50
7	20 50
8	23 53
9	23 53
10	23 53
11	17 37 57
12	17 37 57
13	17 37 57
14	17 37 57
15	17 37 57
16	17 37 57
17	17 37 57
18	17 37 57
19	17 37 57
20	23 53
21	23 53
22	20 50

WIGILIA I SYLWESTER

4	47
5	12 33 53
6	03 13 40 54
7	07 27 47
8	07 27 47
9	05 15 35 55
10	15 35 55
11	15 35 55
12	15 35 55
13	15 35 55
14	16 31 51
15	11 31 51
16	11 31 51
17	13 33 53
18	13 33
19	33
20	
21	
22	

WIELKANOC,BOŻE NARODZENIE,NOWY ROK

4	
5	47
6	32
7	17
8	03 59
9	46
10	30
11	15
12	00 45
13	30
14	15
15	00 45
16	30
17	15
18	09 57
19	40
20	25
21	10 55
22	37

