ZANA ZUS - ZANA - AL. KRAŚNICKA - AL. RACŁAWICKIE - LIPOWA - AL. PIŁSUDSKIEGO - WOLSKA - ŁĘCZYŃSKA - GOSPODARCZA - MEŁGIEWSKA - MEŁGIEWSKA FS

DZIEŃ POWSZEDNI, ROK SZKOLNY

4	52
5	17 38 58
6	08 18 46
7	00 13 33 53
8	13 33 53
9	11 21 41
10	01 21 41
11	01 21 41
12	01 21 41
13	01 21 41
14	01 25 40
15	00 20 40
16	00 20 40
17	00 19 39 59
18	19 39 59
19	19 39 59
20	26 56
21	26 56
22	24 54

SOBOTA, ROK SZKOLNY

4	50
5	05 25 55
6	18 28 38 58
7	21 41
8	01 21 41
9	01 21 41
10	01 21 41
11	01 22 42
12	02 22 42
13	02 22 42
14	02 22 42
15	02 22 42
16	02 22 42
17	02 22 42
18	02 22 42
19	02 22 42
20	02 27 57
21	27 57
22	25 55

DZIEŃ ŚWIĄTECZNY, ROK SZKOLNY

4	45
5	02 25 55
6	25 55
7	25 55
8	28 58
9	28 58
10	28 58
11	22 42
12	02 22 42
13	02 22 42
14	02 22 42
15	02 22 42
16	02 22 42
17	02 22 42
18	02 22 42
19	02 22 42
20	02 28 58
21	28 58
22	25 55

WIGILIA I SYLWESTER

4	52
5	17 38 58
6	08 18 46
7	00 13 33 53
8	13 33 53
9	11 21 41
10	01 21 41
11	01 21 41
12	01 21 41
13	01 21 41
14	01 25 40
15	00 20 40
16	00 20 40
17	00 19 39 59
18	19 39
19	39
20	
21	
22	

WIELKANOC,BOŻE NARODZENIE,NOWY ROK

4	
5	52
6	37
7	22
8	08
9	04 51
10	35
11	20
12	05 50
13	35
14	20
15	05 50
16	35
17	20
18	14
19	02 45
20	30
21	15
22	00 42

