ZANA ZUS - ZANA - AL. KRAŚNICKA - AL. RACŁAWICKIE - LIPOWA - AL. PIŁSUDSKIEGO - WOLSKA - ŁĘCZYŃSKA - GOSPODARCZA - MEŁGIEWSKA - MEŁGIEWSKA FS

DZIEŃ POWSZEDNI, ROK SZKOLNY

5	16 36 56
6	19 40
7	00 20 40
8	00 20 38 54
9	14 34 54
10	14 34 54
11	14 34 54
12	14 34 54
13	14 34 54
14	09 29 49
15	09 29 49
16	09 29 52
17	12 32 52
18	12 32 52
19	12 32
20	02 32
21	02 32
22	02 32

SOBOTA, ROK SZKOLNY

5	03 33 56
6	16 36 56
7	16 36 56
8	16 36 56
9	16 36 56
10	16 36 57
11	17 37 57
12	17 37 57
13	17 37 57
14	17 37 57
15	17 37 57
16	17 37 57
17	17 37 57
18	17 37 57
19	17 37
20	03 33
21	03 33
22	03 33

DZIEŃ ŚWIĄTECZNY, ROK SZKOLNY

5	03 33
6	03 33
7	03 33
8	03 33
9	03 33
10	03 33 57
11	17 37 57
12	17 37 57
13	17 37 57
14	17 37 57
15	17 37 57
16	17 37 57
17	17 37 57
18	17 37 57
19	17 37
20	03 33
21	03 33
22	03 33

WIGILIA I SYLWESTER

5	16 36 56
6	19 40
7	00 20 40
8	00 20 38 54
9	14 34 54
10	14 34 54
11	14 34 54
12	14 34 54
13	14 34 54
14	09 29 49
15	09 29 49
16	09 29 52
17	12 32 52
18	12
19	12
20	
21	
22	

WIELKANOC,BOŻE NARODZENIE,NOWY ROK

5	30
6	15
7	00 45
8	39
9	26
10	10 55
11	40
12	25
13	10 55
14	40
15	25
16	10 55
17	49
18	37
19	20
20	05 50
21	35
22	20

