ZANA ZUS - ZANA - AL. KRAŚNICKA - AL. RACŁAWICKIE - LIPOWA - AL. PIŁSUDSKIEGO - WOLSKA - ŁĘCZYŃSKA - GOSPODARCZA - MEŁGIEWSKA - MEŁGIEWSKA FS

DZIEŃ POWSZEDNI, ROK SZKOLNY

5	19 39 59
6	22 43
7	03 23 43
8	03 23 41 57
9	17 37 57
10	17 37 57
11	17 37 57
12	17 37 57
13	17 37 57
14	12 32 52
15	12 32 52
16	12 32 55
17	15 35 55
18	15 35 55
19	15 35
20	05 35
21	05 35
22	05 35

SOBOTA, ROK SZKOLNY

5	06 36 59
6	19 39 59
7	19 39 59
8	19 39 59
9	19 39 59
10	19 39
11	00 20 40
12	00 20 40
13	00 20 40
14	00 20 40
15	00 20 40
16	00 20 40
17	00 20 40
18	00 20 40
19	00 20 40
20	06 36
21	06 36
22	06 36

DZIEŃ ŚWIĄTECZNY, ROK SZKOLNY

5	06 36
6	06 36
7	06 36
8	06 36
9	06 36
10	06 36
11	00 20 40
12	00 20 40
13	00 20 40
14	00 20 40
15	00 20 40
16	00 20 40
17	00 20 40
18	00 20 40
19	00 20 40
20	06 36
21	06 36
22	06 36

WIGILIA I SYLWESTER

5	19 39 59
6	22 43
7	03 23 43
8	03 23 41 57
9	17 37 57
10	17 37 57
11	17 37 57
12	17 37 57
13	17 37 57
14	12 32 52
15	12 32 52
16	12 32 55
17	15 35 55
18	15
19	15
20	
21	
22	

WIELKANOC,BOŻE NARODZENIE,NOWY ROK

5	33
6	18
7	03 48
8	42
9	29
10	13 58
11	43
12	28
13	13 58
14	43
15	28
16	13 58
17	52
18	40
19	23
20	08 53
21	38
22	23

