ZANA ZUS - ZANA - AL. KRAŚNICKA - AL. RACŁAWICKIE - LIPOWA - AL. PIŁSUDSKIEGO - WOLSKA - ŁĘCZYŃSKA - GOSPODARCZA - MEŁGIEWSKA - MEŁGIEWSKA FS

DZIEŃ POWSZEDNI, ROK SZKOLNY

5	22 42
6	02 25 46
7	06 26 46
8	06 26 44
9	00 20 40
10	00 20 40
11	00 20 40
12	00 20 40
13	00 20 40
14	00 15 35 55
15	15 35 55
16	15 35 58
17	18 38 58
18	18 38 58
19	18 38
20	08 38
21	08 38
22	08 38

SOBOTA, ROK SZKOLNY

5	09 39
6	02 22 42
7	02 22 42
8	02 22 42
9	02 22 42
10	02 22 42
11	03 23 43
12	03 23 43
13	03 23 43
14	03 23 43
15	03 23 43
16	03 23 43
17	03 23 43
18	03 23 43
19	03 23 43
20	09 39
21	09 39
22	09 39

DZIEŃ ŚWIĄTECZNY, ROK SZKOLNY

5	09 39
6	09 39
7	09 39
8	09 39
9	09 39
10	09 39
11	03 23 43
12	03 23 43
13	03 23 43
14	03 23 43
15	03 23 43
16	03 23 43
17	03 23 43
18	03 23 43
19	03 23 43
20	09 39
21	09 39
22	09 39

WIGILIA I SYLWESTER

5	22 42
6	02 25 46
7	06 26 46
8	06 26 44
9	00 20 40
10	00 20 40
11	00 20 40
12	00 20 40
13	00 20 40
14	00 15 35 55
15	15 35 55
16	15 35 58
17	18 38 58
18	18
19	18
20	
21	
22	

WIELKANOC,BOŻE NARODZENIE,NOWY ROK

5	36
6	21
7	06 51
8	45
9	32
10	16
11	01 46
12	31
13	16
14	01 46
15	31
16	16
17	01 55
18	43
19	26
20	11 56
21	41
22	26

