ZANA ZUS - ZANA - AL. KRAŚNICKA - AL. RACŁAWICKIE - LIPOWA - AL. PIŁSUDSKIEGO - WOLSKA - ŁĘCZYŃSKA - GOSPODARCZA - MEŁGIEWSKA - MEŁGIEWSKA FS

DZIEŃ POWSZEDNI, ROK SZKOLNY

4	55
5	20 41
6	01 11 21 49
7	03 16 36 56
8	16 36 56
9	14 24 44
10	04 24 44
11	04 24 44
12	04 24 44
13	04 24 44
14	04 28 43
15	03 23 43
16	03 23 43
17	03 22 42
18	02 22 42
19	02 22 42
20	02 29 59
21	29 59
22	27 57

SOBOTA, ROK SZKOLNY

4	53
5	08 28 58
6	21 31 41
7	01 24 44
8	04 24 44
9	04 24 44
10	04 24 44
11	04 25 45
12	05 25 45
13	05 25 45
14	05 25 45
15	05 25 45
16	05 25 45
17	05 25 45
18	05 25 45
19	05 25 45
20	05 30
21	00 30
22	00 28 58

DZIEŃ ŚWIĄTECZNY, ROK SZKOLNY

4	48
5	05 28 58
6	28 58
7	28 58
8	31
9	01 31
10	01 31
11	01 25 45
12	05 25 45
13	05 25 45
14	05 25 45
15	05 25 45
16	05 25 45
17	05 25 45
18	05 25 45
19	05 25 45
20	05 31
21	01 31
22	01 28 58

WIGILIA I SYLWESTER

4	55
5	20 41
6	01 11 21 49
7	03 16 36 56
8	16 36 56
9	14 24 44
10	04 24 44
11	04 24 44
12	04 24 44
13	04 24 44
14	04 28 43
15	03 23 43
16	03 23 43
17	03 22 42
18	02 22 42
19	42
20	
21	
22	

WIELKANOC,BOŻE NARODZENIE,NOWY ROK

4	
5	55
6	40
7	25
8	11
9	07 54
10	38
11	23
12	08 53
13	38
14	23
15	08 53
16	38
17	23
18	17
19	05 48
20	33
21	18
22	03 45

