DWORZEC GŁ. PKP - PLAC DWORCOWY - AL. PIŁSUDSKIEGO - LIPOWA - AL. RACŁAWICKIE - AL. KRAŚNICKA - WĘGLIN

DZIEŃ POWSZEDNI, ROK SZKOLNY

5	16 36 56
6	16 32 48
7	08 28 48
8	08 28 48
9	10 27 47
10	06 27 47
11	07 27 47
12	07 27 47
13	07 27 47
14	06 25 45
15	05 25 45
16	05 25 45
17	06 25 46
18	07 27 47
19	07 27 47
20	14 32 44
21	14 44
22	14 44

SOBOTA, ROK SZKOLNY

5	14 44
6	16 36 56
7	20 40
8	00 20 40
9	00 20 40
10	00 20 40
11	00 20 40
12	00 20 40
13	00 20 40
14	00 20 40
15	00 20 40
16	00 20 40
17	00 20 40
18	00 20 40
19	00 20 40
20	00 18 44
21	14 44
22	14 44

DZIEŃ ŚWIĄTECZNY, ROK SZKOLNY

5	14 44
6	14 44
7	14 44
8	15 45
9	15 45
10	15 45
11	20 40
12	00 20 40
13	00 20 40
14	00 20 40
15	00 20 40
16	00 20 40
17	00 20 40
18	00 20 40
19	00 20 40
20	14 24 44
21	14 44
22	14 44

WIGILIA I SYLWESTER

5	16 36 56
6	16 32 48
7	08 28 48
8	08 28 48
9	10 27 47
10	06 27 47
11	07 27 47
12	07 27 47
13	07 27 47
14	06 25 45
15	05 25 45
16	05 25 45
17	06 25 46
18	07 27 47
19	07 27 47
20	44
21	14
22	44

WIELKANOC,BOŻE NARODZENIE,NOWY ROK

5	50
6	15 52
7	27 54
8	17 52
9	15 42
10	10 32 57
11	24 50
12	15 40
13	11 30 56
14	20 45
15	10 35
16	00 25 56
17	15 40
18	14 38
19	03 28 53
20	18 50
21	35
22	20 57

