OS. CHOINY - KONCERTOWA - AL. KOMPOZYTORÓW  - SMORAWIŃSKIEGO - POPIEŁUSZKI - AL. RACŁAWICKIE - KRAKOWSKIE PRZEDMIEŚCIE - PLAC LITEWSKI

DZIEŃ POWSZEDNI, ROK SZKOLNY

5	30 54
6	12 49
7	02 34
8	00 26 58
9	24 50
10	15 42
11	07 34 59
12	26 51
13	18 43
14	10 36
15	05 31
16	00 26 55
17	27 55
18	21 40
19	05 31 56
20	14 39
21	05 26
22	09

SOBOTA, ROK SZKOLNY

5	30 54
6	12 49
7	02 34 59
8	26 58
9	23 50
10	15 42
11	07 34 59
12	26 51
13	18 43
14	10 36
15	05 31
16	00 26 55
17	26 55
18	21 40
19	05 31 56
20	14 39
21	06 26
22	09

DZIEŃ ŚWIĄTECZNY, ROK SZKOLNY

5	26
6	01 46
7	31
8	27
9	23
10	13
11	03 53
12	43
13	33
14	23
15	13
16	03
17	03 53
18	43
19	34
20	22
21	10
22	01

WIGILIA I SYLWESTER

5	30 54
6	12 49
7	02 34
8	00 26 58
9	24 50
10	15 42
11	07 34 59
12	26 51
13	18 43
14	10 36
15	05 31
16	00 26 55
17	27 55
18	21 40
19	05 31
20	
21	
22	

WIELKANOC,BOŻE NARODZENIE,NOWY ROK

5	
6	46
7	31
8	27
9	23
10	13
11	03 53
12	43
13	33
14	23
15	13
16	03 53
17	53
18	42
19	33
20	22
21	10
22	01

