OS. CHOINY - KONCERTOWA - AL. KOMPOZYTORÓW  - SMORAWIŃSKIEGO - POPIEŁUSZKI - AL. RACŁAWICKIE - KRAKOWSKIE PRZEDMIEŚCIE - PLAC LITEWSKI

DZIEŃ POWSZEDNI, ROK SZKOLNY

5	32 56
6	14 51
7	04 36
8	02 28
9	00 26 52
10	17 44
11	09 36
12	01 28 53
13	20 45
14	12 38
15	07 33
16	02 28 57
17	29 57
18	23 42
19	07 33 58
20	16 41
21	07 28
22	11

SOBOTA, ROK SZKOLNY

5	32 56
6	14 51
7	04 36
8	01 28
9	00 25 52
10	17 44
11	09 36
12	01 28 53
13	20 45
14	12 38
15	07 33
16	02 28 57
17	28 57
18	23 42
19	07 33 58
20	16 41
21	08 28
22	11

DZIEŃ ŚWIĄTECZNY, ROK SZKOLNY

5	28
6	03 48
7	33
8	29
9	25
10	15
11	05 55
12	45
13	35
14	25
15	15
16	05
17	05 55
18	45
19	36
20	24
21	12
22	03

WIGILIA I SYLWESTER

5	32 56
6	14 51
7	04 36
8	02 28
9	00 26 52
10	17 44
11	09 36
12	01 28 53
13	20 45
14	12 38
15	07 33
16	02 28 57
17	29 57
18	23 42
19	07 33
20	
21	
22	

WIELKANOC,BOŻE NARODZENIE,NOWY ROK

5	
6	48
7	33
8	29
9	25
10	15
11	05 55
12	45
13	35
14	25
15	15
16	05 55
17	55
18	44
19	35
20	24
21	12
22	03

