OS. CHOINY - KONCERTOWA - AL. KOMPOZYTORÓW  - SMORAWIŃSKIEGO - POPIEŁUSZKI - AL. RACŁAWICKIE - KRAKOWSKIE PRZEDMIEŚCIE - PLAC LITEWSKI

DZIEŃ POWSZEDNI, ROK SZKOLNY

5	42
6	06 24
7	06 19 51
8	17 43
9	15 41
10	07 32 59
11	24 51
12	16 43
13	08 35
14	00 29 55
15	24 50
16	19 45
17	14 46
18	10 35 54
19	19 45
20	10 28 53
21	19 40
22	21

SOBOTA, ROK SZKOLNY

5	42
6	06 24
7	01 19 51
8	16 43
9	15 40
10	07 32 59
11	24 51
12	16 43
13	08 35
14	00 27 53
15	22 48
16	17 43
17	12 43
18	10 35 54
19	19 45
20	10 28 53
21	20 40
22	21

DZIEŃ ŚWIĄTECZNY, ROK SZKOLNY

5	38
6	13 58
7	48
8	44
9	40
10	30
11	20
12	10
13	00 50
14	40
15	30
16	20
17	20
18	08 57
19	48
20	36
21	24
22	13

WIGILIA I SYLWESTER

5	42
6	06 24
7	06 19 51
8	17 43
9	15 41
10	07 32 59
11	24 51
12	16 43
13	08 35
14	00 29 55
15	24 50
16	19 45
17	14 46
18	10 35 54
19	19 45
20	
21	
22	

WIELKANOC,BOŻE NARODZENIE,NOWY ROK

5	
6	58
7	48
8	44
9	40
10	30
11	20
12	10
13	00 50
14	40
15	30
16	20
17	10
18	08 56
19	47
20	36
21	24
22	13

