OS. CHOINY - KONCERTOWA - AL. KOMPOZYTORÓW  - SMORAWIŃSKIEGO - POPIEŁUSZKI - AL. RACŁAWICKIE - KRAKOWSKIE PRZEDMIEŚCIE - PLAC LITEWSKI

DZIEŃ POWSZEDNI, ROK SZKOLNY

5	38
6	02 20
7	00 13 45
8	11 37
9	09 35
10	01 26 53
11	18 45
12	10 37
13	02 29 54
14	22 48
15	17 43
16	12 38
17	07 39
18	05 30 49
19	14 40
20	05 23 48
21	14 35
22	17

SOBOTA, ROK SZKOLNY

5	38
6	02 20 57
7	13 45
8	10 37
9	09 34
10	01 26 53
11	18 45
12	10 37
13	02 29 54
14	21 47
15	16 42
16	11 37
17	06 37
18	05 30 49
19	14 40
20	05 23 48
21	15 35
22	17

DZIEŃ ŚWIĄTECZNY, ROK SZKOLNY

5	34
6	09 54
7	42
8	38
9	34
10	24
11	14
12	04 54
13	44
14	34
15	24
16	14
17	14
18	03 52
19	43
20	31
21	19
22	09

WIGILIA I SYLWESTER

5	38
6	02 20
7	00 13 45
8	11 37
9	09 35
10	01 26 53
11	18 45
12	10 37
13	02 29 54
14	22 48
15	17 43
16	12 38
17	07 39
18	05 30 49
19	14 40
20	
21	
22	

WIELKANOC,BOŻE NARODZENIE,NOWY ROK

5	
6	54
7	42
8	38
9	34
10	24
11	14
12	04 54
13	44
14	34
15	24
16	14
17	04
18	03 51
19	42
20	31
21	19
22	09

