PLAC LITEWSKI - KRAKOWSKIE PRZEDMIEŚCIE - OKOPOWA - AL. RACŁAWICKIE - AL. DŁUGOSZA - SMORAWIŃSKIEGO - AL. KOMPOZYTORÓW  - KONCERTOWA - OS. CHOINY

DZIEŃ POWSZEDNI, ROK SZKOLNY

5	24
6	00 27 50
7	27 40
8	12 37
9	04 36
10	01 26 53
11	20 45
12	12 37
13	04 29 56
14	22 51
15	17 46
16	12 41
17	07 34
18	07 30 55
19	13 37
20	05 30 46
21	13 39
22	00 39

SOBOTA, ROK SZKOLNY

5	23 59
6	27 47
7	25 38
8	10 35
9	02 34 59
10	26 51
11	18 43
12	10 35
13	02 27 54
14	19 48
15	14 43
16	09 38
17	04 33
18	04 29 54
19	13 37
20	04 29 47
21	12 38 59
22	38

DZIEŃ ŚWIĄTECZNY, ROK SZKOLNY

5	55
6	31
7	17
8	07
9	02 59
10	49
11	39
12	29
13	19
14	09 59
15	49
16	39
17	39
18	27
19	16
20	06 55
21	42
22	30

WIGILIA I SYLWESTER

5	24
6	00 27 50
7	27 40
8	12 37
9	04 36
10	01 26 53
11	20 45
12	12 37
13	04 29 56
14	22 51
15	17 46
16	12 41
17	07 34
18	07 30 55
19	13 37
20	05
21	
22	

WIELKANOC,BOŻE NARODZENIE,NOWY ROK

5	
6	
7	17
8	07
9	02 59
10	49
11	39
12	29
13	19
14	09 59
15	49
16	39
17	29
18	26
19	14
20	05 54
21	42
22	29

