PLAC LITEWSKI - KRAKOWSKIE PRZEDMIEŚCIE - OKOPOWA - AL. RACŁAWICKIE - AL. DŁUGOSZA - SMORAWIŃSKIEGO - AL. KOMPOZYTORÓW  - KONCERTOWA - OS. CHOINY

DZIEŃ POWSZEDNI, ROK SZKOLNY

5	10 46
6	13 33
7	10 23 55
8	20 47
9	19 44
10	09 36
11	03 28 55
12	20 47
13	12 39
14	04 33 59
15	28 54
16	23 49
17	16 49
18	14 39 57
19	21 49
20	14 30 57
21	23 44
22	25

SOBOTA, ROK SZKOLNY

5	10 46
6	13 33
7	10 23 55
8	20 47
9	19 44
10	11 36
11	03 28 55
12	20 47
13	12 39
14	04 33 59
15	28 54
16	23 49
17	18 49
18	14 39 58
19	22 49
20	14 32 57
21	23 44
22	25

DZIEŃ ŚWIĄTECZNY, ROK SZKOLNY

5	42
6	17
7	02 52
8	47
9	44
10	34
11	24
12	14
13	04 54
14	44
15	34
16	24
17	24
18	12
19	01 51
20	40
21	27
22	17

WIGILIA I SYLWESTER

5	10 46
6	13 33
7	10 23 55
8	20 47
9	19 44
10	09 36
11	03 28 55
12	20 47
13	12 39
14	04 33 59
15	28 54
16	23 49
17	16 49
18	14 39 57
19	21 49
20	
21	
22	

WIELKANOC,BOŻE NARODZENIE,NOWY ROK

5	
6	
7	02 52
8	47
9	44
10	34
11	24
12	14
13	04 54
14	44
15	34
16	24
17	14
18	11 59
19	50
20	39
21	27
22	16

