FELIN - DOŚWIADCZALNA - DROGA M. MAJDANKA - WOLSKA - PLAC DWORCOWY - KROCHMALNA - NADBYSTRZYCKA - ZANA - B. M. CASSINO - AL. KRAŚNICKA - ROZTOCZE - JANA PAWŁA II - GRANITOWA - OS.PORĘBA

DZIEŃ POWSZEDNI, ROK SZKOLNY

5	05 26 50
6	08 21 50
7	14 40
8	05 35
9	00 25 50
10	15 40
11	08 30 55
12	20 45
13	10 35
14	00 25 53
15	19 40
16	05 30
17	00 31 56
18	26 55
19	23 55
20	25 55
21	25
22	05

SOBOTA, ROK SZKOLNY

5	27
6	07 34
7	08 44
8	24
9	02 42
10	20
11	02 41
12	21
13	00 40
14	21
15	02 35
16	14 55
17	38
18	15 58
19	33
20	05 38
21	15
22	05

DZIEŃ ŚWIĄTECZNY, ROK SZKOLNY

5	27
6	07 34
7	08 44
8	24
9	02 42
10	20
11	02 41
12	21
13	00 40
14	21
15	02 35
16	14 55
17	38
18	15 58
19	29
20	05 38
21	20
22	05

WSZYSTKICH ŚWIĘTYCH

5	09 26 50
6	05 21 50
7	14 40
8	05 35
9	00 25 50
10	15 40
11	05 30 55
12	20 45
13	10 35
14	00 25 53
15	15 40
16	05 30
17	00 31 56
18	26 55
19	25 55
20	25 55
21	25
22	05

WIGILIA I SYLWESTER

5	05 26 50
6	08 21 50
7	14 40
8	05 35
9	00 25 50
10	15 40
11	08 30 55
12	20 45
13	10 35
14	00 25 53
15	19 40
16	05 30
17	00 31 56
18	26
19	55
20	
21	
22	05

WIELKANOC,BOŻE NARODZENIE,NOWY ROK

5	
6	34
7	20
8	13
9	16
10	10
11	05
12	03 56
13	50
14	45
15	40
16	33
17	37
18	30
19	20
20	20
21	10
22	

