FELIN - DOŚWIADCZALNA - DROGA M. MAJDANKA - WOLSKA - PLAC DWORCOWY - KROCHMALNA - NADBYSTRZYCKA - ZANA - B. M. CASSINO - AL. KRAŚNICKA - ROZTOCZE - JANA PAWŁA II - GRANITOWA - OS.PORĘBA

DZIEŃ POWSZEDNI, ROK SZKOLNY

5	08 29 53
6	11 24 53
7	17 43
8	08 38
9	03 28 53
10	18 43
11	11 33 58
12	23 48
13	13 38
14	03 28 56
15	22 43
16	08 33
17	03 34 59
18	29 58
19	26 58
20	28 58
21	28
22	08

SOBOTA, ROK SZKOLNY

5	30
6	10 37
7	11 47
8	27
9	05 45
10	23
11	05 44
12	24
13	03 43
14	24
15	05 38
16	17 58
17	41
18	18
19	01 36
20	08 41
21	18
22	08

DZIEŃ ŚWIĄTECZNY, ROK SZKOLNY

5	30
6	10 37
7	11 47
8	27
9	05 45
10	23
11	05 44
12	24
13	03 43
14	24
15	05 38
16	17 58
17	41
18	18
19	01 32
20	08 41
21	23
22	08

WSZYSTKICH ŚWIĘTYCH

5	12 29 53
6	08 24 53
7	17 43
8	08 38
9	03 28 53
10	18 43
11	08 33 58
12	23 48
13	13 38
14	03 28 56
15	18 43
16	08 33
17	03 34 59
18	29 58
19	28 58
20	28 58
21	28
22	08

WIGILIA I SYLWESTER

5	08 29 53
6	11 24 53
7	17 43
8	08 38
9	03 28 53
10	18 43
11	11 33 58
12	23 48
13	13 38
14	03 28 56
15	22 43
16	08 33
17	03 34 59
18	29
19	58
20	
21	
22	08

WIELKANOC,BOŻE NARODZENIE,NOWY ROK

5	
6	37
7	23
8	16
9	19
10	13
11	08
12	06 59
13	53
14	48
15	43
16	36
17	40
18	33
19	23
20	23
21	13
22	

