FELIN - DOŚWIADCZALNA - DROGA M. MAJDANKA - WOLSKA - PLAC DWORCOWY - KROCHMALNA - NADBYSTRZYCKA - ZANA - B. M. CASSINO - AL. KRAŚNICKA - ROZTOCZE - JANA PAWŁA II - GRANITOWA - OS.PORĘBA

DZIEŃ POWSZEDNI, ROK SZKOLNY

5	10 31 55
6	13 26 56
7	20 46
8	11 41
9	06 31 56
10	21 46
11	14 36
12	01 26 51
13	16 41
14	06 31 59
15	25 46
16	11 36
17	06 37
18	02 32
19	01 29
20	01 31
21	01 31
22	10

SOBOTA, ROK SZKOLNY

5	32
6	12 39
7	14 50
8	30
9	08 48
10	26
11	08 47
12	27
13	06 46
14	27
15	08 41
16	20
17	01 44
18	21
19	04 39
20	11 44
21	21
22	10

DZIEŃ ŚWIĄTECZNY, ROK SZKOLNY

5	32
6	12 39
7	14 50
8	30
9	08 48
10	26
11	08 47
12	27
13	06 46
14	27
15	08 41
16	20
17	01 44
18	21
19	04 35
20	11 44
21	26
22	10

WSZYSTKICH ŚWIĘTYCH

5	14 31 55
6	10 26 55
7	20 46
8	11 41
9	06 31 56
10	21 46
11	11 36
12	01 26 51
13	16 41
14	06 31 59
15	21 46
16	11 36
17	06 37
18	02 32
19	01 31
20	01 31
21	01 31
22	10

WIGILIA I SYLWESTER

5	10 31 55
6	13 26 56
7	20 46
8	11 41
9	06 31 56
10	21 46
11	14 36
12	01 26 51
13	16 41
14	06 31 59
15	25 46
16	11 36
17	06 37
18	02 32
19	
20	01
21	
22	10

WIELKANOC,BOŻE NARODZENIE,NOWY ROK

5	
6	39
7	26
8	19
9	22
10	16
11	11
12	09
13	02 56
14	51
15	46
16	39
17	43
18	36
19	26
20	26
21	16
22	

