FELIN - DOŚWIADCZALNA - DROGA M. MAJDANKA - WOLSKA - PLAC DWORCOWY - KROCHMALNA - NADBYSTRZYCKA - ZANA - B. M. CASSINO - AL. KRAŚNICKA - ROZTOCZE - JANA PAWŁA II - GRANITOWA - OS.PORĘBA

DZIEŃ POWSZEDNI, ROK SZKOLNY

5	10 27 44
6	05 29 51
7	13 45
8	09 35
9	00 30 55
10	20 45
11	10 35
12	03 25 50
13	15 40
14	05 31
15	00 25 53
16	19 40
17	05 30
18	00 27 45
19	15 44
20	12 44
21	14 44
22	12 44

SOBOTA, ROK SZKOLNY

5	12
6	06 46
7	15 57
8	33
9	13 51
10	31
11	09 51
12	30
13	10 49
14	29
15	10 51
16	24
17	03 44
18	26
19	01 44
20	19 51
21	24
22	01 44

DZIEŃ ŚWIĄTECZNY, ROK SZKOLNY

5	12
6	06 46
7	15 57
8	33
9	13 51
10	31
11	09 51
12	30
13	10 49
14	29
15	10 51
16	24
17	03 44
18	26
19	01 44
20	15 51
21	24
22	06 44

WSZYSTKICH ŚWIĘTYCH

5	10 32 48
6	05 29 44
7	00 36
8	03 29 54
9	24 49
10	14 39
11	04 29 54
12	19 44
13	09 34 59
14	24 49
15	14 42
16	04 29 54
17	19 49
18	19 42
19	12 41
20	11 41
21	11 41
22	10 44

WIGILIA I SYLWESTER

5	10 27 44
6	05 29 51
7	13 45
8	09 35
9	00 30 55
10	20 45
11	10 35
12	03 25 50
13	15 40
14	05 31
15	00 25 53
16	19 40
17	05 30
18	00 27 45
19	15
20	44
21	
22	44

WIELKANOC,BOŻE NARODZENIE,NOWY ROK

5	
6	
7	15
8	09
9	02
10	05 59
11	54
12	52
13	45
14	39
15	34
16	29
17	22
18	25
19	16
20	06
21	06 56
22	

