FELIN - DOŚWIADCZALNA - DROGA M. MAJDANKA - WOLSKA - PLAC DWORCOWY - KROCHMALNA - NADBYSTRZYCKA - ZANA - B. M. CASSINO - AL. KRAŚNICKA - ROZTOCZE - JANA PAWŁA II - GRANITOWA - OS.PORĘBA

DZIEŃ POWSZEDNI, ROK SZKOLNY

5	07 24 41
6	02 26 48
7	10 42
8	06 32 57
9	27 52
10	17 42
11	07 32
12	00 22 47
13	12 37
14	02 28 57
15	22 50
16	16 37
17	02 27 57
18	24 42
19	12 41
20	09 41
21	11 41
22	09 41

SOBOTA, ROK SZKOLNY

5	09
6	03 43
7	12 54
8	30
9	10 48
10	28
11	06 48
12	27
13	07 46
14	26
15	07 48
16	21
17	00 41
18	23 58
19	41
20	16 48
21	21 58
22	41

DZIEŃ ŚWIĄTECZNY, ROK SZKOLNY

5	09
6	03 43
7	12 54
8	30
9	10 48
10	28
11	06 48
12	27
13	07 46
14	26
15	07 48
16	21
17	00 41
18	23 58
19	41
20	12 48
21	21
22	03 41

WSZYSTKICH ŚWIĘTYCH

5	07 29 45
6	02 26 41 57
7	33
8	00 26 51
9	21 46
10	11 36
11	01 26 51
12	16 41
13	06 31 56
14	21 46
15	11 39
16	01 26 51
17	16 46
18	16 39
19	09 38
20	08 38
21	08 38
22	07 41

WIGILIA I SYLWESTER

5	07 24 41
6	02 26 48
7	10 42
8	06 32 57
9	27 52
10	17 42
11	07 32
12	00 22 47
13	12 37
14	02 28 57
15	22 50
16	16 37
17	02 27 57
18	24 42
19	12
20	41
21	
22	41

WIELKANOC,BOŻE NARODZENIE,NOWY ROK

5	
6	
7	12
8	06 59
9	
10	02 56
11	51
12	49
13	42
14	36
15	31
16	26
17	19
18	22
19	13
20	03
21	03 53
22	

