FELIN - DOŚWIADCZALNA - DROGA M. MAJDANKA - WOLSKA - PLAC DWORCOWY - KROCHMALNA - NADBYSTRZYCKA - ZANA - B. M. CASSINO - AL. KRAŚNICKA - ROZTOCZE - JANA PAWŁA II - GRANITOWA - OS.PORĘBA

DZIEŃ POWSZEDNI, ROK SZKOLNY

4	44
5	01 18 39
6	03 21 38
7	10 34
8	00 25 55
9	20 45
10	10 35
11	00 28 50
12	15 40
13	05 30 55
14	23 48
15	16 42
16	03 28 53
17	23 54
18	14 44
19	13 41
20	13 43
21	13 43
22	18

SOBOTA, ROK SZKOLNY

4	46
5	40
6	20 47
7	25
8	01 41
9	19 59
10	37
11	19 58
12	38
13	17 57
14	38
15	19 52
16	31
17	12 55
18	31
19	14 49
20	21 54
21	31
22	18

DZIEŃ ŚWIĄTECZNY, ROK SZKOLNY

4	46
5	40
6	20 47
7	25
8	01 41
9	19 59
10	37
11	19 58
12	38
13	17 57
14	38
15	19 52
16	31
17	12 55
18	31
19	14 45
20	21 54
21	36
22	18

WSZYSTKICH ŚWIĘTYCH

4	44
5	06 22 39
6	03 18 34
7	04 31 57
8	22 52
9	17 42
10	07 32 57
11	22 47
12	12 37
13	02 27 52
14	17 42
15	10 32 57
16	22 47
17	17 48
18	12 42
19	11 41
20	11 41
21	11 41
22	18

WIGILIA I SYLWESTER

4	44
5	01 18 39
6	03 21 38
7	10 34
8	00 25 55
9	20 45
10	10 35
11	00 28 50
12	15 40
13	05 30 55
14	23 48
15	16 42
16	03 28 53
17	23 54
18	14 44
19	
20	13
21	
22	18

WIELKANOC,BOŻE NARODZENIE,NOWY ROK

4	
5	
6	47
7	37
8	30
9	33
10	27
11	22
12	20
13	13
14	07
15	02 57
16	50
17	54
18	46
19	36
20	36
21	26
22	

