FELIN - DOŚWIADCZALNA - DROGA M. MAJDANKA - WOLSKA - PLAC DWORCOWY - KROCHMALNA - NADBYSTRZYCKA - ZANA - B. M. CASSINO - AL. KRAŚNICKA - ROZTOCZE - JANA PAWŁA II - GRANITOWA - OS.PORĘBA

DZIEŃ POWSZEDNI, ROK SZKOLNY

4	46
5	03 20 41
6	05 23 40
7	12 36
8	02 27 57
9	22 47
10	12 37
11	02 30 52
12	17 42
13	07 32 57
14	25 50
15	18 44
16	05 30 55
17	25 56
18	16 46
19	15 43
20	15 45
21	15 45
22	20

SOBOTA, ROK SZKOLNY

4	48
5	42
6	22 49
7	27
8	03 43
9	21
10	01 39
11	21
12	00 40
13	19 59
14	40
15	21 54
16	33
17	14 57
18	33
19	16 51
20	23 56
21	33
22	20

DZIEŃ ŚWIĄTECZNY, ROK SZKOLNY

4	48
5	42
6	22 49
7	27
8	03 43
9	21
10	01 39
11	21
12	00 40
13	19 59
14	40
15	21 54
16	33
17	14 57
18	33
19	16 47
20	23 56
21	38
22	20

WSZYSTKICH ŚWIĘTYCH

4	46
5	08 24 41
6	05 20 36
7	06 33 59
8	24 54
9	19 44
10	09 34 59
11	24 49
12	14 39
13	04 29 54
14	19 44
15	12 34 59
16	24 49
17	19 50
18	14 44
19	13 43
20	13 43
21	13 43
22	20

WIGILIA I SYLWESTER

4	46
5	03 20 41
6	05 23 40
7	12 36
8	02 27 57
9	22 47
10	12 37
11	02 30 52
12	17 42
13	07 32 57
14	25 50
15	18 44
16	05 30 55
17	25 56
18	16 46
19	
20	15
21	
22	20

WIELKANOC,BOŻE NARODZENIE,NOWY ROK

4	
5	
6	49
7	39
8	32
9	35
10	29
11	24
12	22
13	15
14	09
15	04 59
16	52
17	56
18	48
19	38
20	38
21	28
22	

