FELIN - DOŚWIADCZALNA - DROGA M. MAJDANKA - WOLSKA - PLAC DWORCOWY - KROCHMALNA - NADBYSTRZYCKA - ZANA - B. M. CASSINO - AL. KRAŚNICKA - ROZTOCZE - JANA PAWŁA II - GRANITOWA - OS.PORĘBA

DZIEŃ POWSZEDNI, ROK SZKOLNY

5	03 20 37 58
6	22 44
7	06 38
8	02 28 53
9	23 48
10	13 38
11	03 28 56
12	18 43
13	08 33 58
14	24 53
15	18 46
16	12 33 58
17	23 53
18	20 38
19	08 37
20	05 37
21	07 37
22	05 37

SOBOTA, ROK SZKOLNY

5	05 59
6	39
7	08 50
8	26
9	06 44
10	24
11	02 44
12	23
13	03 42
14	22
15	03 44
16	17 56
17	37
18	19 54
19	37
20	12 44
21	17 54
22	37

DZIEŃ ŚWIĄTECZNY, ROK SZKOLNY

5	05 59
6	39
7	08 50
8	26
9	06 44
10	24
11	02 44
12	23
13	03 42
14	22
15	03 44
16	17 56
17	37
18	19 54
19	37
20	08 44
21	17 59
22	37

WSZYSTKICH ŚWIĘTYCH

5	03 25 41 58
6	22 37 53
7	29 56
8	22 47
9	17 42
10	07 32 57
11	22 47
12	12 37
13	02 27 52
14	17 42
15	07 35 57
16	22 47
17	12 42
18	12 35
19	05 34
20	04 34
21	04 34
22	03 37

WIGILIA I SYLWESTER

5	03 20 37 58
6	22 44
7	06 38
8	02 28 53
9	23 48
10	13 38
11	03 28 56
12	18 43
13	08 33 58
14	24 53
15	18 46
16	12 33 58
17	23 53
18	20 38
19	08
20	37
21	
22	37

WIELKANOC,BOŻE NARODZENIE,NOWY ROK

5	
6	
7	08
8	02 55
9	58
10	52
11	47
12	45
13	38
14	32
15	27
16	22
17	15
18	18
19	09 59
20	59
21	49
22	

