FELIN - DOŚWIADCZALNA - DROGA M. MAJDANKA - WOLSKA - PLAC DWORCOWY - KROCHMALNA - NADBYSTRZYCKA - ZANA - B. M. CASSINO - AL. KRAŚNICKA - ROZTOCZE - JANA PAWŁA II - GRANITOWA - OS.PORĘBA

DZIEŃ POWSZEDNI, ROK SZKOLNY

4	40 57
5	14 35 59
6	17 30
7	02 26 52
8	17 47
9	12 37
10	02 27 52
11	20 42
12	07 32 57
13	22 47
14	13 38
15	06 32 53
16	18 43
17	13 44
18	07 37
19	06 34
20	06 36
21	06 36
22	14

SOBOTA, ROK SZKOLNY

4	42
5	36
6	16 43
7	19 55
8	35
9	13 53
10	31
11	13 52
12	32
13	11 51
14	32
15	13 46
16	25
17	06 49
18	26
19	09 44
20	16 49
21	26
22	14

DZIEŃ ŚWIĄTECZNY, ROK SZKOLNY

4	42
5	36
6	16 43
7	19 55
8	35
9	13 53
10	31
11	13 52
12	32
13	11 51
14	32
15	13 46
16	25
17	06 49
18	26
19	09 40
20	16 49
21	31
22	14

WSZYSTKICH ŚWIĘTYCH

4	40
5	02 18 35 59
6	14 30 59
7	25 51
8	16 46
9	11 36
10	01 26 51
11	16 41
12	06 31 56
13	21 46
14	11 36
15	04 26 51
16	16 41
17	11 42
18	07 37
19	06 36
20	06 36
21	06 36
22	14

WIGILIA I SYLWESTER

4	40 57
5	14 35 59
6	17 30
7	02 26 52
8	17 47
9	12 37
10	02 27 52
11	20 42
12	07 32 57
13	22 47
14	13 38
15	06 32 53
16	18 43
17	13 44
18	07 37
19	
20	06
21	
22	14

WIELKANOC,BOŻE NARODZENIE,NOWY ROK

4	
5	
6	43
7	31
8	24
9	27
10	21
11	16
12	14
13	07
14	01 56
15	51
16	44
17	48
18	41
19	31
20	31
21	21
22	

