FELIN - DOŚWIADCZALNA - DROGA M. MAJDANKA - WOLSKA - PLAC DWORCOWY - KROCHMALNA - NADBYSTRZYCKA - ZANA - B. M. CASSINO - AL. KRAŚNICKA - ROZTOCZE - JANA PAWŁA II - GRANITOWA - OS.PORĘBA

DZIEŃ POWSZEDNI, ROK SZKOLNY

4	41 58
5	15 36
6	00 18 32
7	04 28 54
8	19 49
9	14 39
10	04 29 54
11	22 44
12	09 34 59
13	24 49
14	16 41
15	09 35 56
16	21 46
17	16 47
18	08 38
19	07 35
20	07 37
21	07 37
22	15

SOBOTA, ROK SZKOLNY

4	43
5	37
6	17 44
7	21 57
8	37
9	15 55
10	33
11	15 54
12	34
13	13 53
14	34
15	15 48
16	27
17	08 51
18	27
19	10 45
20	17 50
21	27
22	15

DZIEŃ ŚWIĄTECZNY, ROK SZKOLNY

4	43
5	37
6	17 44
7	21 57
8	37
9	15 55
10	33
11	15 54
12	34
13	13 53
14	34
15	15 48
16	27
17	08 51
18	27
19	10 41
20	17 50
21	32
22	15

WSZYSTKICH ŚWIĘTYCH

4	41
5	03 19 36
6	00 15 31
7	00 27 53
8	18 48
9	13 38
10	03 28 53
11	18 43
12	08 33 58
13	23 48
14	13 38
15	06 28 53
16	18 43
17	13 44
18	08 38
19	07 37
20	07 37
21	07 37
22	15

WIGILIA I SYLWESTER

4	41 58
5	15 36
6	00 18 32
7	04 28 54
8	19 49
9	14 39
10	04 29 54
11	22 44
12	09 34 59
13	24 49
14	16 41
15	09 35 56
16	21 46
17	16 47
18	08 38
19	
20	07
21	
22	15

WIELKANOC,BOŻE NARODZENIE,NOWY ROK

4	
5	
6	44
7	33
8	26
9	29
10	23
11	18
12	16
13	09
14	03 58
15	53
16	46
17	50
18	42
19	32
20	32
21	22
22	

