FELIN - DOŚWIADCZALNA - DROGA M. MAJDANKA - WOLSKA - PLAC DWORCOWY - KROCHMALNA - NADBYSTRZYCKA - ZANA - B. M. CASSINO - AL. KRAŚNICKA - ROZTOCZE - JANA PAWŁA II - GRANITOWA - OS.PORĘBA

DZIEŃ POWSZEDNI, ROK SZKOLNY

4	54
5	11 28 49
6	13 31 53
7	25 49
8	15 40
9	10 35
10	00 25 50
11	15 43
12	05 30 55
13	20 45
14	10 39
15	04 32 58
16	19 44
17	09 39
18	09 27 57
19	26 54
20	26 56
21	26 56
22	28

SOBOTA, ROK SZKOLNY

4	56
5	50
6	30 57
7	38
8	14 54
9	32
10	12 50
11	32
12	11 51
13	30
14	10 51
15	32
16	05 44
17	25
18	08 43
19	26
20	01 33
21	06 43
22	28

DZIEŃ ŚWIĄTECZNY, ROK SZKOLNY

4	56
5	50
6	30 57
7	38
8	14 54
9	32
10	12 50
11	32
12	11 51
13	30
14	10 51
15	32
16	05 44
17	25
18	08 43
19	26 57
20	33
21	06 48
22	28

WSZYSTKICH ŚWIĘTYCH

4	54
5	16 32 49
6	13 28 44
7	17 44
8	10 35
9	05 30 55
10	20 45
11	10 35
12	00 25 50
13	15 40
14	05 30 55
15	23 45
16	10 35
17	00 30
18	01 24 54
19	23 53
20	23 53
21	23 53
22	28

WIGILIA I SYLWESTER

4	54
5	11 28 49
6	13 31 53
7	25 49
8	15 40
9	10 35
10	00 25 50
11	15 43
12	05 30 55
13	20 45
14	10 39
15	04 32 58
16	19 44
17	09 39
18	09 27 57
19	
20	26
21	
22	28

WIELKANOC,BOŻE NARODZENIE,NOWY ROK

4	
5	
6	57
7	50
8	43
9	46
10	40
11	35
12	33
13	26
14	20
15	15
16	10
17	03
18	07 58
19	48
20	48
21	38
22	

