FELIN - DOŚWIADCZALNA - DROGA M. MAJDANKA - WOLSKA - PLAC DWORCOWY - KROCHMALNA - NADBYSTRZYCKA - ZANA - B. M. CASSINO - AL. KRAŚNICKA - ROZTOCZE - JANA PAWŁA II - GRANITOWA - OS.PORĘBA

DZIEŃ POWSZEDNI, ROK SZKOLNY

4	51
5	08 25 46
6	10 28 50
7	22 46
8	12 37
9	07 32 57
10	22 47
11	12 40
12	02 27 52
13	17 42
14	07 36
15	01 29 55
16	16 41
17	06 36
18	06 24 54
19	23 51
20	23 53
21	23 53
22	25

SOBOTA, ROK SZKOLNY

4	53
5	47
6	27 54
7	35
8	11 51
9	29
10	09 47
11	29
12	08 48
13	27
14	07 48
15	29
16	02 41
17	22
18	05 40
19	23 58
20	30
21	03 40
22	25

DZIEŃ ŚWIĄTECZNY, ROK SZKOLNY

4	53
5	47
6	27 54
7	35
8	11 51
9	29
10	09 47
11	29
12	08 48
13	27
14	07 48
15	29
16	02 41
17	22
18	05 40
19	23 54
20	30
21	03 45
22	25

WSZYSTKICH ŚWIĘTYCH

4	51
5	13 29 46
6	10 25 41
7	14 41
8	07 32
9	02 27 52
10	17 42
11	07 32 57
12	22 47
13	12 37
14	02 27 52
15	20 42
16	07 32 57
17	27 58
18	21 51
19	20 50
20	20 50
21	20 50
22	25

WIGILIA I SYLWESTER

4	51
5	08 25 46
6	10 28 50
7	22 46
8	12 37
9	07 32 57
10	22 47
11	12 40
12	02 27 52
13	17 42
14	07 36
15	01 29 55
16	16 41
17	06 36
18	06 24 54
19	
20	23
21	
22	25

WIELKANOC,BOŻE NARODZENIE,NOWY ROK

4	
5	
6	54
7	47
8	40
9	43
10	37
11	32
12	30
13	23
14	17
15	12
16	07
17	00
18	04 55
19	45
20	45
21	35
22	

