OS.PORĘBA - GRANITOWA - JANA PAWŁA II - ARMII KRAJOWEJ - B. M. CASSINO - WILEŃSKA - GŁĘBOKA - NARUTOWICZA - ZAMOJSKA - FABRYCZNA - ŁĘCZYŃSKA - GOSPODARCZA - MEŁGIEWSKA - MEŁGIEWSKA FS

DZIEŃ POWSZEDNI, ROK SZKOLNY

5	05 14. 23 32. 41 46 50 59.
6	08 17. 26 36 45. 54
7	03. 12 17 21 30. 39 48. 58
8	07 16. 25 35. 44 49 53
9	03. 13 24. 35 47
10	00. 13 26 33 39 52.
11	05 19 33 48.
12	01 14 21 27 40. 52
13	05 17 28. 39 49. 58
14	03 08 17. 26 35. 44 53
15	02. 11 20. 29 34 38 47. 56
16	05. 14 23 32. 41 50.
17	00 05 09 19. 28 38. 48 58
18	08. 19 30. 42 49 55.
19	08 22 37 53
20	08 26. 50
21	15 35 55.
22	

SOBOTA, ROK SZKOLNY

5	21 41 54
6	11. 22 32 41 52.
7	03 15 24 35. 45 56
8	05 17. 37 48 58
9	09. 19 30 40 51.
10	01 12 22 33. 43 56
11	08 19. 30 41 52
12	03. 14 25 38 49.
13	01 12 24 35. 47 58
14	12 24. 36 48
15	00 12. 24 36 51
16	03. 16 28 53.
17	06 20 51.
18	03 18 35. 51
19	05 21. 35
20	05. 20 32 46. 59
21	20. 35
22	40.

DZIEŃ ŚWIĄTECZNY, ROK SZKOLNY

5	12 40
6	02 15 32 45
7	06 23 38 56
8	16 39 57
9	15 33 51
10	09 27 48
11	03 21 39 57
12	15 33 51
13	09 27 45
14	03 21 39 57
15	15 33 51
16	09 27 45
17	03 24 44
18	01 19 37
19	14 31
20	07 32 57
21	48
22	

WIELKANOC,BOŻE NARODZENIE,NOWY ROK

5	13
6	29
7	05 44
8	28
9	16 58
10	46
11	28
12	10 58
13	44
14	30
15	16
16	02 48
17	38
18	21
19	00
20	25
21	43
22	

