OS.PORĘBA - GRANITOWA - JANA PAWŁA II - ARMII KRAJOWEJ - B. M. CASSINO - WILEŃSKA - GŁĘBOKA - NARUTOWICZA - ZAMOJSKA - FABRYCZNA - ŁĘCZYŃSKA - GOSPODARCZA - MEŁGIEWSKA - MEŁGIEWSKA FS

DZIEŃ POWSZEDNI, ROK SZKOLNY

5	21 30. 39 48. 57
6	02 06 15. 24 36. 50
7	01 10. 19 28. 37 42 46 55.
8	04 13. 23 32 41. 50
9	00. 09 14 18 28. 38 49.
10	00 12 25. 38 51 58
11	04 17. 30 44 58
12	13. 26 39 46 52
13	05. 17 30 42 53.
14	04 14. 23 28 33 42. 51
15	00. 09 18 27. 36 45. 54 59
16	03 12. 21 30. 39 48 57.
17	06 15. 25 30 34 44. 53
18	03. 11 18 28. 39 50.
19	02 09 15. 28 42 57
20	13 28 46.
21	10 35 55
22	12.

SOBOTA, ROK SZKOLNY

5	37 57
6	10 27. 38 48 57
7	12. 24 36 45 56.
8	06 17 26 38. 58
9	09 19 30. 40 51
10	01 12. 22 33 43 54.
11	04 17 29 40. 51
12	02 13 24. 35 46 59
13	10. 22 33 45 56.
14	08 19 33 45. 57
15	09 21 33. 45 57
16	12 24. 37 49
17	14. 27 41
18	08. 20 35 52.
19	08 22 38. 52
20	22. 37 49
21	03. 16 37. 52
22	56.

DZIEŃ ŚWIĄTECZNY, ROK SZKOLNY

5	28 56
6	18 31 48
7	01 27 44 59
8	17 37
9	00 18 36 54
10	12 30 48
11	09 24 42
12	00 18 36 54
13	12 30 48
14	06 24 42
15	00 18 36 54
16	12 30 48
17	06 24 45
18	03 18 36 54
19	31 48
20	24 49
21	14
22	05

WIELKANOC,BOŻE NARODZENIE,NOWY ROK

5	29
6	45
7	26
8	05 49
9	37
10	19
11	07 49
12	31
13	19
14	05 51
15	37
16	23
17	09 59
18	38
19	17
20	42
21	
22	00

