OS.PORĘBA - GRANITOWA - JANA PAWŁA II - ARMII KRAJOWEJ - B. M. CASSINO - WILEŃSKA - GŁĘBOKA - NARUTOWICZA - ZAMOJSKA - FABRYCZNA - ŁĘCZYŃSKA - GOSPODARCZA - MEŁGIEWSKA - MEŁGIEWSKA FS

DZIEŃ POWSZEDNI, ROK SZKOLNY

5	12 21. 30 39. 48 53 57
6	06. 15 24. 35 46 55.
7	04 13. 22 27 31 40. 49 58.
8	08 17 26. 35 45. 54 59
9	03 13. 23 34. 45 57
10	10. 23 36 43 49
11	02. 15 29 43 58.
12	11 24 31 37 50.
13	02 15 27 38. 49 59.
14	08 13 18 27. 36 45. 54
15	03 12. 21 30. 39 44 48 57.
16	06 15. 24 33 42. 51
17	00. 10 15 19 29. 38 48. 58
18	06 16. 27 38. 50 57
19	03. 16 30 45
20	01 16 34. 58
21	23 43
22	03.

SOBOTA, ROK SZKOLNY

5	28 48
6	01 18. 29 39 48 59.
7	11 23 32 43. 53
8	04 13 25. 45 56
9	06 17. 27 38 48 59.
10	09 20 30 41. 51
11	04 16 27. 38 49
12	00 11. 22 33 46 57.
13	09 20 32 43. 55
14	06 20 32. 44 56
15	08 20. 32 44 59
16	11. 24 36
17	01. 14 28 59.
18	11 26 43. 59
19	13 29. 43
20	13. 28 40 54.
21	07 28. 43
22	47.

DZIEŃ ŚWIĄTECZNY, ROK SZKOLNY

5	19 47
6	09 22 39 52
7	14 31 46
8	04 24 47
9	05 23 41 59
10	17 35 56
11	11 29 47
12	05 23 41 59
13	17 35 53
14	11 29 47
15	05 23 41 59
16	17 35 53
17	11 32 52
18	09 27 45
19	22 39
20	15 40
21	05 56
22	

WIELKANOC,BOŻE NARODZENIE,NOWY ROK

5	20
6	36
7	13 52
8	36
9	24
10	06 54
11	36
12	18
13	06 52
14	38
15	24
16	10 56
17	46
18	29
19	08
20	33
21	51
22	

