OS.PORĘBA - GRANITOWA - JANA PAWŁA II - ARMII KRAJOWEJ - B. M. CASSINO - WILEŃSKA - GŁĘBOKA - NARUTOWICZA - ZAMOJSKA - FABRYCZNA - ŁĘCZYŃSKA - GOSPODARCZA - MEŁGIEWSKA - MEŁGIEWSKA FS

DZIEŃ POWSZEDNI, ROK SZKOLNY

5	02 11. 20 29. 38 43 47 56.
6	05 14. 23 32 41. 50 59.
7	08 13 17 26. 35 44. 54
8	03 12. 21 31. 40 45 49 59.
9	09 20. 31 43 56.
10	09 22 29 35 48.
11	01 15 29 44. 57
12	10 17 23 36. 48
13	01 13 24. 35 45. 54 59
14	04 13. 22 31. 40 49 58.
15	07 16. 25 30 34 43. 52
16	01. 10 19 28. 37 46. 56
17	01 05 15. 24 34. 44 54
18	05. 16 27. 39 46 52.
19	05 19 34 50
20	05 23. 47
21	12 32 52.
22	

SOBOTA, ROK SZKOLNY

5	18 38 51
6	08. 19 29 38 49. 59
7	11 20 31. 41 52
8	01 13. 33 44 54
9	05. 15 26 36 47. 57
10	08 18 29. 39 52
11	04 15. 26 37 48 59.
12	10 21 34 45. 57
13	08 20 31. 43 54
14	08 20. 32 44 56
15	08. 20 32 47 59.
16	12 24 49.
17	02 16 47.
18	00 15 32. 48
19	02 18. 32
20	02. 17 29 43. 56
21	17. 32
22	37.

DZIEŃ ŚWIĄTECZNY, ROK SZKOLNY

5	09 37 59
6	12 29 42
7	02 19 34 52
8	12 35 53
9	11 29 47
10	05 23 44 59
11	17 35 53
12	11 29 47
13	05 23 41 59
14	17 35 53
15	11 29 47
16	05 23 41 59
17	20 40 58
18	16 34
19	11 28
20	04 29 54
21	45
22	

WIELKANOC,BOŻE NARODZENIE,NOWY ROK

5	10
6	26
7	01 40
8	24
9	12 54
10	42
11	24
12	06 54
13	40
14	26
15	12 58
16	44
17	34
18	18 57
19	
20	22
21	40
22	

