OS.PORĘBA - GRANITOWA - JANA PAWŁA II - ARMII KRAJOWEJ - B. M. CASSINO - WILEŃSKA - GŁĘBOKA - NARUTOWICZA - ZAMOJSKA - FABRYCZNA - ŁĘCZYŃSKA - GOSPODARCZA - MEŁGIEWSKA - MEŁGIEWSKA FS

DZIEŃ POWSZEDNI, ROK SZKOLNY

5	17 26. 35 44. 53 58
6	02 11. 20 29. 43 54
7	03. 12 21. 30 35 39 48. 57
8	06. 16 25 34. 43 53.
9	02 07 11 21. 31 42. 53
10	05 18. 31 44 51 57
11	10. 23 37 51
12	06. 19 32 39 45 58.
13	10 23 35 46. 57
14	07. 16 21 26 35. 44 53.
15	02 11 20. 29 38. 47 52 56
16	05. 14 23. 32 41 50. 59
17	08. 18 23 27 37. 46 56.
18	05 12 22. 33 44. 56
19	03 09. 22 36 51
20	07 22 40.
21	04 29 49
22	08.

SOBOTA, ROK SZKOLNY

5	33 53
6	06 23. 34 44 53
7	06. 18 30 39 50.
8	00 11 20 32. 52
9	03 13 24. 34 45 55
10	06. 16 27 37 48. 58
11	11 23 34. 45 56
12	07 18. 29 40 53
13	04. 16 27 39 50.
14	02 13 27 39. 51
15	03 15 27. 39 51
16	06 18. 31 43
17	08. 21 35
18	04. 16 31 48.
19	04 18 34. 48
20	18. 33 45 59.
21	12 33. 48
22	52.

DZIEŃ ŚWIĄTECZNY, ROK SZKOLNY

5	24 52
6	14 27 44 57
7	21 38 53
8	11 31 54
9	12 30 48
10	06 24 42
11	03 18 36 54
12	12 30 48
13	06 24 42
14	00 18 36 54
15	12 30 48
16	06 24 42
17	00 18 39 59
18	14 32 50
19	27 44
20	20 45
21	10
22	01

WIELKANOC,BOŻE NARODZENIE,NOWY ROK

5	25
6	41
7	20 59
8	43
9	31
10	13
11	01 43
12	25
13	13 59
14	45
15	31
16	17
17	03 53
18	34
19	13
20	38
21	56
22	

