OS.PORĘBA - GRANITOWA - JANA PAWŁA II - ARMII KRAJOWEJ - B. M. CASSINO - WILEŃSKA - GŁĘBOKA - NARUTOWICZA - ZAMOJSKA - FABRYCZNA - ŁĘCZYŃSKA - GOSPODARCZA - MEŁGIEWSKA - MEŁGIEWSKA FS

DZIEŃ POWSZEDNI, ROK SZKOLNY

5	15 24. 33 42. 51 56
6	00 09. 18 27. 39 50 59.
7	08 17. 26 31 35 44. 53
8	02. 12 21 30. 39 49. 58
9	03 07 17. 27 38. 49
10	01 14. 27 40 47 53
11	06. 19 33 47
12	02. 15 28 35 41 54.
13	06 19 31 42. 53
14	03. 12 17 22 31. 40 49. 58
15	07 16. 25 34. 43 48 52
16	01. 10 19. 28 37 46. 55
17	04. 14 19 23 33. 42 52.
18	02 09 19. 30 41. 53
19	00 06. 19 33 48
20	04 19 37.
21	01 26 46
22	06.

SOBOTA, ROK SZKOLNY

5	31 51
6	04 21. 32 42 51
7	03. 15 27 36 47. 57
8	08 17 29. 49
9	00 10 21. 31 42 52
10	03. 13 24 34 45. 55
11	08 20 31. 42 53
12	04 15. 26 37 50
13	01. 13 24 36 47. 59
14	10 24 36. 48
15	00 12 24. 36 48
16	03 15. 28 40
17	05. 18 32
18	02. 14 29 46.
19	02 16 32. 46
20	16. 31 43 57.
21	10 31. 46
22	50.

DZIEŃ ŚWIĄTECZNY, ROK SZKOLNY

5	22 50
6	12 25 42 55
7	18 35 50
8	08 28 51
9	09 27 45
10	03 21 39
11	00 15 33 51
12	09 27 45
13	03 21 39 57
14	15 33 51
15	09 27 45
16	03 21 39 57
17	15 36 56
18	12 30 48
19	25 42
20	18 43
21	08 59
22	

WIELKANOC,BOŻE NARODZENIE,NOWY ROK

5	23
6	39
7	17 56
8	40
9	28
10	10 58
11	40
12	22
13	10 56
14	42
15	28
16	14
17	00 50
18	32
19	11
20	36
21	54
22	

