OS.PORĘBA - GRANITOWA - JANA PAWŁA II - ARMII KRAJOWEJ - B. M. CASSINO - WILEŃSKA - GŁĘBOKA - NARUTOWICZA - ZAMOJSKA - FABRYCZNA - ŁĘCZYŃSKA - GOSPODARCZA - MEŁGIEWSKA - MEŁGIEWSKA FS

DZIEŃ POWSZEDNI, ROK SZKOLNY

5	18 27. 36 45. 54 59
6	03 12. 21 30. 44 55
7	04. 13 22. 31 36 40 49. 58
8	07. 17 26 35. 44 54.
9	03 08 12 22. 32 43. 54
10	06 19. 32 45 52 58
11	11. 24 38 52
12	07. 20 33 40 46 59.
13	11 24 36 47. 58
14	08. 17 22 27 36. 45 54.
15	03 12 21. 30 39. 48 53 57
16	06. 15 24. 33 42 51.
17	00 09. 19 24 28 38. 47 57.
18	06 13 23. 34 45. 57
19	04 10. 23 37 52
20	08 23 41.
21	05 30 50
22	09.

SOBOTA, ROK SZKOLNY

5	34 54
6	07 24. 35 45 54
7	07. 19 31 40 51.
8	01 12 21 33. 53
9	04 14 25. 35 46 56
10	07. 17 28 38 49. 59
11	12 24 35. 46 57
12	08 19. 30 41 54
13	05. 17 28 40 51.
14	03 14 28 40. 52
15	04 16 28. 40 52
16	07 19. 32 44
17	09. 22 36
18	05. 17 32 49.
19	05 19 35. 49
20	19. 34 46
21	00. 13 34. 49
22	53.

DZIEŃ ŚWIĄTECZNY, ROK SZKOLNY

5	25 53
6	15 28 45 58
7	22 39 54
8	12 32 55
9	13 31 49
10	07 25 43
11	04 19 37 55
12	13 31 49
13	07 25 43
14	01 19 37 55
15	13 31 49
16	07 25 43
17	01 19 40
18	00 15 33 51
19	28 45
20	21 46
21	11
22	02

WIELKANOC,BOŻE NARODZENIE,NOWY ROK

5	26
6	42
7	21
8	00 44
9	32
10	14
11	02 44
12	26
13	14
14	00 46
15	32
16	18
17	04 54
18	35
19	14
20	39
21	57
22	

