PLAC LITEWSKI - KRAKOWSKIE PRZEDMIEŚCIE - NARUTOWICZA - ZAMOJSKA - FABRYCZNA - DROGA M. MAJDANKA - KRAŃCOWA - AL. WITOSA - DOŚWIADCZALNA - FELIN

DZIEŃ POWSZEDNI, ROK SZKOLNY

5	12 55
6	12 12b 59
7	25 30 54
8	17 40
9	10 54 59
10	20
11	03 09 53 58
12	41
13	02 28 57
14	15b 42
15	04b 30 35
16	00 23
17	05 09 33
18	01 22
19	06 14 30
20	17 38
21	21 25
22	14 27 52

SOBOTA, ROK SZKOLNY

5	
6	08b 11
7	15 51
8	05 42
9	24 59
10	36
11	09
12	05 20 56
13	34
14	25 40
15	31 52
16	21
17	00 36
18	10
19	15 26
20	01 33
21	
22	01

DZIEŃ ŚWIĄTECZNY, ROK SZKOLNY

5	45
6	11
7	15 26
8	05 42
9	24 59
10	36
11	09 44
12	20 56
13	29
14	05 40
15	31 52
16	21
17	00 36
18	10
19	15 26
20	01 33
21	59
22	

WIGILIA I SYLWESTER

5	12 55
6	12 12b 59
7	25 30 54
8	17 40
9	10 54 59
10	20
11	03 09 53 58
12	41
13	02 28 57
14	15b 42
15	04b 30 35
16	00 23
17	05 09 33
18	01 22
19	06 30
20	38
21	
22	

WIELKANOC,BOŻE NARODZENIE,NOWY ROK

5	48
6	53
7	
8	20
9	40
10	50
11	
12	00
13	10
14	20
15	30
16	40
17	50
18	
19	05
20	15
21	15
22	

