ABRAMOWICE  - ABRAMOWICKA - KUNICKIEGO - WOLSKA - FABRYCZNA - ZAMOJSKA - LUBARTOWSKA - OBYWATELSKA - CHODŹKI - CHODŹKI - SZPITAL

DZIEŃ POWSZEDNI, ROK SZKOLNY

5	18 38 58
6	18 40 53
7	13 33 53
8	17 33 53
9	19 40
10	00 20 40
11	00 20 40
12	00 20 40
13	00 20 40
14	00 18 38 58
15	18 38 58
16	18 38 58
17	20 40
18	00 20 40
19	00 20 40
20	00 20 50
21	20 50
22	19 46

SOBOTA, ROK SZKOLNY

5	19 49
6	18 38 58
7	15 33 53
8	13 33 53
9	13 33 53
10	13 33 53
11	13 33 53
12	13 33 53
13	13 33 53
14	13 33 53
15	12 32 52
16	12 32 52
17	12 32 52
18	12 32 52
19	12 32 52
20	20 50
21	20 50
22	19 46

DZIEŃ ŚWIĄTECZNY, ROK SZKOLNY

5	49
6	19 49
7	19 49
8	20 50
9	20 50
10	20 50
11	20 53
12	13 33 53
13	13 33 53
14	13 33 53
15	13 33 53
16	13 33 53
17	13 33 53
18	13 33 53
19	10 33 53
20	12 31 50
21	20 50
22	19 46

WIGILIA I SYLWESTER

5	18 38 58
6	18 40 53
7	13 33 53
8	17 33 53
9	19 40
10	00 20 40
11	00 20 40
12	00 20 40
13	00 20 40
14	00 18 38 58
15	18 38 58
16	18 38 58
17	20 40
18	00 20 40
19	00 20 40
20	00
21	
22	

WIELKANOC,BOŻE NARODZENIE,NOWY ROK

5	
6	31
7	41
8	
9	02
10	17
11	24
12	34
13	44
14	54
15	
16	04
17	14
18	32
19	44
20	57
21	
22	02

