ABRAMOWICE  - ABRAMOWICKA - KUNICKIEGO - WOLSKA - FABRYCZNA - ZAMOJSKA - LUBARTOWSKA - OBYWATELSKA - CHODŹKI - CHODŹKI - SZPITAL

DZIEŃ POWSZEDNI, ROK SZKOLNY

5	08 28 48
6	08 28 40
7	00 20 40
8	04 20 40
9	06 27 47
10	07 27 47
11	07 27 47
12	07 27 47
13	07 27 47
14	03 23 43
15	03 23 43
16	03 23 43
17	07 27 47
18	07 27 47
19	07 27 47
20	09 39
21	09 39
22	09 36

SOBOTA, ROK SZKOLNY

5	09 39
6	08 28 48
7	04 22 42
8	02 22 42
9	02 22 42
10	02 22 42
11	02 22 42
12	02 22 42
13	02 22 42
14	02 22 42
15	01 21 41
16	01 21 41
17	01 21 41
18	01 21 41
19	01 21 41
20	09 39
21	09 39
22	09 36

DZIEŃ ŚWIĄTECZNY, ROK SZKOLNY

5	39
6	09 39
7	09 39
8	09 39
9	09 39
10	09 39
11	09 42
12	02 22 42
13	02 22 42
14	02 22 42
15	02 22 42
16	02 22 42
17	02 22 42
18	02 22 42 59
19	22 42
20	01 20 39
21	09 39
22	09 36

WIGILIA I SYLWESTER

5	08 28 48
6	08 28 40
7	00 20 40
8	04 20 40
9	06 27 47
10	07 27 47
11	07 27 47
12	07 27 47
13	07 27 47
14	03 23 43
15	03 23 43
16	03 23 43
17	07 27 47
18	07 27 47
19	07 27 47
20	
21	
22	

WIELKANOC,BOŻE NARODZENIE,NOWY ROK

5	
6	21
7	31
8	51
9	
10	06
11	13
12	23
13	33
14	43
15	53
16	
17	03
18	21
19	33
20	46
21	51
22	

