ABRAMOWICE  - ABRAMOWICKA - KUNICKIEGO - WOLSKA - FABRYCZNA - ZAMOJSKA - LUBARTOWSKA - OBYWATELSKA - CHODŹKI - CHODŹKI - SZPITAL

DZIEŃ POWSZEDNI, ROK SZKOLNY

5	06 26 46
6	06 26 36 56
7	16 36
8	00 16 36
9	02 23 43
10	03 23 43
11	03 23 43
12	03 23 43
13	03 23 43 59
14	19 39 59
15	19 39 59
16	19 39
17	03 23 43
18	03 23 43
19	03 23 43
20	07 37
21	07 37
22	07 34

SOBOTA, ROK SZKOLNY

5	07 37
6	06 26 46
7	00 18 38 58
8	18 38 58
9	18 38 58
10	18 38 58
11	18 38 58
12	18 38 58
13	18 38 58
14	18 38 57
15	17 37 57
16	17 37 57
17	17 37 57
18	17 37 57
19	17 37
20	07 37
21	07 37
22	07 34

DZIEŃ ŚWIĄTECZNY, ROK SZKOLNY

5	37
6	07 37
7	07 37
8	07 37
9	07 37
10	07 37
11	05 38 58
12	18 38 58
13	18 38 58
14	18 38 58
15	18 38 58
16	18 38 58
17	18 38 58
18	18 38 55
19	18 38 58
20	18 37
21	07 37
22	07 34

WIGILIA I SYLWESTER

5	06 26 46
6	06 26 36 56
7	16 36
8	00 16 36
9	02 23 43
10	03 23 43
11	03 23 43
12	03 23 43
13	03 23 43 59
14	19 39 59
15	19 39 59
16	19 39
17	03 23 43
18	03 23 43
19	03 23 43
20	
21	
22	

WIELKANOC,BOŻE NARODZENIE,NOWY ROK

5	
6	19
7	29
8	49
9	
10	04
11	09
12	19
13	29
14	39
15	49
16	59
17	
18	17
19	29
20	44
21	49
22	

