ABRAMOWICE  - ABRAMOWICKA - KUNICKIEGO - WOLSKA - FABRYCZNA - ZAMOJSKA - LUBARTOWSKA - OBYWATELSKA - CHODŹKI - CHODŹKI - SZPITAL

DZIEŃ POWSZEDNI, ROK SZKOLNY

5	13 33 53
6	13 33 46
7	06 26 46
8	10 26 46
9	12 33 53
10	13 33 53
11	13 33 53
12	13 33 53
13	13 33 53
14	10 30 50
15	10 30 50
16	10 30 50
17	13 33 53
18	13 33 53
19	13 33 53
20	14 44
21	14 44
22	14 41

SOBOTA, ROK SZKOLNY

5	14 44
6	13 33 53
7	09 27 47
8	07 27 47
9	07 27 47
10	07 27 47
11	07 27 47
12	07 27 47
13	07 27 47
14	07 27 47
15	06 26 46
16	06 26 46
17	06 26 46
18	06 26 46
19	06 26 46
20	14 44
21	14 44
22	14 41

DZIEŃ ŚWIĄTECZNY, ROK SZKOLNY

5	44
6	14 44
7	14 44
8	14 44
9	14 44
10	14 44
11	14 47
12	07 27 47
13	07 27 47
14	07 27 47
15	07 27 47
16	07 27 47
17	07 27 47
18	07 27 47
19	04 27 47
20	06 25 44
21	14 44
22	14 41

WIGILIA I SYLWESTER

5	13 33 53
6	13 33 46
7	06 26 46
8	10 26 46
9	12 33 53
10	13 33 53
11	13 33 53
12	13 33 53
13	13 33 53
14	10 30 50
15	10 30 50
16	10 30 50
17	13 33 53
18	13 33 53
19	13 33 53
20	
21	
22	

WIELKANOC,BOŻE NARODZENIE,NOWY ROK

5	
6	26
7	36
8	56
9	
10	11
11	18
12	28
13	38
14	48
15	58
16	
17	08
18	26
19	38
20	51
21	56
22	

