ABRAMOWICE  - ABRAMOWICKA - KUNICKIEGO - WOLSKA - FABRYCZNA - ZAMOJSKA - LUBARTOWSKA - OBYWATELSKA - CHODŹKI - CHODŹKI - SZPITAL

DZIEŃ POWSZEDNI, ROK SZKOLNY

5	15 35 55
6	15 37 50
7	10 30 50
8	14 30 50
9	16 37 57
10	17 37 57
11	17 37 57
12	17 37 57
13	17 37 57
14	14 34 54
15	14 34 54
16	14 34 54
17	17 37 57
18	17 37 57
19	17 37 57
20	17 47
21	17 47
22	16 43

SOBOTA, ROK SZKOLNY

5	16 46
6	15 35 55
7	12 30 50
8	10 30 50
9	10 30 50
10	10 30 50
11	10 30 50
12	10 30 50
13	10 30 50
14	10 30 50
15	09 29 49
16	09 29 49
17	09 29 49
18	09 29 49
19	09 29 49
20	17 47
21	17 47
22	16 43

DZIEŃ ŚWIĄTECZNY, ROK SZKOLNY

5	46
6	16 46
7	16 46
8	17 47
9	17 47
10	17 47
11	17 50
12	10 30 50
13	10 30 50
14	10 30 50
15	10 30 50
16	10 30 50
17	10 30 50
18	10 30 50
19	07 30 50
20	09 28 47
21	17 47
22	16 43

WIGILIA I SYLWESTER

5	15 35 55
6	15 37 50
7	10 30 50
8	14 30 50
9	16 37 57
10	17 37 57
11	17 37 57
12	17 37 57
13	17 37 57
14	14 34 54
15	14 34 54
16	14 34 54
17	17 37 57
18	17 37 57
19	17 37 57
20	
21	
22	

WIELKANOC,BOŻE NARODZENIE,NOWY ROK

5	
6	28
7	38
8	59
9	
10	14
11	21
12	31
13	41
14	51
15	
16	01
17	11
18	29
19	41
20	54
21	59
22	

