ABRAMOWICE  - ABRAMOWICKA - KUNICKIEGO - WOLSKA - FABRYCZNA - ZAMOJSKA - LUBARTOWSKA - OBYWATELSKA - CHODŹKI - CHODŹKI - SZPITAL

DZIEŃ POWSZEDNI, ROK SZKOLNY

5	11 31 51
6	11 31 44
7	04 24 44
8	08 24 44
9	10 31 51
10	11 31 51
11	11 31 51
12	11 31 51
13	11 31 51
14	08 28 48
15	08 28 48
16	08 28 48
17	11 31 51
18	11 31 51
19	11 31 51
20	12 42
21	12 42
22	12 39

SOBOTA, ROK SZKOLNY

5	12 42
6	11 31 51
7	07 25 45
8	05 25 45
9	05 25 45
10	05 25 45
11	05 25 45
12	05 25 45
13	05 25 45
14	05 25 45
15	04 24 44
16	04 24 44
17	04 24 44
18	04 24 44
19	04 24 44
20	12 42
21	12 42
22	12 39

DZIEŃ ŚWIĄTECZNY, ROK SZKOLNY

5	42
6	12 42
7	12 42
8	12 42
9	12 42
10	12 42
11	12 45
12	05 25 45
13	05 25 45
14	05 25 45
15	05 25 45
16	05 25 45
17	05 25 45
18	05 25 45
19	02 25 45
20	04 23 42
21	12 42
22	12 39

WIGILIA I SYLWESTER

5	11 31 51
6	11 31 44
7	04 24 44
8	08 24 44
9	10 31 51
10	11 31 51
11	11 31 51
12	11 31 51
13	11 31 51
14	08 28 48
15	08 28 48
16	08 28 48
17	11 31 51
18	11 31 51
19	11 31 51
20	
21	
22	

WIELKANOC,BOŻE NARODZENIE,NOWY ROK

5	
6	24
7	34
8	54
9	
10	09
11	16
12	26
13	36
14	46
15	56
16	
17	06
18	24
19	36
20	49
21	54
22	

