MAJDANEK - DROGA M. MAJDANKA - FABRYCZNA - ZAMOJSKA - LUBARTOWSKA - OBYWATELSKA - CHODŹKI - CHODŹKI - SZPITAL

DZIEŃ POWSZEDNI, ROK SZKOLNY

5	10 30 50
6	10 26 45
7	05 25 45
8	05 25 45
9	10 30 50
10	10 30 50
11	10 30 50
12	10 30 50
13	10 30 48
14	06 26 46
15	06 26 46
16	06 26 46
17	10 30 50
18	10 30 50
19	10 30 50
20	20 50
21	20 50
22	16

SOBOTA, ROK SZKOLNY

5	20 50
6	10 30 50
7	06 26 46 56
8	06 26 46
9	06 26 46
10	06 26 46
11	06 26 46
12	06 26 46
13	06 26 46
14	06 26 46
15	06 26 46
16	06 26 46
17	06 26 46
18	06 26 46
19	06 26 46
20	20 50
21	20 50
22	16

DZIEŃ ŚWIĄTECZNY, ROK SZKOLNY

5	20 50
6	20 50
7	20 50
8	20 50
9	20 50
10	20 50
11	07 26 46
12	06 26 46
13	06 26 46
14	06 26 46
15	06 26 46
16	06 26 46
17	06 26 46
18	06 26 46
19	06 26 46
20	20 50
21	20 50
22	16

WSZYSTKICH ŚWIĘTYCH

5	20 50
6	20 50
7	20 50
8	20 35 50
9	05 20 35 50
10	05 20 35 50
11	07 16 26 36 46 56
12	06 16 26 36 46 56
13	06 16 26 36 46 56
14	06 16 26 36 46 56
15	06 16 26 36 46 56
16	06 16 26 36 46
17	06 26 46 56
18	06 26 46
19	06 26 46
20	20 50
21	20 50
22	16

WIGILIA I SYLWESTER

5	10 30 50
6	10 26 45
7	05 25 45
8	05 25 45
9	10 30 50
10	10 30 50
11	10 30 50
12	10 30 50
13	10 30 48
14	06 26 46
15	06 26 46
16	06 26 46
17	10 30 50
18	10 30
19	10
20	
21	
22	

WIELKANOC,BOŻE NARODZENIE,NOWY ROK

5	
6	51
7	
8	01
9	21
10	26
11	36
12	51
13	
14	01
15	11
16	21
17	41
18	51
19	
20	01
21	06
22	16

