MAJDANEK - DROGA M. MAJDANKA - FABRYCZNA - ZAMOJSKA - LUBARTOWSKA - OBYWATELSKA - CHODŹKI - CHODŹKI - SZPITAL

DZIEŃ POWSZEDNI, ROK SZKOLNY

5	15 35 55
6	15 31 52
7	12 32 52
8	12 32 52
9	17 37 57
10	17 37 57
11	17 37 57
12	17 37 57
13	17 37 55
14	14 34 54
15	14 34 54
16	14 34 54
17	17 37 57
18	17 37 57
19	17 37 57
20	25 55
21	25 55
22	21

SOBOTA, ROK SZKOLNY

5	25 55
6	15 35 55
7	11 31 51
8	01 11 31 51
9	11 31 51
10	11 31 51
11	12 32 52
12	12 32 52
13	12 32 52
14	12 32 52
15	11 31 51
16	11 31 51
17	11 31 51
18	11 31 51
19	11 31 51
20	25 55
21	25 55
22	21

DZIEŃ ŚWIĄTECZNY, ROK SZKOLNY

5	25 55
6	25 55
7	25 55
8	25 55
9	25 55
10	25 55
11	13 32 52
12	12 32 52
13	12 32 52
14	12 32 52
15	12 32 52
16	11 31 51
17	11 31 51
18	11 31 51
19	11 31 51
20	25 55
21	25 55
22	21

WSZYSTKICH ŚWIĘTYCH

5	25 55
6	25 55
7	25 55
8	25 40 55
9	10 25 40 55
10	10 25 40 55
11	13 22 32 42 52
12	02 12 22 32 42 52
13	02 12 22 32 42 52
14	02 12 22 32 42 52
15	02 12 22 32 42 52
16	02 11 21 31 41 51
17	11 31 51
18	01 11 31 51
19	11 31 51
20	25 55
21	25 55
22	21

WIGILIA I SYLWESTER

5	15 35 55
6	15 31 52
7	12 32 52
8	12 32 52
9	17 37 57
10	17 37 57
11	17 37 57
12	17 37 57
13	17 37 55
14	14 34 54
15	14 34 54
16	14 34 54
17	17 37 57
18	17 37
19	17
20	
21	
22	

WIELKANOC,BOŻE NARODZENIE,NOWY ROK

5	
6	56
7	
8	06
9	26
10	31
11	42
12	57
13	
14	07
15	17
16	26
17	46
18	56
19	
20	06
21	11
22	21

