MAJDANEK - DROGA M. MAJDANKA - FABRYCZNA - ZAMOJSKA - LUBARTOWSKA - OBYWATELSKA - CHODŹKI - CHODŹKI - SZPITAL

DZIEŃ POWSZEDNI, ROK SZKOLNY

5	20 40
6	00 20 37 58
7	18 38 58
8	18 38 58
9	23 43
10	03 23 43
11	03 23 43
12	03 23 43
13	03 23 43
14	01 21 41
15	01 21 41
16	01 21 41
17	01 23 43
18	03 23 43
19	03 23 43
20	03 30
21	00 30
22	00 26

SOBOTA, ROK SZKOLNY

5	30
6	00 20 40
7	00 16 36 56
8	06 16 36 56
9	16 36 56
10	16 36 56
11	17 37 57
12	17 37 57
13	17 37 57
14	17 37 57
15	16 36 56
16	16 36 56
17	16 36 56
18	16 36 56
19	16 36 56
20	30
21	00 30
22	00 26

DZIEŃ ŚWIĄTECZNY, ROK SZKOLNY

5	30
6	00 30
7	00 30
8	00 30
9	00 30
10	00 30
11	00 18 37 57
12	17 37 57
13	17 37 57
14	17 37 57
15	17 37 57
16	16 36 56
17	16 36 56
18	16 36 56
19	16 36 56
20	30
21	00 30
22	00 26

WSZYSTKICH ŚWIĘTYCH

5	30
6	00 30
7	00 30
8	00 30 45
9	00 15 30 45
10	00 15 30 45
11	00 18 27 37 47 57
12	07 17 27 37 47 57
13	07 17 27 37 47 57
14	07 17 27 37 47 57
15	07 17 27 37 47 57
16	07 16 26 36 46 56
17	16 36 56
18	06 16 36 56
19	16 36 56
20	30
21	00 30
22	00 26

WIGILIA I SYLWESTER

5	20 40
6	00 20 37 58
7	18 38 58
8	18 38 58
9	23 43
10	03 23 43
11	03 23 43
12	03 23 43
13	03 23 43
14	01 21 41
15	01 21 41
16	01 21 41
17	01 23 43
18	03 23 43
19	23
20	
21	
22	

WIELKANOC,BOŻE NARODZENIE,NOWY ROK

5	
6	
7	01
8	11
9	31
10	36
11	47
12	
13	02
14	12
15	22
16	31
17	51
18	
19	01
20	11
21	16
22	26

