MAJDANEK - DROGA M. MAJDANKA - FABRYCZNA - ZAMOJSKA - LUBARTOWSKA - OBYWATELSKA - CHODŹKI - CHODŹKI - SZPITAL

DZIEŃ POWSZEDNI, ROK SZKOLNY

5	24 44
6	04 24 43
7	04 24 44
8	04 24 44
9	04 29 49
10	09 29 49
11	09 29 49
12	09 29 49
13	09 29 49
14	08 28 48
15	08 28 48
16	08 28 48
17	07 29 49
18	09 29 49
19	09 29 49
20	08 35
21	05 35
22	04 30

SOBOTA, ROK SZKOLNY

5	34
6	04 24 44
7	05 21 41
8	01 11 21 41
9	01 21 41
10	01 21 41
11	01 22 42
12	02 22 42
13	02 22 42
14	02 22 42
15	02 21 41
16	01 21 41
17	01 21 41
18	01 21 41
19	01 21 41
20	01 35
21	05 35
22	04 30

DZIEŃ ŚWIĄTECZNY, ROK SZKOLNY

5	34
6	04 34
7	04 34
8	05 35
9	05 35
10	05 35
11	05 23 42
12	02 22 42
13	02 22 42
14	02 22 42
15	02 22 42
16	02 21 41
17	01 21 41
18	01 21 41
19	01 21 41
20	01 35
21	05 35
22	04 30

WSZYSTKICH ŚWIĘTYCH

5	34
6	04 34
7	04 34
8	05 35 50
9	05 20 35 50
10	05 20 35 50
11	05 23 32 42 52
12	02 12 22 32 42 52
13	02 12 22 32 42 52
14	02 12 22 32 42 52
15	02 12 22 32 42 52
16	02 12 21 31 41 51
17	01 21 41
18	01 11 21 41
19	01 21 41
20	01 35
21	05 35
22	04 30

WIGILIA I SYLWESTER

5	24 44
6	04 24 43
7	04 24 44
8	04 24 44
9	04 29 49
10	09 29 49
11	09 29 49
12	09 29 49
13	09 29 49
14	08 28 48
15	08 28 48
16	08 28 48
17	07 29 49
18	09 29 49
19	29
20	
21	
22	

WIELKANOC,BOŻE NARODZENIE,NOWY ROK

5	
6	
7	05
8	16
9	36
10	41
11	52
12	
13	07
14	17
15	27
16	36
17	56
18	
19	06
20	16
21	21
22	30

