MAJDANEK - DROGA M. MAJDANKA - FABRYCZNA - ZAMOJSKA - LUBARTOWSKA - OBYWATELSKA - CHODŹKI - CHODŹKI - SZPITAL

DZIEŃ POWSZEDNI, ROK SZKOLNY

5	18 38 58
6	18 35 56
7	16 36 56
8	16 36 56
9	21 41
10	01 21 41
11	01 21 41
12	01 21 41
13	01 21 41 59
14	19 39 59
15	19 39 59
16	19 39 59
17	21 41
18	01 21 41
19	01 21 41
20	01 28 58
21	28 58
22	24

SOBOTA, ROK SZKOLNY

5	28 58
6	18 38 58
7	14 34 54
8	04 14 34 54
9	14 34 54
10	14 34 54
11	15 35 55
12	15 35 55
13	15 35 55
14	15 35 55
15	14 34 54
16	14 34 54
17	14 34 54
18	14 34 54
19	14 34 54
20	28 58
21	28 58
22	24

DZIEŃ ŚWIĄTECZNY, ROK SZKOLNY

5	28 58
6	28 58
7	28 58
8	28 58
9	28 58
10	28 58
11	16 35 55
12	15 35 55
13	15 35 55
14	15 35 55
15	15 35 55
16	14 34 54
17	14 34 54
18	14 34 54
19	14 34 54
20	28 58
21	28 58
22	24

WSZYSTKICH ŚWIĘTYCH

5	28 58
6	28 58
7	28 58
8	28 43 58
9	13 28 43 58
10	13 28 43 58
11	16 25 35 45 55
12	05 15 25 35 45 55
13	05 15 25 35 45 55
14	05 15 25 35 45 55
15	05 15 25 35 45 55
16	05 14 24 34 44 54
17	14 34 54
18	04 14 34 54
19	14 34 54
20	28 58
21	28 58
22	24

WIGILIA I SYLWESTER

5	18 38 58
6	18 35 56
7	16 36 56
8	16 36 56
9	21 41
10	01 21 41
11	01 21 41
12	01 21 41
13	01 21 41 59
14	19 39 59
15	19 39 59
16	19 39 59
17	21 41
18	01 21 41
19	21
20	
21	
22	

WIELKANOC,BOŻE NARODZENIE,NOWY ROK

5	
6	59
7	
8	09
9	29
10	34
11	45
12	
13	00
14	10
15	20
16	29
17	49
18	59
19	
20	09
21	14
22	24

